target_id	length	eff_length	est_counts	tpm
AT1G19090.1	2509	2310	0	0
AT1G18320.1	699	500	3.03976	1.98659
AT5G11100.1	1709	1510	11	2.38042
AT4G35335.1	1280	1081	83	25.0894
AT1G60930.1	3876	3677	24	2.13283
AT1G17000.1	2351	2152	0	0
AT3G55270.1	3130	2931	215	23.9696
AT4G16150.1	3181	2982	226	24.765
AT3G18150.1	1370	1171	0	0
AT3G52310.1	2443	2244	17	2.47551
AT3G08943.1	3165	2966	358.375	39.4825
AT4G15950.1	814	615	18	9.56392
AT5G60900.1	2873	2674	9	1.09981
AT5G18710.1	1919	1720	2	0.379962
AT1G64460.1	2240	2041	57	9.12578
AT2G31100.1	1247	1048	3	0.935402
AT1G60260.1	1634	1435	48	10.9302
AT2G06210.1	3579	3380	179	17.3051
AT3G57180.1	2232	2033	78	12.5371
ATMG01320.1	922	723	1	0.45196
AT4G15130.1	1234	1035	38	11.9972
AT5G39100.1	808	609	0	0
AT4G16110.1	2666	2467	93	12.3183
AT5G26800.1	637	438	49	36.5561
AT4G16360.1	1685	1486	231	50.7962
ATMG00060.1	542	343	2	1.90535
AT1G76820.1	3857	3658	20.3507	1.81792
AT3G05780.1	2775	2576	1	0.126851
AT1G24405.1	718	519	3	1.88883
AT2G27490.4	843	644	15.3969	7.81245
AT2G27490.1	1367	1168	15.603	4.3652
AT2G27490.3	1201	1002	0	0
AT2G27490.2	1381	1182	1.78949e-05	4.9471e-06
AT3G13276.1	269	70.019	0	0
AT1G71740.1	393	194	5	8.42183
AT1G52920.1	1351	1152	2	0.567304
AT2G17370.1	2273	2074	76	11.9741
AT4G13615.1	813	614	370	196.912
AT3G46680.1	1350	1151	2	0.567797
AT1G70830.3	996	797	8.16841	3.34902
AT1G70830.2	1329	1130	0	0
AT1G70830.5	787	588	0	0
AT1G70830.4	1393	1194	24.8611	6.80385
AT1G70830.1	1331	1132	254.332	73.4162
AT2G34090.3	1458	1259	0	0
AT2G34090.2	1616	1417	0	0
AT2G34090.1	1700	1501	10.9164	2.37649
AT2G34090.4	1521	1322	0	0
AT2G34090.5	1425	1226	11.0836	2.95413
AT1G65541.1	340	141	0	0
AT2G01050.1	1548	1349	0	0
AT2G07751.1	357	158	0	0
AT4G20565.1	789	590	0	0
AT1G61566.1	551	352	0	0
AT4G29530.2	1148	949	0	0
AT4G29530.1	1144	945	13	4.49521
AT5G09225.1	780	581	53	29.8084
AT1G21100.1	1545	1346	10.0395	2.43727
AT1G73150.1	2150	1951	26	4.35466
AT1G73150.2	1956	1757	0	0
AT3G51750.3	654	455	2.35652	1.69238
AT3G51750.1	563	364	0.000272498	0.000244624
AT3G51750.2	560	361	3.6432	3.29773
AT1G07010.1	1622	1423	258.727	59.4122
AT1G07010.2	1556	1357	70.273	16.9218
AT1G07010.3	1542	1343	0	0
AT1G32080.1	2009	1810	1176	212.308
AT1G16710.5	6346	6147	0	0
AT1G16710.7	5822	5623	101.48	5.8973
AT1G16710.1	6018	5819	77.3184	4.34183
AT1G16710.4	6502	6303	0	0
AT1G16710.8	6455	6256	0.334442	0.0174688
AT1G16710.10	6023	5824	0	0
AT1G16710.6	6107	5908	0	0
AT1G16710.3	6619	6420	0	0
AT1G16710.9	6549	6350	44.8667	2.30881
AT1G16710.2	5783	5584	0	0
AT1G07590.1	2407	2208	3251.65	481.219
AT5G49170.1	1172	973	13	4.36585
AT2G40240.1	1614	1415	9	2.07838
AT4G30380.2	537	338	0	0
AT4G30380.1	486	287	0	0
AT2G20619.1	201	17.0167	0	0
AT3G05830.2	1420	1221	19.2073	5.14031
AT3G05830.1	1358	1159	17.7927	5.01645
AT3G05830.3	1524	1325	0	0
AT5G11430.6	3634	3435	0	0
AT5G11430.2	2601	2402	4.9958	0.679627
AT5G11430.4	2791	2592	0	0
AT5G11430.3	3322	3123	0	0
AT5G11430.5	2373	2174	0	0
AT5G11430.1	3147	2948	111.971	12.4113
AT1G20530.1	2269	2070	3	0.473576
AT4G23170.1	1824	1625	12.9434	2.60276
AT1G44780.2	1644	1445	0	0
AT1G44780.1	1647	1448	25	5.6417
AT1G60880.1	606	407	0	0
AT1G06160.1	1086	887	1	0.368396
AT3G07260.1	1204	1005	2.40279	0.781245
AT1G21090.1	1404	1205	56	15.1859
AT1G21090.2	1416	1217	0	0
AT1G76730.1	1500	1301	116	29.1353
AT1G03970.1	1190	991	35	11.5407
AT5G19160.1	2182	1983	13	2.14219
AT5G19160.2	2242	2043	0	0
AT3G49744.1	174	9.99669	0	0
AT5G28820.1	519	320	0	0
AT4G12530.1	730	531	0	0
AT4G20050.1	1924	1725	0	0
AT4G20050.5	1742	1543	0	0
AT4G20050.3	1800	1601	0	0
AT4G20050.2	1873	1674	0	0
AT4G20050.6	1732	1533	4.44063e-08	9.46543e-09
AT4G20050.7	1707	1508	7	1.51682
AT4G20050.4	1981	1782	0	0
AT5G53810.1	1574	1375	4	0.950595
AT2G28690.1	1117	918	10	3.55955
AT5G01530.1	1396	1197	9777	2669.01
AT3G62800.3	1283	1084	0	0
AT3G62800.1	1368	1169	43	12.0197
AT3G62800.2	1297	1098	0	0
ATCG00900.1	468	269	4	4.85899
AT3G11385.1	2459	2260	4	0.578349
AT5G07010.1	1779	1580	22	4.54992
AT3G63040.1	654	455	0	0
AT2G26570.2	2921	2722	0	0
AT2G26570.1	2941	2742	245	29.1969
AT3G05560.2	756	557	0.562758	0.330145
AT3G05560.3	841	642	302.48	153.957
AT3G05560.1	840	641	843.957	430.23
AT5G12080.3	2694	2495	49.8335	6.52664
AT5G12080.2	2805	2606	0	0
AT5G12080.1	2754	2555	85.1665	10.8922
AT1G50870.1	1191	992	0	0
AT2G20610.2	1748	1549	80.4324	16.9675
AT2G20610.1	1794	1595	358.568	73.4596
AT5G02940.2	2792	2593	55.4438	6.98697
AT5G02940.1	2920	2721	111.556	13.3969
AT1G68430.1	945	746	6	2.62815
AT1G66550.2	856	657	0	0
AT1G66550.1	765	566	0	0
AT1G09380.1	1641	1442	2	0.453214
AT3G48840.1	757	558	0	0
AT3G48840.2	667	468	0	0
AT5G61800.1	1629	1430	7	1.59956
AT5G01445.1	589	390	5	4.18932
AT4G35500.1	1975	1776	10.5401	1.93927
AT4G35500.2	1638	1439	25.4599	5.78143
AT1G80310.1	1937	1738	75	14.101
AT2G39400.2	1307	1108	0	0
AT2G39400.1	1394	1195	11	3.0079
AT4G04990.1	1217	1018	9	2.8889
AT3G60530.1	1465	1266	112	28.9083
AT2G46180.1	2540	2341	78	10.8876
AT2G22270.1	1398	1199	5.35268	1.45878
AT2G22270.2	1174	975	15.6473	5.24413
AT2G43660.1	471	272	0	0
AT2G43660.2	597	398	0	0
AT1G03910.2	2466	2267	0	0
AT1G03910.1	2565	2366	231	31.9033
AT1G77590.1	2692	2493	240.986	31.587
AT1G77590.2	2669	2470	0.0140143	0.00185401
AT1G79020.1	2134	1935	55	9.28795
AT5G24420.1	1321	1122	21	6.11596
AT5G39490.1	1701	1502	0	0
AT3G26922.2	1894	1695	0	0
AT3G26922.1	1793	1594	27	5.53495
AT3G26922.4	1661	1462	0	0
AT3G26922.5	1642	1443	0	0
AT3G26922.3	1711	1512	0	0
AT3G50450.1	926	727	1	0.449473
AT3G17160.1	882	683	122	58.3684
AT1G34315.1	819	620	3	1.58113
AT5G08580.2	1818	1619	0	0
AT5G08580.1	1736	1537	75	15.945
AT2G28360.1	3032	2833	78	8.99677
AT4G25000.1	1606	1407	3	0.696732
AT5G27410.4	1734	1535	30.1918	6.42716
AT5G27410.1	2156	1957	0	0
AT5G27410.3	2229	2030	32.8076	5.28101
AT5G27410.2	3153	2954	0.000854358	9.45078e-05
AT5G65200.1	1982	1783	28	5.13151
AT5G23535.1	1015	816	81.999	32.8365
AT5G23535.2	830	631	0.00102177	0.000529128
AT1G05230.1	3520	3321	0	0
AT1G05230.5	3644	3445	0	0
AT1G05230.12	2134	1935	0	0
AT1G05230.6	3553	3354	0	0
AT1G05230.2	2983	2784	25.316	2.97142
AT1G05230.11	2424	2225	0	0
AT1G05230.3	2678	2479	66.1625	8.72115
AT1G05230.7	3526	3327	0	0
AT1G05230.10	2557	2358	0	0
AT1G05230.9	3140	2941	0	0
AT1G05230.4	2974	2775	0	0
AT1G05230.8	3231	3032	3.52146	0.379517
AT1G79830.1	3669	3470	0.876175	0.0825087
AT1G79830.3	3588	3389	68.3211	6.58752
AT1G79830.2	3278	3079	287.086	30.4677
AT1G79830.4	3547	3348	1.3402e-07	1.30804e-08
AT1G79830.5	3718	3519	73.717	6.84521
AT5G09480.1	840	641	55	28.0377
AT5G56480.1	409	210	0	0
AT5G60820.1	1648	1449	28	6.31434
AT5G55820.7	5630	5431	1.07144	0.0644651
AT5G55820.5	5831	5632	0	0
AT5G55820.8	5630	5431	4.91874e-07	2.95946e-08
AT5G55820.10	5271	5072	1.1171e-05	7.19702e-07
AT5G55820.4	5292	5093	9.72941e-08	6.24239e-09
AT5G55820.9	5896	5697	0	0
AT5G55820.2	5622	5423	5.81987	0.350681
AT5G55820.11	5449	5250	0	0
AT5G55820.3	5610	5411	74.0236	4.47024
AT5G55820.6	5642	5443	0.0850299	0.00510472
AT5G55820.1	5481	5282	0	0
AT5G44950.1	1317	1118	0	0
AT4G31140.1	2171	1972	89	14.7476
AT4G35910.1	2164	1965	86	14.3013
AT3G56220.2	541	342	13.1209	12.5365
AT3G56220.1	905	706	3.87912	1.79542
AT2G19970.1	926	727	55	24.721
AT5G54520.1	1864	1665	14	2.74759
AT2G04032.1	1403	1204	7	1.89981
AT5G03455.1	704	505	76	49.1768
AT5G03455.2	1006	807	0	0
AT1G48140.2	563	364	11.8	10.593
AT1G48140.1	743	544	27.2	16.3384
AT4G15050.1	1191	992	0	0
ATCG00420.1	477	278	8	9.40337
AT5G30360.1	420	221	0	0
AT2G32600.1	1301	1102	129	38.2513
AT2G41010.1	1250	1051	38	11.8146
AT5G07170.2	1274	1075	0	0
AT5G07170.1	1612	1413	0	0
AT5G32670.1	700	501	0	0
AT1G60250.1	756	557	0	0
AT4G09012.1	1175	976	2	0.669605
AT3G26355.1	64	3.36374	0	0
AT5G02710.1	1195	996	96.7116	31.7291
AT5G02710.2	1778	1579	10.2884	2.12914
AT5G02710.3	1348	1149	0	0
AT4G10110.1	836	637	41	21.0321
AT5G13900.1	754	555	9	5.29893
AT5G16380.1	1108	909	6	2.15688
AT5G40630.1	937	738	7	3.09942
AT1G55670.1	780	581	4381.63	2464.32
AT5G66940.1	897	698	17	7.95851
AT3G06520.1	1598	1399	0	0
AT3G06520.2	1668	1469	6	1.33465
AT3G52870.1	1811	1612	360	72.9753
AT3G02900.2	759	560	0	0
AT3G02900.1	852	653	131	65.5536
AT1G31520.1	399	200	0	0
AT5G57660.1	1564	1365	393	94.0802
AT3G09110.1	1666	1467	0	0
AT4G23690.1	1139	940	58	20.1622
AT1G05035.1	363	164	0	0
AT5G45700.1	1180	981	46	15.3224
AT5G40410.1	1981	1782	5	0.916855
AT3G06580.1	2012	1813	152	27.3958
AT3G14920.1	2536	2337	95	13.2832
AT1G77610.1	1617	1418	194	44.7058
AT1G19170.1	1827	1628	46	9.23298
AT2G20740.1	1179	980	44.1803	14.7313
AT2G20740.2	935	736	1.41664	0.628956
AT2G20740.3	815	616	5.40307	2.86614
AT3G26940.1	1793	1594	0	0
AT4G27150.1	735	536	1	0.60964
AT2G26000.1	1672	1473	0	0
AT2G26000.2	1892	1693	17.2325	3.32606
AT2G26000.3	2370	2171	3.7675	0.567063
AT5G38743.1	183	11.741	0	0
AT4G15210.4	2461	2262	0	0
AT4G15210.1	2066	1867	0	0
AT4G15210.3	2291	2092	0	0
AT4G15210.2	1890	1691	0	0
AT1G29070.1	819	620	1028	541.801
AT4G27570.1	1655	1456	2.52608	0.566923
AT5G65560.3	3618	3419	45.4999	4.3486
AT5G65560.2	3697	3498	0	0
AT5G65560.1	3623	3424	8.50014	0.811205
AT1G04170.1	1860	1661	537	105.644
AT1G04170.2	2026	1827	0	0
ATCG00905.1	258	59.1108	3	16.5841
AT1G29250.1	795	596	146	80.047
AT3G51050.1	2543	2344	213	29.6934
AT5G23060.2	1608	1409	42.2946	9.80873
AT5G23060.1	1529	1330	1274.71	313.182
AT4G14770.2	3098	2899	0	0
AT4G14770.1	3064	2865	140.295	16.0013
AT4G14770.3	3072	2873	0	0
AT3G44140.1	216	24.1385	0	0
AT1G14630.2	1186	987	5.94578	1.96848
AT1G14630.1	1020	821	16.0542	6.38976
AT3G21480.1	3503	3304	60	5.93403
AT3G58760.4	1979	1780	0	0
AT3G58760.5	1946	1747	8.42752	1.57632
AT3G58760.2	2050	1851	0	0
AT3G58760.6	1827	1628	22.5766	4.5315
AT3G58760.3	2017	1818	0	0
AT3G58760.1	1839	1640	34.9959	6.97288
AT2G03390.1	1459	1260	83.0104	21.5278
AT2G03390.6	1475	1276	0	0
AT2G03390.3	1546	1347	13.2426	3.21251
AT2G03390.2	1210	1011	81.4606	26.329
AT2G03390.7	1166	967	0	0
AT2G03390.4	1497	1298	0	0
AT2G03390.5	1476	1277	14.2864	3.65569
AT2G23093.2	1653	1454	0	0
AT2G23093.1	1834	1635	15	2.99786
AT1G62600.1	1548	1349	96.0305	23.2614
AT1G62600.2	1253	1054	13.4792	4.17888
AT3G54925.1	546	347	0	0
AT4G29550.3	1296	1097	0	0
AT4G29550.1	1236	1037	0	0
AT4G29550.2	1382	1183	0	0
AT5G02280.1	661	462	64	45.2664
AT2G36080.2	1783	1584	0	0
AT2G36080.4	1695	1496	5.28454	1.15429
AT2G36080.1	1311	1112	26.1175	7.67475
AT2G36080.3	2143	1944	10.598	1.78142
AT5G40830.2	1808	1609	0	0
AT5G40830.3	1497	1298	0	0
AT5G40830.1	1706	1507	112.694	24.4358
AT3G58110.1	2818	2619	181.782	22.6805
AT3G58110.2	2618	2419	17.6284	2.38131
AT2G46900.1	2280	2081	134	21.0412
AT3G13440.2	1065	866	0	0
AT3G13440.1	2047	1848	173	30.5902
AT3G13440.3	969	770	0	0
AT5G08370.1	1572	1373	36.4513	8.67523
AT5G08370.2	1459	1260	25.5487	6.62577
AT5G02720.1	729	530	0	0
AT5G02720.2	987	788	0	0
AT3G44750.2	1057	858	178.061	67.8141
AT3G44750.1	1418	1219	124.939	33.4914
AT4G13020.7	2169	1970	79.129	13.1253
AT4G13020.8	1927	1728	0	0
AT4G13020.1	2261	2062	5.1377e-08	8.14176e-09
AT4G13020.2	1864	1665	34.0484	6.68221
AT4G13020.4	2094	1895	72.861	12.5639
AT4G13020.6	2169	1970	47.6857	7.90971
AT4G13020.5	1887	1688	37.2759	7.21596
AT4G13020.3	1867	1668	0	0
AT1G23530.1	1139	940	23	7.99537
AT4G28710.1	5230	5031	184	11.9509
AT1G30795.1	713	514	0	0
AT3G30841.2	1817	1618	0	0
AT3G30841.1	1760	1561	36	7.53595
AT2G03667.2	2158	1959	0	0
AT2G03667.1	2081	1882	28	4.86157
AT1G34770.3	1075	876	0	0
AT1G34770.6	687	488	0	0
AT1G34770.2	1103	904	0	0
AT1G34770.4	940	741	0	0
AT1G34770.5	744	545	0	0
AT1G34770.1	1029	830	23	9.05499
AT3G43240.1	2952	2753	146	17.3295
AT1G79620.2	3366	3167	0	0
AT1G79620.3	3364	3165	0	0
AT1G79620.5	3284	3085	30.9872	3.2822
AT1G79620.4	3380	3181	0	0
AT1G79620.1	3305	3106	0.0128484	0.00135172
AT2G24820.1	1825	1626	349	70.1364
AT4G33620.1	2526	2327	20	2.80848
AT5G49310.1	1786	1587	0	0
AT1G29810.1	948	749	25.1061	10.9531
AT1G29810.2	590	391	3.89385	3.25418
AT4G28930.1	528	329	0	0
AT1G17470.2	1522	1323	0.0663052	0.0163767
AT1G17470.1	1602	1403	402.93	93.8449
AT1G34380.1	1380	1181	0	0
AT1G34380.3	1048	849	0	0
AT1G34380.2	1277	1078	19	5.75935
AT5G36240.1	765	566	0	0
AT2G20120.1	1259	1060	37.8571	11.6703
AT2G20120.2	1203	1004	58.4874	19.0356
AT5G47670.3	1182	983	0	0
AT5G47670.1	1053	854	0	0
AT5G47670.2	1087	888	0	0
AT5G04070.1	1501	1302	30	7.5292
AT2G30690.2	2997	2798	0	0
AT2G30690.1	2896	2697	1	0.121159
AT1G11785.1	643	444	0	0
AT1G27580.1	1221	1022	0	0
AT2G43850.1	1973	1774	6.0967	1.123
AT2G43850.3	1703	1504	5.72976	1.24488
AT2G43850.2	1835	1636	28.1735	5.62725
AT4G18130.1	3912	3713	231	20.3294
AT1G23870.1	2973	2774	77	9.07032
AT3G49560.1	1227	1028	231	73.4272
AT5G36490.1	357	158	0	0
AT5G46030.2	926	727	0	0
AT5G46030.1	886	687	110	52.3208
AT5G46030.3	915	716	0	0
AT5G09650.1	1181	982	957	318.448
AT2G43000.1	1040	841	2	0.777092
AT2G43000.2	1375	1176	0	0
AT1G52040.1	1751	1552	5	1.05273
AT3G05858.1	629	430	2	1.51985
AT5G60860.1	1046	847	55	21.2186
AT5G54035.1	258	59.1108	0.821452	4.54102
AT1G07901.1	153	7.28986	0	0
AT4G10220.1	1203	1004	0	0
AT3G23790.1	2716	2517	39	5.06314
AT4G02075.2	1476	1277	7.21872	1.84717
AT4G02075.3	1357	1158	1.24752	0.352029
AT4G02075.1	973	774	12.5338	5.2915
AT5G36190.1	438	239	0	0
AT1G52650.1	1398	1199	2	0.545066
AT1G26750.1	809	610	73	39.1049
AT5G14980.1	984	785	0	0
AT5G50150.1	1846	1647	90	17.8561
AT2G15020.1	2088	1889	329	56.9118
AT3G45070.3	1093	894	0	0
AT3G45070.2	1211	1012	7.02778	2.26922
AT3G45070.1	1067	868	12.8853	4.85079
AT4G22590.1	1763	1564	136	28.4145
AT5G30490.3	984	785	29.3545	12.2192
AT5G30490.2	1163	964	0	0
AT5G30490.1	1252	1053	19.6455	6.0964
AT5G22670.1	1332	1133	0	0
AT4G35060.1	1123	924	68	24.0478
AT1G11480.2	2175	1976	2.213	0.36596
AT1G11480.1	2312	2113	257.787	39.8657
AT3G49030.1	1332	1133	0	0
AT3G49030.2	1483	1284	0	0
AT1G12300.1	3238	3039	26.1802	2.81501
AT5G47930.1	718	519	625	393.506
AT1G61093.1	731	532	0	0
AT2G37970.1	836	637	192	98.4918
AT3G02420.2	1674	1475	0	0
AT3G02420.1	1534	1335	116	28.3932
AT1G58190.2	3294	3095	8.56795	0.904596
AT1G58190.4	2864	2665	0	0
AT1G58190.3	3241	3042	3.79677	0.407843
AT1G58190.1	3168	2969	12.6353	1.39063
AT1G09860.1	1396	1197	1	0.272988
AT1G13280.1	1343	1144	91	25.9928
AT5G15300.1	1957	1758	4	0.743497
AT4G34131.1	1762	1563	113.41	23.7099
AT2G02130.1	707	508	387	248.935
AT5G03435.2	2496	2297	0	0
AT5G03435.1	2369	2170	0	0
AT3G18830.1	1997	1798	223	40.5278
AT2G03570.1	270	71.016	0	0
AT4G21670.1	3900	3701	163	14.3915
AT1G02230.1	1436	1237	4	1.05664
AT5G20140.1	1363	1164	114.583	32.1665
AT5G20140.2	1416	1217	29.4174	7.89863
AT1G11630.1	1712	1513	20	4.31946
AT4G19440.1	3531	3332	24.9715	2.44894
AT4G19440.3	3555	3356	0.0165282	0.00160932
AT4G19440.2	3371	3172	33.9658	3.49903
AT4G19440.4	3552	3353	0.0461433	0.0044969
AT3G51890.1	1210	1011	25	8.08029
AT1G44085.1	273	74.0093	0	0
AT1G07390.1	3267	3068	23	2.44969
AT1G07390.4	3615	3416	0	0
AT1G07390.3	3418	3219	0	0
AT1G07390.5	3451	3252	0	0
AT1G07390.2	3304	3105	2.42635e-05	2.55347e-06
AT1G13607.1	452	253	0	0
AT1G08580.1	855	656	152	75.7143
AT2G25125.1	225	29.9375	0	0
AT1G59750.2	2472	2273	100.387	14.4317
AT1G59750.3	2353	2154	150.644	22.8531
AT1G59750.1	2545	2346	0	0
AT1G59750.4	2558	2359	17.9686	2.489
AT3G25950.1	1170	971	3	1.00958
AT5G22145.1	411	212	0	0
AT1G70209.1	144	6.5079	0	0
AT1G63660.1	2136	1937	88.6209	14.9501
AT1G63660.2	1983	1784	97.3791	17.8365
AT2G21660.1	1165	966	289.8	98.0301
AT2G21660.2	785	586	437.2	243.793
AT1G15320.2	1127	928	1	0.35212
AT1G15320.1	1450	1251	0	0
AT1G79310.1	1675	1476	3	0.664161
AT5G42980.1	1035	836	1348.9	527.242
AT1G70750.1	3211	3012	48	5.20744
AT5G35840.1	3802	3603	187	16.9596
AT2G45210.1	1177	978	39	13.0306
AT1G29390.1	1049	850	111.295	42.7853
AT1G29390.2	1103	904	14.7308	5.3247
AT4G16460.2	1242	1043	0	0
AT4G16460.3	1168	969	1.66663e-08	5.62021e-09
AT4G16460.1	1153	954	1	0.342523
AT5G50210.1	2691	2492	242	31.7326
AT1G17870.1	1856	1657	39	7.69096
AT5G38360.2	1459	1260	0	0
AT5G38360.1	1083	884	28.5954	10.5702
AT5G38360.3	1372	1173	23.4046	6.51992
AT1G15020.1	2139	1940	22.7995	3.84027
AT1G15020.2	2329	2130	54.2005	8.315
AT1G15020.3	2244	2045	0	0
AT1G23090.4	2538	2339	3.90849	0.546031
AT1G23090.1	2489	2290	72.2463	10.309
AT1G23090.3	2605	2406	39.2979	5.33719
AT1G23090.2	2690	2491	10.5473	1.38359
AT4G01790.1	680	481	9	6.11415
AT4G38190.1	3749	3550	0	0
AT1G72810.1	2515	2316	110.188	15.5465
AT5G45573.1	588	389	0	0
AT2G01755.1	588	389	34.4872	28.9699
AT2G01755.2	621	422	0	0
AT5G25770.2	1588	1389	0.000913064	0.000214801
AT5G25770.1	1831	1632	20.9231	4.18933
AT5G25770.3	1597	1398	48.076	11.2372
AT1G56610.3	2170	1971	0	0
AT1G56610.2	2161	1962	35.0435	5.83642
AT1G56610.1	2425	2226	6.95652	1.02119
AT4G09649.1	138	6.07083	0	0
AT2G03210.2	1900	1701	0	0
AT2G03210.3	1809	1610	0	0
AT2G03210.1	1620	1421	1	0.229956
AT3G45990.1	402	203	0	0
AT5G51470.2	1745	1546	0	0
AT5G51470.1	2031	1832	2	0.356733
AT3G46350.1	1335	1136	0	0
AT5G64170.1	2537	2338	464.792	64.961
AT5G64170.2	2667	2468	306.181	40.5389
AT5G64170.3	2575	2376	0	0
AT3G24850.1	1080	881	0	0
AT2G27630.1	4276	4077	2	0.160298
AT4G01590.2	1045	846	36.7911	14.2105
AT4G01590.3	979	780	25.6726	10.7551
AT4G01590.1	1067	868	57.0865	21.4908
AT5G35970.1	3475	3276	2063	205.776
AT2G31390.1	1466	1267	651	167.897
AT4G14315.1	495	296	0	0
AT2G14635.1	371	172	0	0
AT1G53460.1	1519	1320	35	8.66428
AT5G52240.2	789	590	55.4118	30.6894
AT5G52240.1	1129	930	262.588	92.2637
AT2G23250.1	1317	1118	0	0
AT3G62270.1	2948	2749	140	16.6415
AT2G04400.1	1428	1229	184	48.922
AT1G76420.1	1438	1239	11	2.90108
AT2G29150.1	807	608	0	0
AT5G58090.1	1929	1730	171	32.2989
AT5G06950.3	1643	1444	0	0
AT5G06950.5	2031	1832	0	0
AT5G06950.1	1867	1668	0	0
AT5G06950.4	1558	1359	40.4091	9.71623
AT5G06950.2	1624	1425	21.5909	4.95102
AT4G35350.2	1340	1141	0	0
AT4G35350.1	1317	1118	96	28.0587
AT4G04930.1	1409	1210	3	0.810166
AT2G37900.2	2425	2226	0	0
AT2G37900.1	2299	2100	7	1.08922
AT5G19875.1	1098	899	37	13.4487
AT1G19350.3	1465	1266	3.60503e-08	9.30494e-09
AT1G19350.4	1502	1303	195.212	48.9555
AT1G19350.6	1304	1105	135.604	40.1003
AT1G19350.1	2202	2003	60.0766	9.80083
AT1G19350.5	1468	1269	0	0
AT3G06710.1	1631	1432	2	0.456379
AT4G29190.1	1533	1334	56	13.7174
AT1G68220.1	1007	808	49	19.8163
AT2G33060.1	2779	2580	26	3.293
AT4G17080.1	2214	2015	67	10.8652
AT4G15700.1	767	568	5.44638	3.13327
AT1G28327.1	1267	1068	0	0
AT3G56900.1	1692	1493	47	10.2867
AT3G25200.1	507	308	0	0
AT1G15825.1	536	337	3.21501	3.11739
AT3G49307.1	538	339	0	0
ATMG00500.1	426	227	0.743213	1.06986
AT4G12680.1	1910	1711	27	5.15647
AT2G19540.1	1653	1454	231	51.9142
AT2G40190.1	1784	1585	60	12.3697
AT1G59830.1	1462	1263	96.427	24.9479
AT1G59830.2	1357	1158	44.573	12.5777
AT1G67325.2	1734	1535	30.3449	6.45975
AT1G67325.1	1261	1062	64.6551	19.8938
AT5G64310.1	946	747	207	90.5499
AT5G24280.3	4846	4647	24	1.68763
AT5G24280.1	4826	4627	0	0
AT5G24280.2	5050	4851	0	0
AT3G06360.1	817	618	4	2.115
AT5G53770.1	1903	1704	60	11.5059
AT3G25719.1	237	39.4185	0	0
AT3G07230.1	636	437	220	164.505
AT3G21352.1	582	383	0	0
AT2G32835.1	288	89.0004	0	0
AT5G50345.1	391	192	0	0
AT3G02610.1	1236	1037	10.4437	3.29088
AT3G02610.2	1444	1245	0	0
AT4G31354.2	421	222	0	0
AT4G31354.1	547	348	0	0
AT4G31354.3	331	132	0	0
AT3G18270.1	1846	1647	75	14.8801
AT4G35680.1	1006	807	0	0
AT2G28490.1	1780	1581	0	0
AT1G54215.1	853	654	0	0
AT3G24200.2	2212	2013	20.7757	3.37248
AT3G24200.1	1892	1693	100.224	19.3444
AT5G46680.1	1770	1571	8	1.664
AT1G13080.2	1615	1416	63.6724	14.6935
AT1G13080.1	1908	1709	58.3276	11.1525
AT3G49630.3	1392	1193	0	0
AT3G49630.1	1054	855	3	1.14655
AT3G49630.2	1441	1242	0	0
AT3G47965.1	522	323	32	32.3732
AT1G53060.1	1108	909	5	1.7974
AT2G26920.1	2276	2077	97	15.2607
AT5G66980.1	1025	826	0	0
AT5G19175.1	361	162	0	0
AT5G04770.1	2423	2224	0	0
AT5G04770.2	2719	2520	0	0
AT5G04770.3	2147	1948	23	3.85813
AT5G45400.1	3360	3161	62.5561	6.46671
AT1G75945.1	461	262	0	0
AT1G19980.1	1586	1387	24	5.65423
AT3G19810.1	1543	1344	84.9993	20.6659
AT3G19810.2	1378	1179	0.00067265	0.000186429
AT4G24670.1	2033	1834	0.0460242	0.00820022
AT4G24670.2	2022	1823	45.954	8.23711
AT2G04066.1	516	317	1.69792	1.75023
AT1G30520.1	2479	2280	10.2703	1.47192
AT1G30520.4	2146	1947	27.7297	4.65391
AT1G30520.2	2479	2280	10.2703	1.47192
AT1G30520.3	2146	1947	27.7297	4.65391
AT5G22030.1	2616	2417	56.0006	7.57102
AT5G22030.2	3126	2927	117.999	13.1733
AT1G19490.1	1939	1740	74	13.897
AT4G27780.1	1595	1396	53	12.4059
AT4G27780.2	1633	1434	0	0
AT1G56130.1	3265	3066	7.74242	0.825169
AT1G56130.3	2869	2670	4.86813	0.595785
AT1G56130.2	3410	3211	0	0
AT5G16270.1	3795	3596	247	22.4448
AT3G24460.1	2652	2453	3.43698	0.457845
AT3G24460.2	2129	1930	131.563	22.2749
AT4G16280.3	2088	1889	0	0
AT4G16280.1	4888	4689	22.1004	1.54013
AT4G16280.2	3107	2908	78.8996	8.86582
AT4G16280.4	2903	2704	2.47897e-08	2.99573e-09
AT1G17990.2	1406	1207	26.2012	7.09337
AT1G17990.1	1570	1371	41.7988	9.96241
AT5G45550.1	1082	883	149	55.1396
AT1G16916.2	685	486	5.49153	3.69228
AT1G16916.1	508	309	20.5085	21.6877
AT5G57280.1	1204	1005	95	30.8884
AT5G17340.1	645	446	0	0
AT2G24460.1	1062	863	0	0
AT3G50380.1	9303	9104	7.08738e-06	2.54385e-07
AT3G50380.3	9484	9285	211	7.42573
AT3G50380.2	9735	9536	0	0
AT3G50380.4	9582	9383	3.71262e-06	1.29294e-07
AT1G12580.1	2124	1925	216	36.6658
AT3G43432.1	308	109	0	0
AT3G56420.3	1170	971	0	0
AT3G56420.2	1181	982	0	0
AT3G56420.1	650	451	0	0
AT1G22030.1	1776	1577	25.0119	5.18267
AT3G17740.1	3811	3612	61.6808	5.58008
AT4G20690.1	417	218	5.91541	8.8668
AT3G06920.1	3086	2887	18.2677	2.06764
AT3G06920.3	3467	3268	25.7323	2.57297
AT3G06920.2	3553	3354	0	0
AT5G44785.1	2870	2671	24.8458	3.03961
AT5G44785.2	1644	1445	86.5124	19.5636
AT3G22723.1	156	7.59116	0	0
AT5G50290.1	1669	1470	1	0.222291
AT3G59200.2	1962	1763	6.36545	1.17982
AT3G59200.1	1867	1668	3.63455	0.712022
AT5G11360.3	600	401	1	0.814881
AT5G11360.1	988	789	0	0
AT5G11360.2	926	727	0	0
AT4G10260.1	1103	904	0	0
AT5G03520.2	1135	936	155.026	54.1212
AT5G03520.1	1312	1113	125.763	36.9228
AT4G36430.1	1375	1176	111	30.8428
AT3G11240.5	1697	1498	11.2281	2.44924
AT3G11240.1	2096	1897	23.7719	4.09483
AT3G11240.2	2314	2115	0	0
AT3G11240.3	2235	2036	0	0
AT3G11240.4	2222	2023	0	0
AT2G07687.1	998	799	2.17812	0.890786
AT1G50820.1	1587	1388	0	0
AT1G50820.2	2364	2165	0	0
AT1G55917.1	186	12.4336	0	0
AT5G23100.1	1592	1393	43	10.0869
AT4G16690.1	1456	1257	18	4.67924
AT2G03770.1	1174	975	0	0
AT1G72460.1	2401	2202	0	0
AT2G44160.1	2058	1859	1003.73	176.432
AT4G10730.2	2329	2130	7.19102	1.10319
AT4G10730.1	2612	2413	170.809	23.1309
AT5G33290.1	1968	1769	63	11.6373
AT2G34810.1	2047	1848	41	7.2497
AT2G25305.1	398	199	0	0
AT1G73010.1	1308	1109	38	11.1967
AT5G53050.3	1804	1605	31.3123	6.37497
AT5G53050.5	1250	1051	0	0
AT5G53050.1	1566	1367	81.4453	19.4687
AT5G53050.2	1691	1492	20.8847	4.57402
AT5G53050.6	1124	925	0	0
AT5G53050.4	1461	1262	25.3577	6.56581
AT1G77920.1	1908	1709	50	9.56018
AT1G75720.3	722	523	2	1.24959
AT1G75720.1	746	547	0	0
AT1G75720.2	874	675	0	0
AT3G03630.1	1733	1534	54	11.5029
AT5G23570.2	2964	2765	0	0
AT5G23570.4	2422	2223	0	0
AT5G23570.3	2862	2663	0	0
AT5G23570.1	2456	2257	51	7.38375
AT4G05520.1	1942	1743	25.8732	4.85055
AT4G05520.2	1805	1606	41.1604	8.37477
AT5G15920.1	3507	3308	89	8.7915
AT1G68585.1	799	600	24	13.0707
AT4G28405.1	239	41.1625	0	0
AT5G43000.1	849	650	0	0
AT2G38040.2	2945	2746	426.737	50.7806
AT2G38040.1	3024	2825	635.263	73.4807
AT4G29820.1	1235	1036	17	5.36201
AT4G24400.2	1615	1416	67.2697	15.5237
AT4G24400.1	1971	1772	59.7303	11.0146
AT5G20440.1	691	492	0	0
AT4G32980.2	2419	2220	0	0
AT4G32980.1	2429	2230	108	15.8255
AT5G53150.5	3488	3289	5.77635e-08	5.73889e-09
AT5G53150.1	3789	3590	0	0
AT5G53150.2	2883	2684	33.785	4.1132
AT5G53150.6	3265	3066	5.16969e-05	5.50974e-06
AT5G53150.3	3925	3726	32.8892	2.88435
AT5G53150.4	3583	3384	18.3258	1.76958
AT1G31140.2	850	651	0	0
AT1G31140.1	792	593	0	0
AT5G07572.1	729	530	1	0.616542
AT3G20300.1	2068	1869	33	5.76956
ATMG00910.1	648	449	0	0
AT5G50030.1	898	699	0	0
AT1G11280.3	2804	2605	0	0
AT1G11280.4	2663	2464	74.8447	9.92564
AT1G11280.1	2838	2639	30.1058	3.72778
AT1G11280.2	2915	2716	0	0
AT1G11280.5	2828	2629	0.0495045	0.00615308
AT5G06530.1	2830	2631	223.858	27.8029
AT5G06530.3	2895	2696	0	0
AT5G06530.4	3103	2904	6.14212	0.69113
AT5G06530.2	2788	2589	0.000174316	2.20011e-05
AT3G59520.1	1438	1239	27	7.12083
AT1G33870.1	868	669	3	1.46532
AT5G60805.1	321	122	0	0
AT5G40880.2	1585	1386	12.2566	2.88965
AT5G40880.1	2154	1955	13.7434	2.29713
AT3G49390.1	2250	2051	42.8567	6.82797
AT3G49390.3	2206	2007	0	0
AT3G49390.2	1915	1716	111.143	21.1643
AT5G19820.1	4016	3817	788	67.4594
AT3G27750.1	1067	868	38.3687	14.4443
AT5G64667.1	867	668	6	2.93503
AT1G72790.1	2202	2003	49	7.9938
AT1G58180.1	1194	995	0	0
AT1G58180.4	1221	1022	42.278	13.5177
AT1G58180.6	1363	1164	0	0
AT1G58180.3	1485	1286	0	0
AT1G58180.2	1633	1434	0	0
AT1G58180.7	1073	874	0	0
AT1G58180.5	1733	1534	5.72203	1.21889
AT4G21050.1	633	434	0	0
AT2G24580.1	1956	1757	62	11.5308
AT3G13550.1	978	779	20.0773	8.42183
AT3G13550.2	784	585	0.92268	0.515387
AT1G01380.2	854	655	0	0
AT1G01380.3	557	358	4.29016	3.91587
AT1G01380.1	750	551	5.70984	3.38619
AT3G27140.1	738	539	0	0
AT1G16690.1	1950	1751	37	6.90484
AT2G31200.1	1121	922	100	35.4411
AT3G56140.3	2604	2405	13.2273	1.79719
AT3G56140.2	2649	2450	181.644	24.2267
AT3G56140.1	2801	2602	28.5167	3.58121
AT1G72010.1	1718	1519	110	23.6632
AT3G21550.1	980	781	49	20.5014
AT2G29460.1	1177	978	20	6.68235
AT3G20220.1	629	430	0	0
AT1G08120.1	1047	848	0	0
AT2G35790.1	930	731	107	47.8305
AT1G26850.1	2585	2386	761.692	104.315
AT1G26850.2	2618	2419	181.74	24.55
AT1G26850.3	2301	2102	62.5682	9.72656
AT3G59430.7	2064	1865	0	0
AT3G59430.8	1895	1696	13.3086	2.56415
AT3G59430.5	2159	1960	0	0
AT3G59430.2	2070	1871	10.6914	1.86724
AT3G59430.4	2248	2049	0	0
AT3G59430.3	2337	2138	0	0
AT3G59430.6	2101	1902	6.85607e-08	1.17789e-08
AT3G59430.1	2063	1864	0	0
AT5G02650.1	988	789	13	5.384
AT4G11300.1	1539	1340	16	3.9017
AT3G18165.1	1212	1013	154	49.6763
AT3G32040.1	1357	1158	11	3.10401
AT3G14830.4	2253	2054	35.4019	5.63203
AT3G14830.1	2138	1939	50.3641	8.48753
AT3G14830.3	2282	2083	0	0
AT3G14830.2	2262	2063	0.234001	0.0370644
AT5G36170.3	1695	1496	3.67555e-05	8.0284e-06
AT5G36170.1	1717	1518	10.8258	2.33038
AT5G36170.2	1627	1428	142.174	32.5335
AT5G36170.4	1646	1447	0	0
AT5G06600.1	4094	3895	57.3695	4.81296
AT5G06600.2	3897	3698	553.63	48.9206
AT5G06600.3	3445	3246	0	0
AT1G18070.2	2116	1917	387.479	66.0487
AT1G18070.1	2254	2055	286.521	45.5599
AT1G18070.3	2120	1921	0	0
AT2G40711.2	677	478	0.729216	0.498502
AT2G40711.1	1098	899	4.27078	1.55234
AT5G63900.1	1759	1560	0	0
AT1G56290.1	2459	2260	78.2776	11.3179
AT4G25707.2	1144	945	5	1.72893
AT4G25707.1	1229	1030	0	0
AT3G51210.1	204	18.2087	0	0
AT4G29300.1	421	222	0	0
AT3G24830.1	1018	819	1467	585.308
AT5G02995.1	943	744	0	0
AT1G26920.1	1120	921	115	40.8015
AT3G49610.1	1005	806	0	0
AT2G03270.1	2204	2005	42	6.845
AT3G07830.1	1523	1324	0	0
AT1G12370.1	1667	1468	15.8106	3.51933
AT1G12370.3	1650	1451	0.000135724	3.05653e-05
AT1G12370.2	1788	1589	118.189	24.3048
AT2G29340.4	1332	1133	0	0
AT2G29340.3	1496	1297	32.3587	8.15247
AT2G29340.2	1895	1696	6.8782	1.32522
AT2G29340.1	1227	1028	76.7631	24.4004
AT5G03500.1	1265	1066	11.3038	3.46502
AT5G03500.7	1064	865	7.65798	2.89292
AT5G03500.5	1497	1298	0.000563221	0.000141789
AT5G03500.2	1285	1086	0	0
AT5G03500.4	1715	1516	5.55417	1.19718
AT5G03500.3	912	713	8.14685	3.73369
AT5G03500.6	1372	1173	0.756543	0.210753
AT1G25211.1	1622	1423	86.1294	19.7781
AT5G17600.1	1987	1788	81	14.8032
AT4G35650.1	1429	1230	0	0
AT2G32400.1	3622	3423	68	6.49143
AT4G17560.1	1228	1029	717	227.689
AT1G10350.1	2023	1824	42	7.52424
AT1G24160.2	2316	2117	117.247	18.0975
AT1G24160.1	2604	2405	41.7535	5.67304
AT5G45800.2	2954	2755	11.372	1.34882
AT5G45800.1	2515	2316	152.628	21.5345
AT3G04590.1	1377	1178	0	0
AT3G04590.2	1829	1630	184	36.8866
AT5G59560.2	1482	1283	54	13.7533
AT5G59560.1	1344	1145	0	0
AT2G37030.1	682	483	3	2.02961
AT4G31351.1	628	429	2	1.52339
AT2G35795.1	726	527	53	32.8627
AT3G06380.2	1941	1742	11.8503	2.22291
AT3G06380.1	1647	1448	66.1497	14.9279
AT1G15580.1	781	582	3	1.68437
AT2G07835.1	648	449	1	0.727766
AT1G08280.1	2095	1896	58	9.99604
AT4G20030.1	681	482	23	15.5926
AT1G59560.4	969	770	0	0
AT1G59560.1	1384	1185	2.98653	0.823543
AT1G59560.2	1491	1292	0	0
AT1G59560.3	1458	1259	17.0135	4.41576
AT1G20687.1	243	44.7603	0	0
AT5G16720.1	2393	2194	55	8.19152
AT3G12930.1	1188	989	219.434	72.5015
AT2G32080.1	1500	1301	229.279	57.5871
AT2G32080.2	1752	1553	59.7212	12.566
AT2G19600.1	2456	2257	92	13.3197
AT1G74890.1	1079	880	19	7.0552
AT2G36950.1	1702	1503	85	18.4798
AT1G80000.3	2421	2222	70.1576	10.3174
AT1G80000.4	2531	2332	65.8424	9.22605
AT1G80000.2	2702	2503	0	0
AT1G80000.1	2620	2421	0	0
AT4G39670.1	1224	1025	16	5.10076
AT5G41020.1	1915	1716	92	17.519
AT1G71070.1	1813	1614	139	28.1417
AT3G28860.1	4333	4134	579	45.7664
AT5G09310.1	999	800	39	15.9299
AT2G24000.1	1449	1250	0	0
AT2G24000.2	1206	1007	0	0
AT2G25410.1	1288	1089	1	0.300062
AT3G45220.1	1182	983	0	0
AT1G62262.1	1523	1324	2	0.493606
AT3G14700.2	979	780	1.8995	0.795762
AT3G14700.1	904	705	2.1005	0.973581
AT1G06820.3	2405	2206	24.1349	3.57501
AT1G06820.1	2551	2352	0	0
AT1G06820.2	2473	2274	0	0
AT1G06820.4	2292	2093	103.865	16.2158
AT5G19920.1	2612	2413	72	9.7502
AT1G56590.1	1709	1510	82	17.745
AT2G25500.1	297	98.0001	0	0
ATMG00050.1	396	197	0	0
AT1G03260.1	1443	1244	44	11.5577
ATCG00380.1	606	407	2	1.60574
AT1G58100.1	1858	1659	49.8607	9.82087
AT1G58100.2	1492	1293	62.1393	15.7039
AT1G64195.1	409	210	0	0
AT1G46912.1	939	740	0	0
AT1G46912.2	663	464	0	0
AT5G50270.1	1227	1028	0	0
AT5G50270.2	1331	1132	0	0
AT2G35130.1	1916	1717	0	0
AT2G35130.3	1907	1708	102.759	19.6594
AT2G35130.2	2139	1940	29.2408	4.92522
AT3G19895.1	2342	2143	61	9.30135
AT5G55190.1	1116	917	450	160.355
AT4G10930.2	3929	3730	30.9041	2.70736
AT4G10930.1	4075	3876	53.0959	4.47626
AT1G24909.1	1029	830	0	0
AT4G37980.1	1609	1410	281	65.1217
AT4G37980.2	1331	1132	0	0
AT1G27440.1	1813	1614	49	9.92044
AT3G03680.1	3545	3346	108	10.5472
AT1G05490.1	4735	4536	5	0.360193
AT1G69030.1	1225	1026	55	17.5168
AT3G28216.1	240	42.049	0	0
AT5G18340.1	1801	1602	1	0.203974
AT5G02250.1	3086	2887	152	17.2042
AT5G60790.1	2532	2333	1194	167.235
AT2G42810.4	2269	2070	0	0
AT2G42810.5	2198	1999	0	0
AT2G42810.1	2130	1931	228.372	38.6455
AT2G42810.3	2289	2090	18.1338	2.83518
AT2G42810.2	2292	2093	3.49423	0.545533
AT5G50443.1	781	582	7	3.93019
AT2G39851.1	579	380	0	0
AT4G07325.1	420	221	0	0
AT3G43710.1	1137	938	0	0
AT2G32320.2	2165	1966	0.00571359	0.000949651
AT2G32320.3	2150	1951	37.6216	6.30113
AT2G32320.1	2356	2157	20.942	3.17254
AT1G72710.1	2306	2107	563	87.3137
AT4G40080.1	1330	1131	3	0.866756
AT5G06140.1	1577	1378	171	40.5495
AT4G09870.1	1014	815	0	0
AT3G03070.1	779	580	269	151.552
AT4G03320.1	1271	1072	19	5.79158
AT1G04190.1	1418	1219	139	37.2606
AT5G19400.5	3947	3748	46.9326	4.09179
AT5G19400.3	3888	3689	303.104	26.8485
AT5G19400.4	3966	3767	0.867919	0.0752873
AT5G19400.1	3919	3720	179.096	15.7319
AT5G19400.2	3873	3674	0.00014182	1.26135e-05
AT1G61475.1	639	440	0	0
AT2G04190.1	1685	1486	1	0.219897
AT1G05615.1	519	320	0	0
AT3G44060.1	1284	1085	0	0
AT5G36500.1	357	158	0	0
AT3G61880.2	1847	1648	0	0
AT3G61880.1	1920	1721	25	4.74676
AT2G34410.3	1983	1784	0	0
AT2G34410.1	2022	1823	0	0
AT2G34410.2	2453	2254	105.035	15.2271
AT4G32560.2	1255	1056	19.4065	6.00511
AT4G32560.3	1266	1067	0	0
AT4G32560.1	1183	984	10.8957	3.61825
AT4G32560.4	1016	817	0	0
AT2G18200.1	405	206	0	0
AT1G32340.1	2604	2405	48	6.52176
AT2G30390.2	1878	1679	140.125	27.2711
AT2G30390.1	1990	1791	223.875	40.8459
AT4G19900.2	2133	1934	0	0
AT4G19900.1	2173	1974	54	8.93892
AT5G23070.1	1187	988	65	21.4978
AT4G07990.3	1223	1024	39.9654	12.7533
AT4G07990.2	1907	1708	12.0346	2.3024
AT4G07990.1	1949	1750	0	0
AT1G52780.1	3573	3374	133	12.8809
AT5G24640.1	544	345	3	2.84145
AT4G39370.2	1970	1771	20.4097	3.7658
AT4G39370.3	1905	1706	0	0
AT4G39370.1	2017	1818	13.5903	2.44271
AT1G15770.1	1131	932	0	0
AT1G69170.1	1934	1735	33	6.21517
AT2G47710.1	980	781	205	85.7711
AT1G32337.1	159	7.91627	0	0
AT2G23755.1	1106	907	18.442	6.64413
AT5G58310.1	1004	805	17	6.90067
AT4G39350.1	4247	4048	752	60.7038
AT1G12870.1	1251	1052	0	0
AT3G49450.1	1238	1039	0	0
AT1G54115.1	2607	2408	77.8452	10.5636
AT5G46410.2	2560	2361	45.3832	6.28113
AT5G46410.1	2736	2537	40.1931	5.1769
AT5G46410.3	3058	2859	7.42366	0.848481
AT3G61113.1	659	460	4	2.84145
AT1G66820.1	741	542	53.8047	32.4384
AT4G14819.1	527	328	0	0
AT3G46120.1	1167	968	0	0
AT4G03480.1	2534	2335	0	0
AT4G03480.2	1971	1772	2	0.368812
AT1G75250.1	945	746	0	0
AT1G75250.2	568	369	7	6.19883
AT5G41870.1	1544	1345	39	9.47503
AT5G39230.1	360	161	0	0
AT1G56100.1	699	500	0	0
AT1G56100.3	690	491	0	0
AT1G56100.2	743	544	0	0
AT5G46370.1	1609	1410	0	0
AT1G45130.2	2155	1956	41.5028	6.93341
AT1G45130.1	2694	2495	143.497	18.7937
AT1G13830.1	1122	923	13.6741	4.84099
AT1G13830.2	987	788	7.32593	3.03791
AT3G22600.1	1414	1215	104	27.9702
AT4G23330.3	1610	1411	18.7007	4.33082
AT4G23330.1	1108	909	0	0
AT4G23330.4	1747	1548	11.2993	2.38516
AT4G23330.2	1970	1771	0	0
AT4G16555.1	607	408	0	0
AT5G04730.1	2096	1897	14	2.41157
AT4G04510.2	2271	2072	0	0
AT4G04510.1	2221	2022	1	0.161606
AT1G30010.1	2772	2573	34	4.31795
AT1G02040.1	1173	974	0	0
AT3G55710.1	1888	1689	27	5.22363
AT5G36670.2	3477	3278	0	0
AT5G36670.5	3567	3368	0	0
AT5G36670.3	3630	3431	0	0
AT5G36670.1	3885	3686	0	0
AT5G36670.4	3921	3722	0	0
AT5G22490.1	1662	1463	0	0
AT5G22490.2	1740	1541	0	0
AT1G24388.1	414	215	0	0
AT5G41763.1	521	322	0	0
AT5G41763.2	425	226	0	0
AT5G41763.3	330	131	0	0
AT2G40170.1	720	521	1	0.627192
AT3G03830.1	587	388	1	0.842183
AT5G40250.1	1909	1710	75	14.3319
AT1G43780.1	1440	1241	0	0
AT1G72370.2	1177	978	755.643	252.474
AT1G72370.1	1289	1090	1985.36	595.183
AT4G39410.1	1350	1151	6	1.70339
AT1G80480.1	1764	1565	177	36.957
AT1G23460.2	1625	1426	29.9575	6.86474
AT1G23460.1	1859	1660	5.0425	0.992605
AT3G10920.2	1026	827	0	0
AT3G10920.1	1082	883	667	246.833
AT5G51300.3	2865	2666	0	0
AT5G51300.2	3591	3392	51.4829	4.95959
AT5G51300.1	3010	2811	180.517	20.9844
AT2G21045.1	891	692	103	48.6373
AT5G55130.1	1699	1500	91.979	20.0371
AT5G55130.2	1578	1379	0.0014977	0.000354893
AT5G55130.3	1393	1194	0.0195217	0.00534259
AT2G15420.1	2874	2675	0	0
AT1G56170.2	1137	938	47.9957	16.7201
AT1G56170.1	1113	914	5.02542e-07	1.79666e-07
AT3G50330.1	1423	1224	1	0.266967
AT3G12110.1	1788	1589	290	59.6365
AT5G05390.1	1766	1567	3	0.625591
AT2G19410.3	2392	2193	0	0
AT2G19410.1	2612	2413	4	0.541678
AT2G19410.2	2553	2354	0	0
AT1G24475.1	62	3.32593	0	0
AT3G51260.1	1301	1102	282.387	83.7341
AT3G51260.2	1141	942	86.6125	30.0447
AT3G45660.3	1872	1673	0.00607332	0.00118623
AT3G45660.2	1972	1773	0	0
AT3G45660.1	1862	1663	5.92194	1.16362
AT4G37070.4	1345	1146	0	0
AT4G37070.1	1450	1251	24.9117	6.50705
AT4G37070.3	1285	1086	32.289	9.71546
AT4G37070.2	1695	1496	42.7429	9.3362
AT2G23790.1	1470	1271	82	21.0817
AT1G44110.1	1823	1624	61	12.2739
AT2G16210.1	1293	1094	0	0
AT2G16210.2	1224	1025	0	0
AT2G03320.1	307	108	0	0
AT2G03320.2	280	81.0024	0	0
AT1G78230.1	2468	2269	157	22.6102
AT1G20640.2	3339	3140	0	0
AT1G20640.3	3010	2811	83.7824	9.73936
AT1G20640.1	3269	3070	65.3618	6.95703
AT1G67410.2	2200	2001	9.39638	1.53445
AT1G67410.1	1847	1648	22.6036	4.48187
AT4G20640.1	771	572	0	0
AT2G15345.1	659	460	0	0
AT3G10400.1	1083	884	0	0
AT1G20310.1	1260	1061	0	0
AT1G80040.3	1475	1276	0	0
AT1G80040.1	1368	1169	190.497	53.249
AT1G80040.4	1552	1353	10.5031	2.53663
AT1G80040.2	1515	1316	0	0
AT5G10650.2	2435	2236	0	0
AT5G10650.1	2287	2088	0	0
AT5G10650.3	2233	2034	41	6.58675
AT1G19300.1	1683	1484	31	6.826
AT1G20700.2	1365	1166	1.48004	0.414777
AT1G20700.3	866	667	0	0
AT1G20700.1	826	627	2.51996	1.3133
AT2G37820.1	1210	1011	3	0.969635
AT5G28960.1	1796	1597	3	0.613839
AT1G02460.1	2079	1880	8	1.3905
AT2G07643.1	543	344	0	0
AT3G60880.1	1472	1273	24.1913	6.20968
AT3G60880.2	1600	1401	69.8087	16.2821
AT1G07510.1	6715	6516	261	13.0887
AT5G49450.1	907	708	7	3.23075
AT1G62760.1	1273	1074	1	0.304252
AT4G31710.1	2691	2492	4	0.524506
AT4G31710.2	2739	2540	0	0
AT1G20260.1	2113	1914	642.367	109.668
AT1G32090.1	2797	2598	102	12.8292
AT3G17460.1	1083	884	8	2.95717
AT1G71480.1	1105	906	187.584	67.6561
AT1G71480.2	686	487	0	0
AT1G71480.3	695	496	0	0
AT5G23660.1	1346	1147	8	2.27911
AT3G17370.1	639	440	0	0
AT5G55290.1	871	672	11.6751	5.67712
AT5G55290.3	765	566	38.2051	22.0569
AT5G55290.2	780	581	39.1198	22.0018
AT4G13170.1	2212	2013	235	38.1472
AT1G70200.1	2021	1822	218	39.0973
AT4G14640.1	774	575	4	2.27316
AT4G14640.2	876	677	0	0
AT4G14640.3	464	265	0	0
AT4G32860.1	967	768	9	3.8293
AT3G55560.1	1858	1659	79	15.5603
AT1G20980.1	4187	3988	373.354	30.5917
AT5G62165.11	1175	976	0	0
AT5G62165.5	950	751	0	0
AT5G62165.4	1057	858	0	0
AT5G62165.13	1366	1167	0	0
AT5G62165.2	1142	943	0	0
AT5G62165.12	1163	964	0	0
AT5G62165.8	1513	1314	0	0
AT5G62165.7	1525	1326	0	0
AT5G62165.16	872	673	1.54644	0.750854
AT5G62165.10	1100	901	0	0
AT5G62165.9	1409	1210	0	0
AT5G62165.17	919	720	0	0
AT5G62165.14	1335	1136	2.45356	0.705761
AT5G62165.6	1603	1404	0	0
AT5G62165.1	1091	892	0	0
AT5G62165.3	1099	900	0	0
AT5G62165.15	949	750	0	0
AT1G79890.3	2211	2012	0	0
AT1G79890.2	2831	2632	0	0
AT1G79890.4	2078	1879	11	1.91295
AT1G79890.1	2785	2586	0	0
AT3G24130.1	1071	872	0	0
AT3G01345.1	1612	1413	0	0
AT5G15740.1	2559	2360	401	55.5227
AT1G28340.1	2459	2260	185	26.7486
AT1G66170.1	2495	2296	0	0
AT4G03470.1	2163	1964	3	0.499135
AT5G03060.1	1274	1075	4	1.21588
AT5G17523.1	1087	888	0	0
AT1G74380.1	1961	1762	293.93	54.5101
AT3G19663.1	490	291	1	1.12291
AT5G01010.5	1619	1420	3.33035	0.766373
AT5G01010.2	1756	1557	0	0
AT5G01010.4	1834	1635	0	0
AT5G01010.3	1657	1458	184.679	41.3903
AT5G01010.1	1903	1704	83.9907	16.1064
AT2G44680.2	1467	1268	90.5682	23.3397
AT2G44680.1	1500	1301	0	0
AT2G44680.3	1668	1469	11.4318	2.54291
AT1G03470.4	1247	1048	4.14286	1.29175
AT1G03470.1	1359	1160	20.7143	5.83513
AT1G03470.3	1247	1048	4.14286	1.29175
AT1G03470.2	1226	1027	0	0
AT2G04430.1	1147	948	11.0168	3.79741
AT2G04430.2	1622	1423	11.9832	2.75172
AT3G20850.1	588	389	0	0
AT3G47810.3	957	758	156.299	67.3789
AT3G47810.1	841	642	97.0714	49.4077
AT3G47810.2	1289	1090	2.63002	0.788445
AT5G03730.1	3253	3054	212.164	22.7008
AT5G03730.2	3112	2913	48.1299	5.39899
AT3G06019.1	111	4.6639	0	0
AT5G52180.1	1571	1372	51.8115	12.3399
AT3G55620.1	1282	1083	346	104.397
AT2G27229.1	942	743	1	0.439794
AT1G34050.1	1979	1780	6	1.10146
AT4G10595.1	491	292	0	0
AT2G07815.1	1521	1322	0	0
AT3G10660.1	3192	2993	0	0
AT3G10660.2	3111	2912	74	8.30383
AT1G63680.2	2986	2787	0	0
AT1G63680.3	2684	2485	82.491	10.8472
AT1G63680.1	2963	2764	158.509	18.7393
AT1G63450.1	3330	3131	9	0.939286
AT3G20710.1	1332	1133	0	0
AT5G37900.1	726	527	0	0
AT1G74740.1	2074	1875	56	9.75944
AT5G03820.1	1461	1262	0	0
AT5G03820.2	1545	1346	0	0
AT5G54850.1	1310	1111	24	7.05888
AT5G62140.1	1200	1001	141	46.0281
AT2G01530.1	940	741	106	46.744
AT5G46000.1	1314	1115	0	0
AT1G13760.1	561	362	0	0
AT3G21720.1	2213	2014	11	1.78473
AT1G42560.1	1700	1501	2	0.435399
AT1G42560.2	1347	1148	0	0
AT3G58890.1	882	683	0	0
AT4G13250.2	1928	1729	39.7431	7.51112
AT4G13250.1	1989	1790	34.2569	6.25365
AT5G45160.1	3017	2818	73	8.46487
AT1G13143.1	508	309	0	0
AT2G28800.2	1437	1238	24.7516	6.53313
AT2G28800.3	1792	1593	519.861	106.638
AT2G28800.4	1605	1406	656.187	152.504
AT2G28800.1	2147	1948	82.2006	13.7887
AT4G37130.1	1993	1794	92	16.7573
AT3G60750.2	2642	2443	3945.06	527.678
AT3G60750.1	3196	2997	3987.94	434.81
AT2G15695.1	1779	1580	91	18.8201
AT4G30810.1	1967	1768	262	48.4236
AT5G64610.1	1677	1478	82	18.1292
AT2G21330.2	1639	1440	3117.3	707.382
AT2G21330.3	1499	1300	2803.64	704.722
AT2G21330.1	1961	1762	561.789	104.185
AT5G08340.2	1475	1276	13.8249	3.54037
AT5G08340.1	3035	2836	24.0678	2.77312
AT5G51940.1	714	515	70	44.4149
AT2G25510.2	506	307	57.0709	60.7455
AT2G25510.1	760	561	83.9291	48.8864
AT2G30240.1	2864	2665	0	0
AT5G66990.1	834	635	0	0
AT3G03610.4	1393	1194	0	0
AT3G03610.2	1593	1394	0	0
AT3G03610.3	1542	1343	0	0
AT3G03610.1	1305	1106	50	14.7725
AT4G29650.1	1005	806	0	0
AT3G09410.3	1862	1663	8.09617	1.59084
AT3G09410.1	1740	1541	73.9038	15.6712
AT1G51355.1	1018	819	8	3.19186
AT2G21880.1	1161	962	14.7584	5.01306
AT2G21880.3	1004	805	0	0
AT2G21880.4	904	705	0.0769955	0.0356874
AT2G21880.2	1032	833	0.164584	0.0645625
AT1G29179.1	1492	1293	3	0.75816
AT3G18080.1	1992	1793	358	65.2441
AT3G54250.2	980	781	5.79381	2.42411
AT3G54250.1	1756	1557	64.2062	13.4749
AT3G10260.2	1143	944	8.88248	3.07469
AT3G10260.3	1419	1220	9.81157	2.62795
AT3G10260.1	1201	1002	65.306	21.2972
AT3G01340.2	1223	1024	143.512	45.7959
AT3G01340.1	1284	1085	86.488	26.0474
AT1G72910.1	1776	1577	24.1311	5.00016
AT4G13300.1	1696	1497	1	0.218281
AT5G43630.1	3045	2846	107.779	12.3747
AT5G43630.3	3324	3125	0	0
AT5G43630.4	3030	2831	496.221	57.2762
AT5G43630.2	3410	3211	0	0
AT4G25770.2	1832	1633	46.3917	9.28308
AT4G25770.1	1952	1753	14.6083	2.72306
AT2G30670.1	1027	828	24	9.47151
AT3G13226.1	1499	1300	71	17.8465
AT5G49215.2	1769	1570	24.1587	5.0282
AT5G49215.1	1832	1633	51.8413	10.3736
AT1G61050.2	1705	1506	0	0
AT1G61050.1	1549	1350	19	4.59894
AT4G10180.1	1932	1733	172	32.4316
AT4G26520.4	1301	1102	65.3151	19.3674
AT4G26520.2	1981	1782	9.44029	1.73108
AT4G26520.3	1639	1440	0	0
AT4G26520.1	1624	1425	39.5632	9.07224
AT3G60770.1	915	716	1029	469.614
AT2G29020.1	919	720	142	64.4457
AT1G18400.2	1541	1342	0	0
AT1G18400.1	1129	930	19	6.67589
AT5G17890.1	5329	5130	203	12.9306
AT5G39550.1	2259	2060	68.633	10.8869
AT2G04280.1	2022	1823	243.517	43.6497
AT2G35990.1	886	687	0	0
AT2G35990.2	1393	1194	1	0.273674
AT2G35990.3	958	759	0	0
AT2G42310.1	948	749	240	104.705
AT1G16770.3	1100	901	0	0
AT1G16770.1	1264	1065	0	0
AT1G16770.2	1394	1195	0	0
AT4G30260.2	1477	1278	0	0
AT4G30260.1	1336	1137	0	0
AT4G30260.3	1291	1092	121.448	36.3419
AT2G02480.1	4251	4052	102.779	8.28848
AT2G02480.2	4262	4063	45.2206	3.63687
AT2G39880.1	1386	1187	9	2.47759
AT4G19070.1	1085	886	18.8511	6.95249
AT4G19070.2	1038	839	22.1489	8.62639
AT3G02940.3	1271	1072	7.20517e-06	2.19628e-06
AT3G02940.2	1351	1152	0	0
AT3G02940.1	1260	1061	0.999993	0.307978
AT5G08380.2	1603	1404	0	0
AT5G08380.1	1580	1381	54	12.7773
AT3G22940.1	1239	1040	0	0
AT4G29658.1	513	314	0	0
AT4G29658.2	1137	938	0	0
AT2G44830.1	2535	2336	0	0
AT2G44830.3	2515	2316	0.000693741	9.78807e-05
AT2G44830.2	3013	2814	92.9993	10.7993
AT1G64860.2	2157	1958	58.4767	9.75907
AT1G64860.1	2200	2001	404.523	66.0594
AT1G20405.1	404	205	0	0
AT1G11270.2	1522	1323	0	0
AT1G11270.3	1272	1073	1.5293e-05	4.65728e-06
AT1G11270.1	1470	1271	7.23637	1.86043
AT3G15470.1	3426	3227	181	18.3281
AT5G28370.1	2678	2479	7.14093e-05	9.41276e-06
AT4G11910.1	1309	1110	5	1.47192
AT1G26330.2	3896	3697	20.6464	1.82488
AT1G26330.1	3903	3704	2.35359	0.207634
AT3G48240.1	1246	1047	3	0.936295
AT1G15900.1	675	476	2	1.37297
AT5G48050.1	1393	1194	2	0.547349
AT3G05327.1	1011	812	4	1.60969
AT3G06810.1	2963	2764	185	21.8712
AT1G70480.1	1777	1578	51.1846	10.5991
AT1G70480.2	1409	1210	73.8154	19.9342
AT4G08760.1	1566	1367	0	0
AT1G65390.1	1604	1405	13.5531	3.15209
AT1G65390.3	982	783	5.44695	2.27316
AT1G65390.2	1549	1350	0	0
AT1G59610.1	3340	3141	363	37.7639
AT1G54050.2	837	638	24.0829	12.3346
AT1G54050.1	1030	831	12.9171	5.07928
AT1G35260.1	767	568	19	10.9306
AT4G08406.1	141	6.28195	0	0
AT4G18335.1	792	593	0	0
AT5G54870.1	1896	1697	93.5689	18.0172
AT5G54870.2	1497	1298	20.4311	5.14345
AT3G50320.1	607	408	0	0
AT1G72540.1	1408	1209	5	1.35139
AT4G18215.1	747	548	1	0.59629
AT3G32420.1	968	769	0	0
AT5G50230.1	2059	1860	69	12.122
AT1G63180.2	1194	995	2.98592	0.980602
AT1G63180.1	1478	1279	18.0141	4.60235
AT1G52800.1	1235	1036	1	0.315412
AT1G17160.2	1292	1093	29.2217	8.73622
AT1G17160.1	1504	1305	30.7783	7.70677
AT5G55480.1	2833	2634	304.037	37.7181
AT3G15960.1	1503	1304	0	0
AT5G51970.2	1357	1158	211.671	59.7297
AT5G51970.1	1589	1390	34.3292	8.07027
AT5G16260.1	2120	1921	86	14.6288
AT5G67610.2	1814	1615	0.0188667	0.00381735
AT5G67610.1	1903	1704	52.9811	10.1599
AT5G43100.1	2686	2487	140.866	18.5083
AT5G43100.2	1993	1794	12.1344	2.21022
AT3G16270.3	2855	2656	0	0
AT3G16270.1	2770	2571	201.852	25.6548
AT3G16270.2	2899	2700	57.1481	6.91634
AT3G23165.1	234	36.8813	0	0
AT4G13160.1	1200	1001	0	0
AT1G68070.1	1506	1307	84	21.0011
AT1G24230.1	738	539	0	0
AT5G05310.6	1967	1768	0	0
AT5G05310.9	1662	1463	27.4894	6.13987
AT5G05310.7	1818	1619	0	0
AT5G05310.4	2071	1872	0	0
AT5G05310.5	1986	1787	0	0
AT5G05310.1	1923	1724	0	0
AT5G05310.8	1743	1544	0.448865	0.0949962
AT5G05310.2	1890	1691	0	0
AT5G05310.3	1657	1458	9.06175	2.03092
AT1G58055.1	333	134	0	0
AT5G42965.1	404	205	1	1.59399
AT3G52200.2	2549	2350	0	0
AT3G52200.1	2428	2229	370	54.2413
AT3G11350.1	1080	881	0	0
AT5G02560.2	738	539	7.7069	4.67228
AT5G02560.1	1434	1235	21.2931	5.63392
AT1G31810.1	4759	4560	138.742	9.9422
AT1G31810.2	3773	3574	11.2576	1.02927
AT4G32810.1	2026	1827	4	0.715418
AT4G32810.2	2104	1905	0	0
AT2G28670.1	1311	1112	11.789	3.46425
AT2G28670.2	1673	1474	28.9408	6.41581
AT1G67800.6	1642	1443	51.6636	11.6992
AT1G67800.3	1977	1778	0	0
AT1G67800.1	1914	1715	6.30515	1.20135
AT1G67800.4	1738	1539	7.8013	1.65641
AT1G67800.5	2190	1991	0	0
AT1G67800.2	2112	1913	10.2299	1.74742
AT5G51750.1	2890	2691	357	43.3504
AT1G60600.1	1734	1535	110.468	23.5161
AT1G60600.2	1950	1751	40.5324	7.56405
AT1G10875.1	1023	824	0	0
AT4G11540.1	1695	1496	0	0
AT1G48390.3	1510	1311	1.86556e-06	4.64992e-07
AT1G48390.1	1493	1294	6	1.51515
AT1G48390.2	1468	1269	0	0
AT3G61130.1	2718	2519	451	58.5042
AT5G45310.1	1388	1189	0	0
AT5G45310.2	1339	1140	3	0.859913
AT4G02489.1	114	4.78619	0	0
AT5G53260.1	531	332	0	0
AT3G01040.1	2422	2223	13.1975	1.93996
AT3G01040.3	2815	2616	0	0
AT3G01040.2	2635	2436	125.802	16.8752
AT2G15570.2	822	623	28.6053	15.0036
AT2G15570.1	1050	851	22.3947	8.59913
AT5G16110.1	1556	1357	230	55.3843
AT5G13780.1	1002	803	269.594	109.707
AT2G25430.1	2585	2386	505	69.1607
AT5G44565.1	686	487	0	0
AT5G44565.3	597	398	8	6.56818
AT5G44565.2	466	267	0	0
AT3G06670.1	3407	3208	334	34.0213
AT3G06670.2	3376	3177	0	0
AT3G57020.2	1427	1228	150.664	40.0913
AT3G57020.1	1529	1330	186.336	45.7808
AT3G61070.1	1241	1042	67.9633	21.313
AT3G61070.3	1827	1628	4.311	0.86529
AT3G61070.2	1152	953	14.384	4.93203
AT3G25070.2	1769	1570	14.3054	2.97741
AT3G25070.1	1378	1179	73.6946	20.4249
AT2G34123.1	246	47.5399	0	0
AT1G09200.1	764	565	330	190.855
AT4G35930.2	1655	1456	9.81492	2.20274
AT4G35930.4	1540	1341	0	0
AT4G35930.1	1613	1414	53.1851	12.2908
AT4G35930.3	1577	1378	0	0
AT1G14190.2	1697	1498	14	3.0539
AT1G14190.1	1506	1307	0	0
AT2G46500.3	1700	1501	0.000176145	3.83468e-05
AT2G46500.2	2503	2304	155.422	22.0429
AT2G46500.1	2645	2446	120.577	16.1082
AT5G05180.1	1836	1637	42.4079	8.46518
AT5G05180.3	1646	1447	17.9555	4.05479
AT5G05180.2	1693	1494	10.6366	2.32643
AT1G15710.1	1781	1582	84	17.3505
AT2G38823.1	1147	948	7	2.41284
AT3G55090.1	2728	2529	10	1.29208
AT2G07810.1	183	11.741	0	0
AT5G02500.1	2555	2356	16238.4	2252.19
AT5G02500.2	1984	1785	34.9048	6.38977
AT1G20940.1	1245	1046	0	0
AT3G03980.1	1095	896	46	16.776
AT3G62750.8	1731	1532	0	0
AT3G62750.5	1812	1613	12.0818	2.44757
AT3G62750.2	1806	1607	0	0
AT3G62750.6	1747	1548	0	0
AT3G62750.7	1834	1635	6.56435	1.31194
AT3G62750.1	1695	1496	53.0655	11.5909
AT3G62750.3	1898	1699	22.6445	4.35519
AT3G62750.4	1853	1654	12.8469	2.53805
AT2G26410.1	2151	1952	8	1.33921
AT2G26410.2	2244	2045	0	0
AT2G44570.2	1969	1770	0	0
AT2G44570.1	1777	1578	10	2.07077
AT3G16190.1	910	711	59	27.1157
AT5G04240.1	4768	4569	151	10.7993
AT1G16940.1	1305	1106	0	0
AT3G15270.1	1872	1673	3	0.585954
AT3G18410.2	987	788	8.12168	3.36789
AT3G18410.1	610	411	231.878	184.356
AT5G17610.1	1029	830	55	21.6532
AT5G65990.1	1608	1409	147	34.0914
AT2G41290.1	1577	1378	81	19.2076
AT1G48355.1	236	38.5618	0	0
AT2G36240.1	1725	1526	100	21.4133
AT4G13800.3	1830	1631	7.04575e-08	1.4116e-08
AT4G13800.10	1559	1360	0	0
AT4G13800.8	1573	1374	0	0
AT4G13800.4	1702	1503	0	0
AT4G13800.7	1646	1447	0	0
AT4G13800.1	1757	1558	0	0
AT4G13800.9	1632	1433	21.1827	4.8303
AT4G13800.2	1844	1645	6.81727	1.3542
AT4G13800.5	1629	1430	0	0
AT4G13800.6	1660	1461	0	0
AT3G63380.1	3877	3678	22	1.95456
AT3G58320.1	675	476	0	0
AT5G07080.1	1715	1516	36	7.75964
AT2G46480.3	1706	1507	0	0
AT2G46480.1	1630	1431	0	0
AT2G46480.4	1662	1463	0	0
AT2G46480.2	1701	1502	0	0
AT4G07524.1	213	22.4695	0	0
AT1G20280.1	612	413	0	0
AT5G61560.1	3036	2837	0	0
AT5G61560.3	3115	2916	0	0
AT5G61560.5	2830	2631	41	5.09215
AT5G61560.4	2900	2701	0	0
AT5G61560.2	2907	2708	0	0
AT4G29200.1	1374	1175	0	0
AT3G11730.1	1197	998	115	37.6535
AT4G37080.4	2712	2513	15.584	2.02639
AT4G37080.3	2619	2420	48.4925	6.54783
AT4G37080.1	2485	2286	25.1264	3.59164
AT4G37080.2	2320	2121	110.797	17.0697
AT1G02065.2	2063	1864	0	0
AT1G02065.1	1712	1513	6	1.29584
AT1G26360.1	1558	1359	3	0.72134
AT5G41960.2	934	735	28	12.4483
AT5G41960.1	964	765	0	0
AT4G16444.1	1121	922	28	9.92351
AT2G34825.1	537	338	0	0
AT1G11290.1	2921	2722	25	3.00117
AT3G54790.1	2946	2747	0	0
AT3G54790.3	2321	2122	0	0
AT3G54790.2	2735	2536	66	8.50419
AT3G08730.2	2405	2206	15.0531	2.22976
AT3G08730.1	1990	1791	944.746	172.369
AT1G55790.1	1432	1233	0	0
AT1G24400.1	1836	1637	15	2.9942
AT2G38210.1	974	775	52.6338	22.1922
AT5G46940.1	784	585	0	0
AT5G57020.1	2012	1813	254	45.7798
AT4G04780.1	789	590	30	16.6153
AT4G24015.1	734	535	11	6.71858
AT4G34730.1	1843	1644	168.555	33.5025
AT4G34730.3	1266	1067	30.7957	9.43115
AT4G34730.2	1759	1560	21.6497	4.53488
AT1G01900.1	2607	2408	50	6.78503
AT5G56010.1	2613	2414	2964	401.217
AT2G23067.1	144	6.5079	0	0
AT1G32330.1	1996	1797	39	7.09177
AT1G32330.2	2056	1857	0	0
AT3G25570.1	1730	1531	34.7443	7.41561
AT3G25570.2	1744	1545	30.2557	6.39907
AT3G16740.1	1682	1483	29	6.38992
AT5G52230.1	2992	2793	12.871	1.50584
AT5G52230.3	2673	2474	17.7451	2.34378
AT5G52230.2	2775	2576	13.3839	1.69776
AT1G06925.1	432	233	0	0
AT2G18650.1	1731	1532	7	1.49306
AT4G39600.2	1908	1709	0	0
AT4G39600.1	1547	1348	3	0.727227
AT1G70020.1	884	685	2	0.954065
AT1G06550.1	1584	1385	246	58.0395
AT5G59960.2	1916	1717	7.2142	1.37295
AT5G59960.3	1797	1598	0	0
AT5G59960.1	1721	1522	70.7858	15.1974
AT1G50960.1	1206	1007	1	0.324496
AT1G10960.1	854	655	1265	631.085
AT2G21450.3	2403	2204	0	0
AT2G21450.2	2936	2737	0	0
AT2G21450.1	2663	2464	0	0
AT5G24630.3	1863	1664	0	0
AT5G24630.7	1841	1642	0	0
AT5G24630.8	1715	1516	0	0
AT5G24630.5	1839	1640	0	0
AT5G24630.2	1591	1392	0	0
AT5G24630.11	1609	1410	0	0
AT5G24630.9	1706	1507	0	0
AT5G24630.12	1598	1399	0	0
AT5G24630.10	1694	1495	0	0
AT5G24630.1	1854	1655	34	6.71304
AT5G24630.4	1851	1652	0	0
AT5G24630.6	1875	1676	0	0
AT1G53480.2	1142	943	0	0
AT1G53480.1	844	645	1	0.506616
AT3G22500.1	1108	909	0	0
AT2G34560.2	1515	1316	111.965	27.8013
AT2G34560.1	1513	1314	237.035	58.9461
ATMG00990.1	360	161	0	0
AT1G73890.1	582	383	2	1.70636
AT5G03170.1	908	709	37	17.0527
AT2G29920.1	616	417	0	0
AT5G20590.2	1217	1018	0	0
AT5G20590.1	1857	1658	116	22.8619
AT5G51870.2	585	386	0	0
AT5G51870.3	914	715	0	0
AT5G51870.5	674	475	0	0
AT5G51870.1	624	425	0	0
AT5G51870.4	907	708	0	0
AT5G16820.2	2000	1801	10.1634	1.84401
AT5G16820.1	1909	1710	19.8366	3.79061
AT1G09360.1	567	368	0	0
AT5G09240.1	600	401	10.7395	8.75141
AT5G09240.3	813	614	1.951	1.03831
AT5G09240.2	719	520	5.30949	3.33648
AT5G11860.2	1546	1347	10.6905	2.59339
AT5G11860.4	1281	1082	21.9641	6.63322
AT5G11860.1	1912	1713	0	0
AT5G11860.5	1420	1221	19.0618	5.10137
AT5G11860.3	1429	1230	39.2836	10.4362
AT1G07890.5	1385	1186	6.4406	1.77452
AT1G07890.3	1022	823	365.117	144.968
AT1G07890.1	1270	1071	473.973	144.611
AT1G07890.7	1137	938	523.981	182.537
AT1G07890.4	1229	1030	59.2109	18.7846
AT1G07890.6	1304	1105	105.162	31.0981
AT1G07890.8	1297	1098	10.1158	3.01048
AT1G07890.2	1267	1068	0	0
AT1G69825.1	222	27.8721	0	0
AT5G63630.2	2451	2252	25.4463	3.69228
AT5G63630.1	2274	2075	3.55369	0.559628
AT1G65270.2	1598	1399	101.704	23.7552
AT1G65270.3	1489	1290	30.4879	7.72282
AT1G65270.1	1340	1141	63.8083	18.2738
AT2G24220.2	1247	1048	0	0
AT2G24220.1	1258	1059	19	5.86268
AT4G30820.20	1157	958	0	0
AT4G30820.16	1414	1215	0	0
AT4G30820.2	974	775	6.11767	2.57942
AT4G30820.26	942	743	8.38386	3.68717
AT4G30820.6	1435	1236	0	0
AT4G30820.4	1768	1569	0	0
AT4G30820.10	1804	1605	0	0
AT4G30820.24	1177	978	0.0511275	0.0170826
AT4G30820.15	1425	1226	0	0
AT4G30820.23	826	627	0	0
AT4G30820.1	970	771	0	0
AT4G30820.11	1738	1539	0	0
AT4G30820.7	1364	1165	9.91502	2.78103
AT4G30820.25	1092	893	0	0
AT4G30820.14	1560	1361	0	0
AT4G30820.22	916	717	0	0
AT4G30820.3	971	772	3.77474e-05	1.59775e-05
AT4G30820.17	1343	1144	0	0
AT4G30820.5	1683	1484	0	0
AT4G30820.18	1338	1139	0	0
AT4G30820.27	867	668	5.53229	2.70624
AT4G30820.9	1279	1080	0	0
AT4G30820.13	1639	1440	0	0
AT4G30820.8	1313	1114	0	0
AT4G30820.21	1018	819	0	0
AT4G30820.19	1334	1135	0	0
AT4G30820.12	1719	1520	0	0
AT5G66052.1	799	600	118	64.2642
AT5G18440.2	1951	1752	0	0
AT5G18440.1	1855	1656	53	10.4581
AT4G28010.1	2929	2730	46	5.50597
AT1G56385.1	553	354	0	0
AT4G36880.1	1468	1269	6	1.545
AT2G24070.2	2580	2381	4.51075	0.619052
AT2G24070.3	2722	2523	0	0
AT2G24070.1	2706	2507	3.65589	0.476516
AT3G21215.3	2158	1959	0	0
AT3G21215.4	2061	1862	66.2846	11.6325
AT3G21215.1	2523	2324	55.3878	7.78782
AT3G21215.2	2063	1864	19.3276	3.38822
AT4G19940.1	1338	1139	0	0
AT5G23800.2	1970	1771	0	0
AT5G23800.1	1659	1460	3	0.671439
AT4G20980.1	2218	2019	375.648	60.7971
AT4G20980.4	2088	1889	104.804	18.1294
AT4G20980.2	2376	2177	0	0
AT4G20980.3	2098	1899	16.7167	2.8765
AT1G14760.2	682	483	3	2.02961
AT1G14760.1	852	653	0	0
AT1G14760.3	469	270	0	0
AT2G27210.2	4030	3831	20.9571	1.78755
AT2G27210.1	3911	3712	174.541	15.3648
AT5G38110.1	1213	1014	60	19.3353
AT2G23310.2	1064	865	110.697	41.8175
AT2G23310.1	1305	1106	41.3029	12.2029
AT3G54950.1	2433	2234	99	14.4807
AT3G22290.1	1624	1425	128.882	29.5539
AT3G22290.2	1788	1589	16.1181	3.31457
AT1G06135.1	559	360	0	0
AT2G20595.1	453	254	0	0
AT1G23780.1	1868	1669	115	22.5154
AT5G26240.2	2967	2768	125	14.7565
AT5G26240.1	2984	2785	0	0
AT4G38680.1	1734	1535	811	172.644
AT3G29000.1	877	678	1	0.481957
AT5G17360.1	1377	1178	7	1.94174
AT4G08593.1	813	614	0	0
AT2G31083.1	698	499	1	0.654844
AT2G31083.2	767	568	0	0
AT2G41160.1	1438	1239	67	17.6702
AT2G41160.2	1428	1229	0	0
AT4G34140.7	2802	2603	0	0
AT4G34140.3	2482	2283	0	0
AT4G34140.4	2859	2660	0	0
AT4G34140.2	1974	1775	40.1001	7.3822
AT4G34140.9	2415	2216	8.9577	1.32089
AT4G34140.5	2746	2547	0	0
AT4G34140.8	2689	2490	0	0
AT4G34140.1	2339	2140	19.0319	2.90607
AT4G34140.6	3058	2859	5.45906	0.623939
AT4G34140.10	2292	2093	8.45127	1.31944
AT3G14180.1	2375	2176	99	14.8667
AT1G69760.1	1584	1385	72	16.9872
AT2G40004.1	368	169	0	0
AT2G21595.1	315	116	0	0
AT4G18650.1	790	591	2	1.10581
AT4G08480.1	3207	3008	49.8231	5.41242
AT3G51160.1	1732	1533	280	59.6835
AT3G52155.4	826	627	0	0
AT3G52155.3	1006	807	0	0
AT3G52155.1	1159	960	86	29.2729
AT3G52155.2	1245	1046	0	0
AT1G33140.1	1001	802	1826.69	744.268
AT1G59600.1	1409	1210	64	17.2836
AT3G50040.3	1707	1508	0	0
AT3G50040.1	1544	1345	3	0.728849
AT3G50040.4	1612	1413	0	0
AT3G50040.2	1773	1574	0	0
AT3G59310.3	1047	848	16.7237	6.4443
AT3G59310.1	1691	1492	39.8149	8.71998
AT3G59310.2	1761	1562	0	0
AT3G17850.1	4620	4421	284	20.9911
AT3G15350.1	1964	1765	57.4272	10.6319
AT3G15350.2	2177	1978	18.5728	3.06824
AT2G32487.4	1004	805	0	0
AT2G32487.2	730	531	4.4188	2.71924
AT2G32487.3	520	321	10.5812	10.7713
AT2G32487.1	894	695	0	0
AT1G50940.1	1391	1192	53	14.5291
AT2G29650.4	2007	1808	100.886	18.2336
AT2G29650.2	1949	1750	137.803	25.7311
AT2G29650.1	2199	2000	52.3512	8.55333
AT2G29650.3	1728	1529	200.96	42.9477
AT4G00100.1	973	774	1210	510.837
AT5G22010.1	3384	3185	102.712	10.5378
AT5G22010.2	3557	3358	14.2883	1.39039
AT1G23935.2	4000	3801	0.0841693	0.00723593
AT1G23935.1	4258	4059	15.2144	1.22482
AT1G23935.3	3726	3527	16.3156	1.5116
AT1G61950.1	1861	1662	1	0.196611
AT3G26280.2	1920	1721	8.27404	1.571
AT3G26280.1	1712	1513	19.726	4.26027
AT5G11416.1	675	476	0	0
AT1G63206.1	833	634	0	0
AT1G63206.2	868	669	0	0
AT4G28360.1	1250	1051	191.302	59.4778
AT4G31560.1	777	578	82	46.358
AT5G19330.2	1969	1770	0	0
AT5G19330.1	2752	2553	293	37.5021
AT4G00240.3	2914	2715	0	0
AT4G00240.2	3096	2897	9.85885e-08	1.11203e-08
AT4G00240.1	3201	3002	20.1616	2.19459
AT1G64065.1	1275	1076	2	0.607374
AT2G25930.1	2749	2550	55	7.04792
AT3G62560.1	1100	901	82	29.7391
AT5G64630.1	1905	1706	13.3712	2.56112
AT5G64630.3	1754	1555	0	0
AT5G64630.2	1839	1640	26.6288	5.30574
AT1G16400.1	2018	1819	166.842	29.9716
AT5G04980.4	1633	1434	8.00302	1.82366
AT5G04980.3	1964	1765	15.997	2.96164
AT5G04980.1	2251	2052	0	0
AT5G04980.2	2136	1937	0	0
AT4G29285.1	435	236	0	0
AT3G23637.1	162	8.26769	0	0
AT3G45040.2	2138	1939	0	0
AT3G45040.1	2053	1854	39.0316	6.87931
AT3G45040.3	1958	1759	14.9684	2.78066
AT2G30360.1	1867	1668	40	7.83614
AT2G38490.1	1296	1097	4	1.19149
AT1G10745.1	392	193	0	0
AT5G16660.1	1044	845	56.1255	21.7041
AT5G16660.2	773	574	96.8745	55.1488
AT5G08250.1	1791	1592	8	1.64205
AT5G08250.2	1954	1755	0	0
AT3G61670.1	2876	2677	114.321	13.9546
AT3G61670.2	2969	2770	29.6787	3.50109
AT1G31780.1	2323	2124	161	24.7691
AT5G19470.2	1486	1287	0	0
AT5G19470.1	1357	1158	1	0.282182
AT2G17043.1	520	321	0	0
AT1G05850.2	1905	1706	5.30268	1.01568
AT1G05850.1	1620	1421	1934.7	444.895
AT1G60810.1	1560	1361	129.392	31.0661
AT1G60810.2	1608	1409	0	0
AT1G28265.1	276	77.0053	1	4.24344
AT4G12735.1	519	320	4	4.08459
AT2G21320.1	1093	894	260.218	95.1127
AT3G14870.3	2841	2642	5.11309	0.632396
AT3G14870.2	2086	1887	33.8869	5.86811
AT3G14870.5	2332	2133	0	0
AT3G14870.4	2050	1851	4.01777e-05	7.09279e-06
AT3G14870.1	2969	2770	0	0
AT3G61250.1	1677	1478	26	5.74827
AT5G23700.3	1825	1626	9.91019e-07	1.99159e-07
AT5G23700.2	2817	2618	0	0
AT5G23700.1	1804	1605	3	0.610779
AT1G08980.1	1573	1374	77	18.3123
AT2G32450.1	3079	2880	105.815	12.0058
AT4G13460.2	2763	2564	0	0
AT4G13460.1	2711	2512	130	16.9107
AT5G01460.1	2352	2153	187	28.3815
AT5G49420.1	1337	1138	0	0
AT5G38940.2	1085	886	54.3558	20.0471
AT5G38940.1	922	723	174.371	78.8087
AT5G25910.1	2436	2237	7	1.02252
AT4G21740.1	1086	887	42	15.4726
AT3G05480.2	2031	1832	0	0
AT3G05480.1	2102	1903	6.9326	1.19041
AT3G05480.3	1553	1354	7.0674	1.70561
AT2G24790.1	1207	1008	569.413	184.589
AT2G24790.2	726	527	5.58682	3.46412
AT5G63790.1	1317	1118	258.735	75.6225
AT5G63790.2	1207	1008	19.2654	6.24534
AT4G27680.1	1766	1567	137	28.5687
AT4G30390.1	782	583	24	13.4518
AT1G74010.1	1505	1306	16	4.00327
AT1G51640.1	2528	2329	22	3.08668
AT4G38092.2	368	169	0	0
AT4G38092.1	595	396	0	0
AT5G22140.1	1629	1430	48.6809	11.124
AT5G22140.2	1394	1195	50.3191	13.7595
AT4G24320.1	1762	1563	7	1.46345
AT5G52220.1	457	258	0	0
AT5G52220.2	457	258	9	11.3989
AT1G74440.1	1202	1003	11.0629	3.60419
AT1G74440.2	1863	1664	1.6656	0.327081
AT5G67400.1	1296	1097	97	28.8937
AT2G01310.1	530	331	0	0
AT2G17500.4	1637	1438	31.4646	7.14992
AT2G17500.3	1638	1439	14.1655	3.21669
AT2G17500.1	1676	1477	0	0
AT2G17500.2	1724	1525	20.37	4.36474
AT4G21150.2	2239	2040	9.60577	1.53865
AT4G21150.1	2474	2275	206.321	29.6347
AT4G21150.3	2426	2227	245.073	35.9596
AT3G29040.1	1234	1035	0	0
AT5G28740.1	3152	2953	308	34.082
AT1G59930.1	593	394	3	2.48807
AT4G09760.3	1554	1355	25.7203	6.20262
AT4G09760.2	1333	1134	15.9093	4.58434
AT4G09760.4	772	573	2.04123	1.16406
AT4G09760.1	1381	1182	31.3291	8.66103
AT2G27730.4	1050	851	5.40441	2.07519
AT2G27730.1	926	727	325.872	146.471
AT2G27730.3	1095	896	0	0
AT2G27730.2	1688	1489	3.72314	0.817057
AT3G47790.3	3082	2883	0	0
AT3G47790.2	3142	2943	0	0
AT3G47790.1	2960	2761	23	2.72207
AT1G79190.1	4316	4117	55.5588	4.40971
AT1G79190.2	4242	4043	16.4412	1.32883
AT1G79250.4	1961	1762	0	0
AT1G79250.2	2243	2044	0	0
AT1G79250.3	1963	1764	0	0
AT1G79250.1	2183	1984	1	0.164701
AT1G48550.2	1247	1048	6.50104e-07	2.02703e-07
AT1G48550.1	1295	1096	35	10.4351
AT3G04700.1	1073	874	0	0
AT5G27560.1	1645	1446	227	51.2975
AT5G27560.4	1711	1512	0	0
AT5G27560.2	1605	1406	0	0
AT5G27560.3	1827	1628	0	0
AT2G39780.2	978	779	30.1045	12.6279
AT2G39780.1	1179	980	160.896	53.6483
AT1G77730.1	1291	1092	3	0.897712
AT3G22440.1	2185	1986	964	158.612
AT3G53570.2	1868	1669	37.9318	7.42653
AT3G53570.4	1847	1648	0	0
AT3G53570.5	1692	1493	17.0682	3.73565
AT3G53570.3	1822	1623	0	0
AT3G53570.1	2077	1878	0	0
AT4G25860.2	1321	1122	1.23795e-05	3.60537e-06
AT4G25860.1	1308	1109	7.99999	2.3572
AT5G40155.1	514	315	0	0
AT5G42070.1	705	506	164	105.909
AT2G20470.3	2016	1817	0	0
AT2G20470.1	2096	1897	0	0
AT2G20470.2	1989	1790	0	0
AT2G10950.3	1414	1215	63	16.9435
AT2G10950.2	1460	1261	0	0
AT2G10950.1	1377	1178	0	0
AT3G17265.1	1038	839	0	0
AT3G63090.1	1635	1436	17	3.86841
AT2G44500.2	2311	2112	26.6322	4.12051
AT2G44500.1	2371	2172	62.3678	9.38294
AT3G46890.1	788	589	3	1.66435
AT5G13490.2	1598	1399	1.94663	0.454677
AT5G13490.1	1777	1578	88.0658	18.2364
AT1G63610.2	1533	1334	41.6224	10.1955
AT1G63610.3	1448	1249	92.9686	24.3227
AT1G63610.1	1687	1488	38.4091	8.43469
AT1G32690.1	953	754	23	9.9677
AT5G43490.1	991	792	0	0
AT1G71840.1	1681	1482	173	38.1449
AT5G22470.1	2837	2638	0	0
AT4G29460.1	821	622	0	0
AT4G13965.1	1272	1073	0	0
AT3G54000.3	1888	1689	16.1759	3.12951
AT3G54000.1	2178	1979	6.82414	1.12678
AT3G54000.2	2267	2068	0	0
AT5G41470.1	1095	896	6	2.18817
AT5G17520.2	1747	1548	0	0
AT5G17520.1	1662	1463	101	22.5588
AT4G39240.1	1470	1271	107	27.5091
AT3G12440.1	1153	954	1	0.342523
AT3G19515.2	2760	2561	113	14.4181
AT5G25620.2	2111	1912	0	0
AT5G25620.1	2377	2178	40	6.00123
AT2G46780.2	1567	1368	9.7513	2.32924
AT2G46780.1	1953	1754	77.2487	14.3913
AT5G37650.1	1824	1625	0	0
AT5G04937.1	615	416	0	0
AT3G09010.2	1943	1744	17	3.18523
AT3G09010.1	1863	1664	4.70471e-07	9.23885e-08
AT4G39330.1	1379	1180	861	238.429
AT4G39330.2	1264	1065	0	0
AT1G55560.1	2036	1837	0	0
AT3G58880.1	1365	1166	0	0
AT1G73820.2	919	720	3.60558e-07	1.63637e-07
AT1G73820.1	932	733	31	13.8196
AT3G45248.1	345	146	0	0
AT1G08860.1	2151	1952	0	0
AT5G46915.1	1018	819	1	0.398983
AT2G07140.2	1200	1001	0	0
AT2G07140.1	1329	1130	0	0
AT5G23860.1	1865	1666	134.007	26.284
AT5G23860.2	1567	1368	54.2077	12.9483
AT1G07870.1	1816	1617	72	14.5499
AT1G07870.2	2000	1801	0	0
AT5G65290.1	2807	2608	76	9.52235
AT5G65290.2	2835	2636	0	0
AT2G35300.1	634	435	1	0.751189
AT1G28670.1	1672	1473	196.68	43.6312
AT4G37270.1	2870	2671	256	31.3188
AT5G10510.2	2566	2367	0	0
AT5G10510.5	2748	2549	0	0
AT5G10510.4	2491	2292	36.4047	5.19017
AT5G10510.1	1984	1785	26.2001	4.79626
AT5G10510.3	2471	2272	11.1399	1.60218
AT5G10510.7	1857	1658	0	0
AT5G10510.6	1794	1595	0	0
AT4G14365.1	1739	1540	64	13.5799
AT1G18270.2	4446	4247	46.1639	3.55188
AT1G18270.3	4501	4302	0.584143	0.0443698
AT1G18270.1	4607	4408	191.252	14.1776
AT1G18270.4	4625	4426	0	0
AT2G26980.3	2183	1984	73.8446	12.1623
AT2G26980.2	1381	1182	6.53868	1.80764
AT2G26980.5	2151	1952	9.00033	1.50667
AT2G26980.4	2153	1954	26.9139	4.50081
AT2G26980.1	2059	1860	34.7025	6.09658
AT5G51130.1	1365	1166	23.398	6.5572
AT5G51130.2	1066	867	2.60201	0.980681
AT3G51810.1	925	726	0	0
AT3G51810.2	779	580	0	0
AT2G22100.1	2041	1842	46	8.16031
AT2G47935.1	875	676	20.9462	10.125
AT4G14450.1	675	476	0	0
AT3G57430.1	2932	2733	22	2.6304
AT3G33187.1	267	68.0268	0	0
AT5G43400.1	2398	2199	68	10.1047
AT1G69330.1	1541	1342	38	9.25272
AT1G51560.1	1652	1453	64	14.393
AT2G15318.1	708	509	0	0
AT1G07560.1	2673	2474	19	2.50953
AT1G80450.1	1520	1321	17	4.20518
AT4G10400.1	1784	1585	0	0
AT4G10400.3	1697	1498	25.3311	5.52562
AT4G10400.2	1701	1502	12.2839	2.67243
AT1G03100.1	2817	2618	22	2.74594
AT1G27030.1	1596	1397	95	22.2211
AT2G46790.3	2045	1846	43.4668	7.69422
AT2G46790.4	2039	1840	0.353395	0.0627597
AT2G46790.2	1862	1663	192.658	37.8559
AT2G46790.1	1952	1753	103.923	19.3717
AT2G46790.5	1938	1739	27.2017	5.11133
AT3G49796.1	368	169	0	0
AT2G44310.1	805	606	106	57.1573
AT5G16730.1	3138	2939	345	38.3582
AT3G26170.1	1874	1675	0	0
AT3G29180.2	1828	1629	72.6945	14.5821
AT3G29180.1	2130	1931	102.305	17.3122
AT3G29180.3	1881	1682	0.000934375	0.000181524
AT2G07776.2	883	684	2.47378	1.1818
AT3G45730.1	911	712	10	4.58943
AT1G03820.1	1127	928	43	15.1411
AT2G29090.1	2000	1801	0	0
AT2G29090.3	1514	1315	5.04167	1.25281
AT2G29090.4	1515	1316	0	0
AT2G29090.2	1874	1675	13.9583	2.72306
AT4G16155.1	1704	1505	307	66.6562
AT1G19060.1	864	665	0	0
AT1G43310.1	340	141	0	0
AT4G39480.1	2102	1903	3	0.515135
AT1G20803.1	552	353	0	0
AT3G09350.2	1522	1323	0.00227415	0.000561692
AT3G09350.3	1766	1567	0	0
AT3G09350.4	1623	1424	0	0
AT3G09350.1	1561	1362	190.998	45.8236
AT5G56350.1	2190	1991	399	65.4847
AT4G39880.1	984	785	136	56.6119
AT1G35730.1	1695	1496	0	0
AT1G35730.2	2017	1818	0	0
AT2G05420.1	1002	803	0	0
AT4G18593.2	1204	1005	7.68616	2.49909
AT4G18593.1	861	662	40.3138	19.8992
AT1G66780.1	1748	1549	0	0
AT1G23550.1	1416	1217	8	2.14802
AT2G03370.2	1599	1400	0	0
AT2G03370.1	1553	1354	0	0
AT3G56640.1	2766	2567	54	6.87395
AT5G60150.1	3998	3799	29.8246	2.56533
AT5G60150.2	4266	4067	15.1754	1.21928
AT2G40140.1	2463	2264	94.662	13.6627
AT2G40140.2	2176	1977	92.338	15.262
AT5G63140.1	1554	1355	61	14.7105
AT4G25890.1	778	579	202	114.002
AT2G43470.1	1149	950	1	0.343965
AT2G32510.1	1539	1340	10	2.43856
AT5G36470.1	604	405	0	0
AT3G18800.1	877	678	34	16.3866
AT2G46260.1	2361	2162	120	18.1369
AT2G41710.3	1776	1577	0	0
AT2G41710.2	1686	1487	0.000520023	0.000114275
AT2G41710.4	1527	1328	0	0
AT2G41710.1	1671	1472	58.9995	13.0972
AT1G25320.1	2515	2316	27	3.80946
AT3G45540.1	1047	848	0	0
AT3G45540.2	1018	819	0	0
AT3G06600.1	915	716	5	2.28189
AT3G06600.3	1499	1300	0	0
AT3G06600.2	986	787	0	0
AT4G19865.1	1557	1358	11	2.64686
AT2G23450.1	2657	2458	37.8101	5.02649
AT2G23450.2	2864	2665	39.1899	4.80524
AT3G18340.1	1086	887	0	0
AT4G39500.2	1632	1433	0	0
AT4G39500.1	1410	1211	0	0
AT5G10120.1	1623	1424	1	0.229471
AT1G13040.1	1652	1453	3.15564	0.709677
AT1G13040.2	2216	2017	9.84436	1.59485
AT2G46770.1	1384	1185	0	0
AT5G59920.1	2591	2392	110.728	15.1263
AT4G15930.2	1169	970	2.14889	0.723904
AT4G15930.1	797	598	82.8511	45.2726
AT5G22480.1	1977	1778	101.845	18.7175
AT3G14070.1	2420	2221	13.1548	1.93542
AT5G35810.1	1044	845	0	0
AT2G20500.1	925	726	6	2.70055
AT5G63740.1	681	482	0	0
AT3G53100.1	1801	1602	108	22.0292
AT5G13880.2	1065	866	4.89266	1.84614
AT5G13880.1	888	689	8.10734	3.84501
AT2G44950.1	3469	3270	135	13.4904
AT2G44950.2	2557	2358	0	0
AT3G23670.2	3273	3074	0	0
AT3G23670.1	4330	4131	96	7.59372
AT1G08340.1	1615	1416	15	3.46152
AT1G60625.1	246	47.5399	0	0
AT3G13180.1	2098	1899	155	26.6714
AT4G10660.1	954	755	0	0
AT2G07633.1	1499	1300	1	0.251359
AT4G22230.2	351	152	0	0
AT4G22230.1	369	170	1	1.92216
AT2G03130.1	470	271	0	0
AT3G21860.1	724	525	0	0
AT4G34280.1	2636	2437	62	8.31332
AT2G02497.1	353	154	0	0
AT3G17900.2	2919	2720	124.966	15.0127
AT3G17900.1	3064	2865	79.0345	9.01427
AT3G26140.3	1927	1728	0	0
AT3G26140.2	1854	1655	0	0
AT3G26140.1	1587	1388	0	0
AT1G11610.1	1633	1434	0	0
AT1G11610.2	1683	1484	0	0
AT1G32420.1	909	710	0	0
AT1G66530.1	2059	1860	115.504	20.2919
AT2G39500.1	980	781	36	15.0622
AT3G47860.1	1322	1123	94	27.3518
AT1G54700.1	248	49.4247	0	0
AT1G69610.3	2360	2161	13.9447	2.10859
AT1G69610.1	2051	1852	15.0143	2.64912
AT1G69610.2	2371	2172	0.0410211	0.00617143
AT2G42480.1	1370	1171	0	0
AT1G74650.2	1761	1562	0	0
AT1G74650.3	1659	1460	12.1848	2.72712
AT1G74650.1	1588	1389	4.81517	1.13279
AT3G55665.1	666	467	0	0
AT4G18400.1	534	335	12	11.7051
AT1G10090.1	2910	2711	65	7.8347
AT5G39950.1	697	498	135	88.5814
ATMG01110.1	756	557	0	0
AT3G18190.1	2076	1877	635	110.547
AT5G01100.1	2473	2274	13	1.86806
AT3G25050.1	1092	893	0	0
AT4G29050.1	2131	1932	6	1.0148
AT4G29050.2	2366	2167	0	0
AT5G06400.1	3390	3191	10	1.02403
AT3G25680.1	1927	1728	74	13.9935
AT1G08390.1	744	545	10	5.99573
AT1G08390.2	546	347	0	0
AT5G11490.2	2918	2719	6.27631e-07	7.54281e-08
AT5G11490.3	3116	2917	0	0
AT5G11490.1	3053	2854	289	33.0889
AT5G02770.1	1732	1533	378	80.5727
AT1G34042.1	277	78.0044	0	0
AT1G19610.1	620	421	2	1.55234
AT4G29260.1	1120	921	97	34.4152
AT2G21620.1	1113	914	231	82.5856
AT2G21620.2	1028	829	2.06103e-05	8.12399e-06
AT1G44575.2	1520	1321	52.9066	13.0872
AT1G44575.3	1288	1089	38.2105	11.4655
AT1G44575.1	1231	1032	5079.88	1608.47
AT3G13235.2	1552	1353	0	0
AT3G13235.3	1590	1391	29.4337	6.91443
AT3G13235.1	1595	1396	133.566	31.2644
AT3G12750.1	1412	1213	29	7.81224
AT5G18390.1	1767	1568	28	5.83513
AT1G67080.2	1411	1212	0	0
AT1G67080.1	1339	1140	105	30.097
AT5G66480.1	1716	1517	10	2.15404
AT4G08690.3	1117	918	5.4709	1.9474
AT4G08690.1	1303	1104	65.5291	19.3956
AT4G08690.2	1311	1112	0	0
AT5G17920.1	3149	2950	2055.96	227.736
AT5G17920.2	2798	2599	9647.11	1212.91
AT1G48130.1	1059	860	0	0
AT5G25390.2	1070	871	0	0
AT5G25390.1	944	745	3	1.31584
AT2G24395.1	641	442	33	24.3966
AT3G30705.1	108	4.54805	0	0
AT4G39280.2	1751	1552	0	0
AT4G39280.1	1781	1582	250	51.6383
AT2G40430.2	1794	1595	252.16	51.66
AT2G40430.3	1527	1328	0	0
AT2G40430.1	1956	1757	81.5311	15.1632
AT1G01540.2	2158	1959	124.505	20.7678
AT1G01540.1	1908	1709	195.495	37.3794
AT2G17730.2	1269	1070	11.0703	3.38075
AT2G17730.1	1582	1383	30.9297	7.30789
AT2G06904.1	654	455	0	0
AT4G36410.1	631	432	6	4.53843
AT1G79450.2	1571	1372	0	0
AT1G79450.1	1575	1376	30	7.12428
AT5G06070.1	1037	838	0	0
AT4G25240.1	2318	2119	0	0
AT4G25240.2	2239	2040	63	10.0913
AT4G10767.1	346	147	0	0
AT5G45090.1	1087	888	0	0
AT5G45090.2	1158	959	0	0
AT2G02740.1	1104	905	64	23.1084
AT5G20045.1	781	582	3	1.68437
AT5G42680.1	1243	1044	3.34615	1.04733
AT5G42680.2	931	732	26.6538	11.8984
AT1G77950.4	1144	945	0	0
AT1G77950.1	1131	932	0	0
AT1G77950.2	923	724	1	0.451336
AT1G77950.3	1051	852	0	0
AT5G36810.1	412	213	0	0
AT3G10960.1	2246	2047	26	4.15044
AT1G47540.2	479	280	0	0
AT1G47540.1	505	306	0	0
AT5G39300.1	936	737	0	0
AT1G17100.1	941	742	497	218.872
AT5G41040.2	1736	1537	3.82961e-06	8.14177e-07
AT5G41040.1	1737	1538	133	28.2575
AT1G52420.1	2787	2588	229	28.9141
AT1G35320.3	1306	1107	19.9756	5.89646
AT1G35320.1	1564	1365	23.3026	5.5784
AT1G35320.2	2135	1936	3.72177	0.628177
AT3G18930.1	2460	2261	8.00504	1.15692
AT3G18930.3	2494	2295	2.89655e-07	4.12417e-08
AT3G18930.2	2014	1815	15.2657	2.74839
AT3G59480.1	1253	1054	8	2.48021
AT5G61970.1	2324	2125	284	43.6715
AT5G55280.1	1564	1365	241	57.6929
AT3G47370.1	753	554	430.713	254.048
AT3G47370.2	620	421	1.93405	1.50115
AT3G47370.3	767	568	36.3533	20.9138
AT3G46180.2	1839	1640	0	0
AT3G46180.1	1776	1577	50	10.3604
AT2G31981.1	114	4.78619	0	0
AT2G04690.1	1069	870	26.0382	9.77982
AT2G04690.3	1192	993	0	0
AT2G04690.5	1144	945	9.97007	3.4475
AT2G04690.6	902	703	0.853796	0.39686
AT2G04690.2	1104	905	0	0
AT2G04690.4	817	618	14.1379	7.4754
AT5G07620.1	1273	1074	15	4.56379
AT1G64040.1	1743	1544	262	55.4488
AT1G07135.1	908	709	7	3.22619
AT4G33680.1	1645	1446	554	125.193
AT4G33925.1	817	618	0	0
AT4G33925.2	547	348	4	3.75594
AT3G51530.1	1693	1494	36	7.87391
AT4G02910.1	381	182	0	0
AT3G54810.2	1858	1659	179.637	35.3824
AT3G54810.1	1701	1502	53.3631	11.6094
AT5G40480.1	6292	6093	225	12.0667
AT4G19580.1	939	740	0	0
AT2G22500.1	2077	1878	124	21.5757
AT1G73920.2	2654	2455	137.649	18.3214
AT1G73920.1	2802	2603	70.3514	8.83154
AT3G24490.1	1802	1603	100	20.3847
AT4G32290.1	1780	1581	41	8.47404
AT1G61440.3	2498	2299	0.00261787	0.000372089
AT1G61440.2	3368	3169	0	0
AT1G61440.1	2486	2287	1.06446	0.15209
AT5G43570.2	540	341	0	0
AT5G43570.1	551	352	0	0
AT3G27740.2	1352	1153	66.6883	18.8999
AT3G27740.1	1676	1477	296.312	65.5551
AT3G52180.2	1811	1612	14.654	2.9705
AT3G52180.4	1142	943	38.0848	13.1971
AT3G52180.3	1701	1502	3.15392	0.686151
AT3G52180.1	1693	1494	13.1073	2.86683
AT3G25210.1	1712	1513	29	6.26322
AT3G02760.1	3268	3069	216.77	23.0802
AT3G02760.2	2999	2800	145.23	16.9488
AT3G05425.1	132	5.68809	0	0
AT5G40120.1	1158	959	0	0
AT5G15140.1	1758	1559	0	0
AT1G71990.1	1536	1337	10	2.44403
AT5G56430.1	1170	971	0	0
AT5G41380.1	1954	1755	4	0.744768
AT4G01760.1	2170	1971	1	0.165787
AT1G77870.1	1203	1004	4	1.30186
AT4G20300.1	1938	1739	9.75339	1.83271
AT4G20300.2	1935	1736	176.247	33.1749
AT4G35730.1	1767	1568	78	16.255
AT3G07255.1	1219	1020	0	0
AT1G17820.1	2856	2657	67	8.23989
AT3G22740.1	1622	1423	14	3.21486
AT1G68920.2	2203	2004	9.74616	1.58918
AT1G68920.4	2220	2021	16.0246	2.59096
AT1G68920.1	2429	2230	0	0
AT1G68920.3	2273	2074	36.2292	5.70806
AT4G18820.1	4345	4146	145	11.4282
AT1G18700.3	2088	1889	24.7323	4.27829
AT1G18700.1	2785	2586	6.66877	0.842667
AT1G18700.5	2435	2236	44.6191	6.52059
AT1G18700.6	2280	2081	12.723	1.99782
AT1G18700.2	2469	2270	1.15511e-06	1.66279e-07
AT1G18700.4	2387	2188	14.2569	2.12919
AT1G16130.1	2753	2554	3	0.38383
AT5G60290.1	462	263	0	0
AT4G22150.1	1101	902	117	42.3855
AT5G53490.1	1013	814	91.5588	36.7548
AT5G53490.3	955	756	0	0
AT5G53490.2	910	711	205.667	94.5221
AT5G53490.4	1044	845	81.7742	31.6226
AT5G64120.1	1342	1143	436	124.646
AT2G31280.1	3309	3110	93.5338	9.82758
AT2G31280.3	3043	2844	28.6169	3.288
AT2G31280.2	2172	1973	9.84924	1.63123
AT2G32430.1	1960	1761	57	10.5768
AT1G55750.2	2904	2705	0	0
AT1G55750.4	2502	2303	0	0
AT1G55750.6	2227	2028	49.1762	7.92365
AT1G55750.1	2629	2430	0	0
AT1G55750.5	2388	2189	10.8238	1.61574
AT1G55750.3	2790	2591	0	0
AT5G36440.1	357	158	0	0
AT3G26400.1	2111	1912	142	24.2683
AT5G48515.1	276	77.0053	0	0
AT3G13370.1	567	368	0	0
AT2G34660.2	5352	5153	453.253	28.7421
AT2G34660.1	5617	5418	29.5001	1.77919
AT2G34660.3	4325	4126	236.247	18.71
AT3G62820.1	1195	996	44	14.4355
AT4G01290.2	3782	3583	425.793	38.832
AT4G01290.1	4428	4229	55.718	4.30523
AT1G54210.1	723	524	20.549	12.8144
AT1G54210.3	452	253	0	0
AT1G54210.2	570	371	3.45098	3.03953
AT5G42150.1	1704	1505	111	24.1004
AT1G61250.2	1312	1113	0	0
AT1G61250.1	1403	1204	208	56.4515
AT5G05220.1	772	573	0	0
AT1G17150.1	1209	1010	0	0
AT2G36350.1	3414	3215	94	9.554
AT1G19020.1	704	505	23	14.8825
AT2G29540.1	1003	804	8.19032	3.32877
AT2G29540.3	1019	820	0	0
AT2G29540.2	969	770	27.0809	11.4924
AT1G80160.3	1366	1167	0	0
AT1G80160.2	960	761	0	0
AT1G80160.1	1291	1092	0	0
AT5G17680.2	4006	3807	0	0
AT5G17680.1	3885	3686	11	0.97516
AT2G24370.1	3247	3048	0	0
AT2G36990.1	2044	1845	416	73.6776
AT1G36960.1	546	347	0	0
AT1G53660.5	985	786	0	0
AT1G53660.2	1568	1369	0	0
AT1G53660.4	1235	1036	0	0
AT1G53660.1	1148	949	5.06224	1.74307
AT1G53660.3	1389	1190	4.93776	1.35588
AT3G14850.2	1434	1235	27	7.1439
AT3G14850.1	1495	1296	0	0
AT3G22570.2	601	402	5.37657	4.37036
AT3G22570.1	657	458	0	0
AT5G60945.1	392	193	0	0
AT1G17480.1	1747	1548	18	3.79962
AT3G11450.1	2529	2330	263	36.884
AT1G65230.1	1103	904	236	85.3065
AT4G15110.1	2143	1944	275	46.2248
AT3G13772.1	2386	2187	281	41.9852
AT4G10670.1	1536	1337	0	0
AT5G04010.1	992	793	0	0
AT2G13845.1	429	230	0	0
AT3G10605.2	280	81.0024	0	0
AT3G10605.1	312	113	0	0
AT3G51120.1	4106	3907	133	11.1236
AT4G24265.3	620	421	0	0
AT4G24265.1	609	410	9	7.17294
AT4G24265.2	693	494	0	0
AT2G39040.1	1346	1147	13	3.70355
AT1G72900.1	1380	1181	28	7.74723
AT2G40745.1	744	545	0	0
AT4G18690.1	1042	843	0	0
AT2G36260.1	673	474	0	0
AT4G16700.2	1725	1526	27.182	5.82056
AT4G16700.1	1732	1533	0.142066	0.0302822
AT1G48570.1	3011	2812	105.1	12.2131
AT5G22900.1	2469	2270	0	0
AT3G57480.1	1667	1468	0	0
AT3G57480.2	1314	1115	20	5.86129
AT5G63560.1	1672	1473	65	14.4195
AT2G24205.1	415	216	0	0
AT2G31500.1	2305	2106	0	0
AT1G40090.1	219	25.9389	0	0
AT3G05685.2	1026	827	0	0
AT3G05685.1	1004	805	0	0
AT3G05685.3	937	738	8	3.54219
AT4G29620.1	1225	1026	0	0
AT1G22880.2	2108	1909	33.8804	5.79937
AT1G22880.3	1986	1787	13.1196	2.39902
AT1G22880.1	2027	1828	0	0
AT1G10310.1	1144	945	60	20.7471
AT4G38065.1	576	377	0	0
AT1G75690.1	1358	1159	591	166.626
AT1G67600.1	1250	1051	7	2.17637
AT3G51990.1	1632	1433	34	7.75302
AT4G26700.3	2671	2472	0	0
AT4G26700.6	2686	2487	0	0
AT4G26700.5	2766	2567	0	0
AT4G26700.7	2584	2385	39.7528	5.44651
AT4G26700.1	2509	2310	77.2748	10.9311
AT4G26700.2	2560	2361	25.9724	3.59463
AT4G26700.4	2687	2488	0	0
AT1G21580.1	7442	7243	0.128275	0.0057871
AT1G21580.6	7383	7184	0.472005	0.0214694
AT1G21580.3	7779	7580	7.72288e-07	3.32927e-08
AT1G21580.9	5091	4892	0	0
AT1G21580.4	7705	7506	140.027	6.09596
AT1G21580.8	7658	7459	44.2286	1.93758
AT1G21580.2	7844	7645	0	0
AT1G21580.7	7374	7175	126.144	5.7449
AT1G21580.5	7448	7249	2.89289e-07	1.30404e-08
AT1G73130.3	2382	2183	18.2423	2.73065
AT1G73130.1	2750	2551	0	0
AT1G73130.2	2043	1844	1.00813e-05	1.78646e-06
AT1G73130.4	2486	2287	0	0
AT1G73130.5	2023	1824	2.75764	0.494028
AT2G03740.1	857	658	0	0
AT5G11720.1	3056	2857	136	15.5549
AT2G17930.1	12118	11919	518.252	14.2082
AT5G61997.1	120	5.05223	0	0
AT2G07669.1	767	568	0	0
AT3G61520.1	2562	2363	46.8896	6.48412
AT5G51700.2	1764	1565	3.76124	0.785334
AT5G51700.1	1053	854	35.2388	13.4835
AT4G15480.1	1716	1517	31	6.67751
AT3G28030.3	4781	4582	1.28797	0.0918518
AT3G28030.2	4736	4537	46.1033	3.32049
AT3G28030.1	4768	4569	33.6087	2.40364
AT3G28030.4	4199	4000	0	0
AT5G35620.1	1035	836	109.124	42.6531
AT5G35620.3	944	745	184.92	81.1082
AT5G35620.2	1293	1094	2.95697	0.883217
AT1G71470.1	629	430	0	0
AT1G71470.2	622	423	0	0
AT5G35750.1	4459	4260	123	9.43483
AT2G35750.1	520	321	51	51.9163
AT1G68795.1	1061	862	11	4.16988
AT5G10350.6	1186	987	1.1937	0.395199
AT5G10350.5	1539	1340	3.71092	0.90493
AT5G10350.2	1006	807	69.2014	28.0208
AT5G10350.3	1487	1288	5.06157	1.28413
AT5G10350.4	1841	1642	4.43911	0.883408
AT5G10350.1	1157	958	47.3933	16.1655
AT1G04510.2	1981	1782	215.349	39.4888
AT1G04510.1	2193	1994	84.6509	13.8722
AT3G16310.1	1506	1307	126	31.5017
AT4G13700.2	1273	1074	0	0
AT4G13700.1	1377	1178	0	0
AT5G56600.1	396	197	28	46.4441
AT5G56600.2	327	128	0	0
AT4G11320.1	2338	2139	245.409	37.4903
AT4G11320.2	1632	1433	408.591	93.171
AT2G37670.1	2712	2513	0	0
AT2G37670.2	3146	2947	7	0.776169
AT5G17830.1	1630	1431	0	0
AT5G17830.2	1730	1531	0	0
AT4G31340.2	1889	1690	0.00710817	0.00137439
AT4G31340.1	1931	1732	614.993	116.027
AT1G45150.1	2423	2224	49	7.19946
AT5G20700.1	1757	1558	1486	311.666
AT5G09445.1	922	723	12	5.42352
AT5G40570.2	787	588	3.99976	2.22277
AT5G40570.1	792	593	0.000240113	0.000132312
AT1G17850.1	1778	1579	40.372	8.3548
AT1G17850.2	2011	1812	29.861	5.38499
AT5G57410.3	1455	1256	12.0478	3.13442
AT5G57410.1	1739	1540	4.24154e-07	8.99998e-08
AT5G57410.2	1509	1310	24.9522	6.22408
AT5G46490.5	2987	2788	0.0012989	0.000152237
AT5G46490.3	3050	2851	0	0
AT5G46490.8	2148	1949	4.74839	0.79611
AT5G46490.1	1467	1268	10.2876	2.65114
AT5G46490.6	2864	2665	25.6643	3.14682
AT5G46490.7	2086	1887	18.5996	3.22085
AT5G46490.4	2927	2728	0	0
AT5G46490.2	2649	2450	0.0697488	0.0093027
AT2G32700.3	3031	2832	0	0
AT2G32700.4	3002	2803	151.828	17.6997
AT2G32700.7	3001	2802	0	0
AT2G32700.1	3045	2846	0.0144291	0.0016567
AT2G32700.6	3039	2840	121.491	13.9786
AT2G32700.5	2847	2648	0.000277769	3.4277e-05
AT2G32700.2	2902	2703	186.666	22.5662
AT5G12100.1	2834	2635	43	5.33244
AT2G41190.1	2307	2108	16	2.48021
AT2G41190.2	2411	2212	0	0
AT4G19640.3	1740	1541	2.34027	0.496251
AT4G19640.2	1222	1023	0	0
AT4G19640.1	1145	946	208.66	72.0752
AT4G02550.5	1566	1367	0	0
AT4G02550.1	1549	1350	15.5159	3.75563
AT4G02550.3	1747	1548	0	0
AT4G02550.4	1480	1281	0	0
AT4G02550.2	1462	1263	1.48406	0.383961
AT1G64050.1	2764	2565	44.9858	5.73094
AT1G64050.2	2686	2487	69.0142	9.06778
AT3G14260.1	990	791	5	2.06553
AT5G13570.2	1667	1468	12.7531	2.83875
AT5G13570.1	1829	1630	40.2469	8.06832
AT3G57530.1	2411	2212	148.628	21.956
AT3G57530.2	2426	2227	37.3721	5.48361
AT5G48850.1	1214	1015	41	13.1995
AT1G13090.1	1732	1533	0	0
AT1G13090.2	1650	1451	60.1929	13.5555
AT5G16020.1	2175	1976	2	0.330736
AT5G41340.1	1030	831	40.9896	16.118
AT5G41340.2	1413	1214	3.01036	0.810287
AT5G39390.1	1509	1310	0	0
AT5G50361.1	198	15.9266	0	0
AT1G35560.1	1412	1213	94	25.3224
AT5G43880.1	3253	3054	187.257	20.0358
AT5G43880.4	3763	3564	0	0
AT5G43880.2	3629	3430	8.7431	0.832933
AT5G43880.3	3835	3636	0	0
AT4G15370.2	2271	2072	0.0067186	0.00105957
AT4G15370.1	2336	2137	27.9933	4.28043
AT1G70150.1	1418	1219	20	5.36123
AT3G25490.1	1674	1475	0	0
AT5G28220.1	1289	1090	45	13.4904
AT3G10070.1	1963	1764	53	9.81783
AT2G38152.1	1144	945	2	0.691571
AT1G58050.1	4254	4055	1	0.0805838
AT3G44890.1	1216	1017	894	287.247
AT2G21740.1	402	203	0	0
AT4G31840.1	895	696	159	74.6494
AT3G08740.1	1020	821	622	247.563
AT4G35970.1	1258	1059	0	0
AT4G35970.2	1180	981	18	5.99573
AT1G21835.1	273	74.0093	0	0
AT5G13210.1	2954	2755	28	3.32105
AT1G58230.1	8256	8057	0	0
AT1G58230.3	7640	7441	147.808	6.49088
AT1G58230.2	8383	8184	143.192	5.71733
AT3G55970.1	1473	1274	0	0
AT3G55970.2	1602	1403	0	0
AT1G19394.1	284	85.0011	1	3.84427
AT3G16180.1	2172	1973	78	12.9183
AT3G14580.1	1277	1078	13	3.94061
AT1G20950.1	2370	2171	505	76.0099
AT3G04150.1	732	533	0	0
AT3G04150.2	805	606	0	0
AT5G23330.1	1278	1079	53	16.0507
AT5G63030.1	730	531	96	59.0765
AT3G49142.1	2097	1898	4	0.688656
AT4G10290.1	729	530	0	0
AT4G37710.2	644	445	0	0
AT4G37710.1	585	386	0	0
AT2G21980.1	180	11.1077	0	0
AT3G05035.3	573	374	0.955444	0.83478
AT3G05035.2	574	375	0.0445563	0.0388254
AT3G05035.1	403	204	0	0
AT3G61723.1	424	225	0	0
AT2G45540.4	9206	9007	0	0
AT2G45540.2	9625	9426	126.484	4.38476
AT2G45540.5	9162	8963	0	0
AT2G45540.6	8841	8642	0	0
AT2G45540.3	9317	9118	0	0
AT2G45540.1	9612	9413	553.516	19.215
AT5G51420.1	1344	1145	0	0
AT1G71950.1	748	549	97	57.7348
AT5G48520.2	2340	2141	0	0
AT5G48520.1	2347	2148	94	14.2999
AT2G04440.1	660	461	0	0
AT2G27230.1	2641	2442	205.531	27.5024
AT2G27230.2	2705	2506	117.469	15.3172
AT4G27850.1	1740	1541	8	1.69639
AT5G62190.1	2455	2256	929	134.56
AT4G20910.2	3256	3057	72	7.69618
AT4G20910.1	3253	3054	0	0
AT3G07330.2	2652	2453	136.5	18.1833
AT3G07330.1	2784	2585	117.5	14.8531
AT5G56070.1	360	161	0	0
AT5G17970.1	2474	2275	0	0
AT1G80780.3	1156	957	175.402	59.8911
AT1G80780.2	1556	1357	91.5975	22.0568
AT1G80780.1	1473	1274	0	0
AT3G45860.1	2564	2365	0	0
AT4G35120.1	1170	971	0	0
ATMG00400.1	474	275	0	0
AT5G42890.1	843	644	121	61.3957
AT2G27550.1	995	796	22	9.03125
AT2G40470.1	1553	1354	5.90407	1.42486
AT2G40470.2	865	666	0.0959302	0.0470673
AT5G66860.1	1168	969	139	46.8737
AT3G54750.2	2233	2034	0.0794213	0.0127592
AT3G54750.3	2262	2063	36.0022	5.70254
AT3G54750.4	2203	2004	0	0
AT3G54750.5	2185	1986	14.9991	2.46789
AT3G54750.1	2186	1987	64.9192	10.6761
AT1G17030.1	1727	1528	7	1.49697
AT5G27247.1	147	6.75012	0	0
AT2G32120.2	2172	1973	10.9942	1.82085
AT2G32120.1	2185	1986	0.00584633	0.000961928
AT2G22030.1	1152	953	0	0
AT1G17290.1	2378	2179	722	108.273
AT1G06210.1	1584	1385	107	25.2448
AT1G06210.2	1661	1462	0	0
AT4G38620.1	1519	1320	240	59.4122
AT5G44480.1	1311	1112	0	0
AT5G44480.2	1855	1656	56.4545	11.1398
AT5G44480.4	1239	1040	9.54545	2.99917
AT5G44480.3	1774	1575	0	0
AT4G34310.2	3970	3771	49.1472	4.25874
AT4G34310.5	4141	3942	0	0
AT4G34310.9	4041	3842	0	0
AT4G34310.3	4036	3837	1.09904e-07	9.35964e-09
AT4G34310.8	4058	3859	0	0
AT4G34310.4	4230	4031	16.6065	1.34618
AT4G34310.7	4113	3914	11.2463	0.938916
AT4G34310.10	4112	3913	5.071e-06	4.23469e-07
AT4G34310.6	4124	3925	0	0
AT4G34310.1	4019	3820	1.79828e-05	1.53827e-06
AT1G47695.1	220	26.5685	0	0
AT5G57200.1	2199	2000	2.11648	0.345798
AT3G53670.2	1390	1191	0	0
AT3G53670.1	1398	1199	197	53.689
AT4G34810.1	611	412	7	5.55187
AT5G12440.2	3060	2861	0	0
AT5G12440.9	2901	2702	7.97049e-05	9.63913e-06
AT5G12440.6	2990	2791	0	0
AT5G12440.5	3001	2802	0	0
AT5G12440.8	2929	2730	0	0
AT5G12440.1	2823	2624	52.6555	6.5572
AT5G12440.7	2955	2756	0	0
AT5G12440.10	2874	2675	8.10128	0.98962
AT5G12440.12	2524	2325	19.4625	2.73535
AT5G12440.3	3031	2832	0	0
AT5G12440.11	2685	2486	17.7286	2.3303
AT5G12440.4	3316	3117	7.05204	0.739293
AT5G55180.2	1603	1404	95.6471	22.2609
AT5G55180.1	1909	1710	117.353	22.4252
AT1G65030.1	1328	1129	87	25.1805
AT3G06100.2	1001	802	3	1.22232
AT3G06100.1	1310	1111	0	0
AT3G06100.3	821	622	0	0
AT2G27530.1	1079	880	1096.7	407.235
AT2G27530.2	983	784	474.314	197.692
AT2G26610.1	3789	3590	0	0
AT1G44050.1	2461	2262	16	2.31135
AT1G54320.1	1436	1237	214	56.5304
AT1G70570.2	2240	2041	0	0
AT1G70570.1	2194	1995	189	30.9569
AT4G20790.1	1557	1358	0	0
AT4G18350.1	2392	2193	0	0
AT4G11580.1	1002	803	0	0
AT2G36730.1	1678	1479	10	2.20938
AT5G36150.2	2283	2084	2	0.313596
AT5G36150.1	2452	2253	0	0
AT1G22960.2	2921	2722	58	6.96271
AT1G22960.1	2938	2739	0	0
AT5G38700.1	1153	954	0	0
AT4G32250.1	2951	2752	42.5174	5.04843
AT4G32250.2	2411	2212	20.6219	3.04636
AT4G32250.3	2223	2024	32.8608	5.30525
AT4G05490.1	924	725	0	0
AT5G26150.1	2270	2071	3.02467e-08	4.7724e-09
AT5G26150.2	2239	2040	1	0.16018
AT2G22080.1	1031	832	126	49.4864
AT3G57290.1	1841	1642	675	134.329
AT4G12770.2	3193	2994	0.0041803	0.000456241
AT4G12770.1	3261	3062	188.194	20.0835
AT2G47840.1	815	616	136	72.1434
AT5G44410.1	1936	1737	42	7.9011
AT1G20225.1	974	775	76	32.0443
AT1G68930.1	2785	2586	8	1.01088
AT1G68930.2	2499	2300	0	0
AT5G19050.1	1569	1370	84	20.0354
AT5G01160.1	1754	1555	98	20.5937
AT5G01160.2	1832	1633	0	0
AT2G42160.1	1767	1568	39	8.1275
AT2G42160.2	1448	1249	0	0
AT2G42160.3	1310	1111	0	0
AT1G23700.2	1658	1459	1	0.223966
AT1G23700.1	1568	1369	0	0
AT1G23700.3	1612	1413	0	0
AT1G26773.1	177	10.528	0	0
AT2G30910.1	1649	1450	44.9049	10.1196
AT2G30910.3	1617	1418	5.43669	1.25284
AT2G30910.2	1598	1399	0.00282028	0.000658739
AT5G02780.3	1127	928	0	0
AT5G02780.2	987	788	0	0
AT5G02780.1	1101	902	128	46.3705
AT1G14270.2	1540	1341	5.19845	1.26673
AT1G14270.1	1347	1148	115.738	32.9437
AT1G14270.3	1343	1144	75.0637	21.4409
AT1G14270.4	1516	1317	0	0
AT2G10608.1	657	458	0	0
AT2G10608.2	610	411	0	0
AT4G00610.1	987	788	0	0
AT5G58820.1	2297	2098	0	0
AT5G25070.1	2763	2564	126	16.058
AT5G23830.2	768	569	0	0
AT5G23830.1	897	698	29	13.5763
AT2G37120.1	663	464	73	51.4095
AT4G36370.1	204	18.2087	0	0
AT2G34150.2	2847	2648	33	4.07225
AT2G34150.4	2492	2293	0	0
AT2G34150.3	2451	2252	0	0
AT2G34150.5	2488	2289	0	0
AT2G34150.1	2841	2642	0	0
AT4G19340.1	699	500	1	0.653534
AT5G62360.1	965	766	1	0.426589
AT3G03210.1	1606	1407	26	6.03834
AT2G16760.1	1229	1030	17	5.39324
AT2G45080.1	1015	816	17	6.80765
AT5G11470.2	2742	2543	21	2.69843
AT5G11470.1	2275	2076	0	0
AT5G39030.2	2408	2209	11.4696	1.69665
AT5G39030.1	2810	2611	0	0
AT5G50220.1	1074	875	0	0
AT4G38160.1	1821	1622	55.1965	11.1199
AT4G38160.3	1478	1279	132.803	33.9295
AT4G38160.4	1995	1796	0	0
AT4G38160.2	1677	1478	0	0
AT1G29760.1	2067	1868	68	11.8952
AT1G06110.3	1606	1407	38.3069	8.89655
AT1G06110.1	1929	1730	0	0
AT1G06110.2	1735	1536	73.6931	15.6774
AT1G62980.1	1251	1052	38	11.8034
AT2G26290.1	1706	1507	17	3.68616
AT3G06910.1	1937	1738	33	6.20444
AT3G52690.1	900	701	0	0
AT3G28899.1	332	133	0	0
AT3G12270.1	2221	2022	114	18.4231
AT5G14430.2	2183	1984	1.96369e-07	3.23421e-08
AT5G14430.1	2248	2049	229	36.5201
AT5G22070.1	1883	1684	148	28.7183
AT3G14320.1	752	553	0	0
AT3G01870.1	2096	1897	1	0.172255
AT4G12350.1	1248	1049	1	0.311503
AT3G53880.2	1255	1056	0	0
AT3G53880.1	1189	990	57	18.8139
AT5G54940.2	927	728	62.2115	27.924
AT5G54940.3	1267	1068	28.286	8.65444
AT5G54940.1	658	459	165.503	117.823
AT3G46950.1	1595	1396	27	6.31999
AT4G12555.1	321	122	0	0
AT1G20680.2	1134	935	0	0
AT1G20680.1	1025	826	0	0
AT3G01580.1	2351	2152	5	0.759217
AT3G28853.1	363	164	0	0
AT1G36280.2	1848	1649	0	0
AT1G36280.1	1890	1691	72.093	13.9312
AT4G34390.2	3116	2917	0.52644	0.0589727
AT4G34390.1	3245	3046	112.474	12.0659
AT3G26670.1	2093	1894	6.37855e-05	1.10048e-05
AT3G26670.3	2019	1820	64.6606	11.6093
AT3G26670.4	2225	2026	13.2419	2.13574
AT3G26670.2	2072	1873	23.0975	4.02963
AT5G14690.1	1128	929	3.95886	1.39249
AT5G14690.2	951	752	13.0411	5.66678
ATCG00580.1	252	53.2554	1	6.13585
AT5G53045.1	624	425	27	20.7593
AT5G13340.1	1218	1019	15	4.81011
AT3G22750.1	2418	2219	92	13.5478
AT1G09590.1	872	673	913.825	443.697
AT2G44380.1	1196	997	26	8.52151
AT5G62490.1	833	634	0	0
AT1G59710.3	889	690	0	0
AT1G59710.1	1670	1471	47.8736	10.6346
AT1G59710.2	1237	1038	57.2184	18.0126
AT1G16310.1	1602	1403	30	6.98718
AT1G16310.2	1602	1403	0	0
AT5G66530.3	3266	3067	34.8812	3.71635
AT5G66530.2	3152	2953	9.79697e-05	1.08409e-05
AT5G66530.4	2087	1888	58.8185	10.1801
AT5G66530.1	2200	2001	266.3	43.4873
AT4G22200.2	3261	3062	0	0
AT4G22200.1	3192	2993	107	11.682
AT5G14850.2	1861	1662	0.0111151	0.00218535
AT5G14850.4	2102	1903	0	0
AT5G14850.6	2172	1973	0	0
AT5G14850.1	1935	1736	41.9889	7.90356
AT5G14850.5	1792	1593	7.06058e-07	1.44831e-07
AT5G14850.3	2050	1851	0	0
AT1G73500.1	1553	1354	44	10.6187
AT1G22750.2	1094	895	42.618	15.56
AT1G22750.1	1181	982	0	0
AT1G22750.4	1124	925	75.4782	26.6635
AT1G22750.3	1063	864	48.9038	18.4956
AT5G26320.1	1239	1040	6	1.88519
AT4G35160.1	1550	1351	67	16.2053
AT3G28223.1	1408	1209	0	0
AT4G24650.1	1050	851	0	0
AT1G14340.1	1113	914	60	21.4508
AT1G49380.1	2123	1924	192	32.6088
AT4G17280.1	1583	1384	42	9.91634
AT4G33310.1	261	62.0706	1	5.26444
AT2G02515.1	470	271	0	0
AT3G10580.1	899	700	0	0
AT3G10580.2	810	611	0	0
AT4G38020.1	1280	1081	20	6.04565
AT2G42390.1	1048	849	29	11.1617
AT5G65490.1	2142	1943	80	13.4541
AT2G35290.1	980	781	3	1.25519
AT5G23575.1	2272	2073	154	24.275
AT1G71760.1	994	795	5	2.05514
AT1G71760.2	895	696	0	0
AT3G08890.2	1068	869	0	0
AT3G08890.1	898	699	20	9.34956
AT1G52060.1	1355	1156	25.2928	7.14952
AT3G50990.1	1261	1062	0	0
AT1G64440.1	1508	1309	127	31.7032
AT5G65260.1	1024	825	107	42.3807
AT1G31130.1	1503	1304	159.947	40.0808
AT3G46030.1	748	549	344.14	204.834
AT5G35913.1	216	24.1385	0	0
AT3G10595.1	688	489	0	0
AT5G02090.1	939	740	13	5.7405
AT2G04025.1	632	433	2	1.50932
AT2G04025.2	818	619	0	0
AT4G27810.1	1108	909	2	0.71896
AT5G39480.1	1707	1508	1	0.216689
AT3G55290.2	1164	965	0	0
AT3G55290.1	1126	927	18	6.34499
AT5G57820.1	667	468	2	1.39644
AT2G17970.1	1854	1655	21.5992	4.2646
AT2G17970.3	2127	1928	0	0
AT2G17970.6	2042	1843	5.40079	0.95757
AT2G17970.2	1993	1794	0	0
AT2G17970.7	1978	1779	0	0
AT2G17970.5	2118	1919	0	0
AT2G17970.8	1937	1738	0	0
AT2G17970.9	1908	1709	0	0
AT2G17970.4	2071	1872	0	0
AT2G17970.10	1554	1355	1.97896e-05	4.7724e-06
AT5G53520.1	2366	2167	0	0
AT2G22160.1	318	119	0	0
AT1G48480.1	2609	2410	381	51.659
AT5G17000.1	1559	1360	92.8388	22.3064
AT5G17000.2	1794	1595	19.1669	3.92672
AT3G25280.1	1566	1367	0	0
AT3G21460.1	673	474	10	6.89382
AT1G03000.1	3295	3096	73	7.70478
AT2G44790.1	1229	1030	414	131.341
AT5G22060.1	1754	1555	607.418	127.643
AT5G22420.6	1775	1576	0	0
AT5G22420.3	1928	1729	0	0
AT5G22420.7	1063	864	0	0
AT5G22420.4	1821	1622	0	0
AT5G22420.5	1720	1521	0	0
AT5G22420.2	2257	2058	0	0
AT5G22420.1	1466	1267	0	0
AT5G25360.3	958	759	0	0
AT5G25360.1	1018	819	25.5938	10.2115
AT5G25360.2	954	755	68.4062	29.6065
AT1G71350.1	2026	1827	69	12.341
AT2G17200.1	2058	1859	308.61	54.2462
AT4G31450.2	2062	1863	0	0
AT4G31450.1	2057	1858	98	17.2353
AT5G65530.1	2034	1835	30	5.34224
AT4G32440.3	1147	948	1.40591	0.484606
AT4G32440.2	2207	2008	34.1364	5.5551
AT4G32440.1	1697	1498	24.4577	5.3351
AT1G76440.3	842	643	0	0
AT1G76440.2	783	584	18.7872	10.5121
AT1G76440.1	877	678	7.21277	3.47625
AT3G04530.1	1249	1050	4	1.24483
AT2G17550.2	3289	3090	72	7.61399
AT2G17550.1	3329	3130	0	0
AT5G55110.1	943	744	3	1.31761
AT3G60580.1	1422	1223	10	2.67185
AT2G15960.1	771	572	2	1.14254
AT2G22300.1	3649	3450	78.4091	7.42653
AT2G22300.3	3929	3730	0	0
AT2G22300.2	3561	3362	72.5909	7.05542
AT3G52700.2	823	624	0	0
AT3G52700.1	871	672	1.06673	0.518707
AT4G38770.1	1935	1736	4874	917.433
AT4G35230.1	2089	1890	216	37.3448
AT1G30140.1	871	672	0	0
AT1G30140.2	975	776	0	0
AT1G12070.1	1168	969	1	0.337221
AT5G18650.1	1702	1503	151	32.8289
AT3G57940.1	3585	3386	87.7443	8.46779
AT3G57940.2	3315	3116	4.25574	0.446289
AT5G42740.3	2257	2058	76.7736	12.19
AT5G42740.2	2653	2454	0	0
AT5G42740.1	2469	2270	321.226	46.2406
AT2G35640.1	1180	981	5	1.66548
AT2G18270.1	249	50.3754	0	0
AT2G22240.1	2191	1992	86.9149	14.2575
AT2G22240.3	2243	2044	18.9124	3.02346
AT2G22240.2	1983	1784	431.173	78.9759
AT3G13910.1	623	424	32.1786	24.7993
AT3G13910.2	399	200	8.82143	14.4128
AT2G47820.2	2793	2594	3.17715	0.400227
AT2G47820.1	2968	2769	15.8229	1.86724
AT2G19710.1	3287	3088	75	7.93638
AT4G08920.1	3018	2819	319	36.9772
AT4G07666.1	1029	830	0	0
AT5G56460.1	1832	1633	67	13.4069
AT3G48470.1	3162	2963	36	3.97017
AT3G48470.2	3262	3063	0	0
AT5G08650.2	2526	2327	254.542	35.7439
AT5G08650.1	2638	2439	505.458	67.7192
AT1G50732.1	1078	879	58	21.5614
AT5G38197.1	347	148	0	0
AT4G21750.4	3323	3124	0	0
AT4G21750.3	3972	3773	20.525	1.7776
AT4G21750.1	3073	2874	190.913	21.7064
AT4G21750.2	3351	3152	412.562	42.7702
AT1G32570.2	535	336	0	0
AT1G32570.1	377	178	0	0
AT5G14720.2	2830	2631	16.3726	2.03346
AT5G14720.1	3032	2833	304.627	35.1367
AT3G51760.2	1196	997	0	0
AT3G51760.4	1286	1087	3.31121e-08	9.95396e-09
AT3G51760.3	1283	1084	7.90474e-07	2.38285e-07
AT3G51760.1	1268	1069	7	2.13973
AT3G45650.1	2217	2018	78.072	12.6419
AT3G45650.2	2295	2096	0	0
AT1G19840.1	1084	885	20	7.38457
AT3G48350.2	1032	833	0	0
AT3G48350.1	1442	1243	22	5.78349
AT1G75890.3	1407	1208	0	0
AT1G75890.1	1283	1084	0	0
AT1G75890.2	1121	922	6	2.12647
AT1G05835.1	599	400	70	57.1842
AT3G53160.1	1645	1446	4	0.90392
AT4G03270.2	906	707	3.24069	1.49781
AT4G03270.1	1610	1411	14.2029	3.28918
AT4G10250.1	1035	836	0	0
AT2G22630.2	1371	1172	0	0
AT2G22630.1	1272	1073	4	1.21814
AT1G14580.2	1781	1582	60.5972	12.5165
AT1G14580.3	2204	2005	0	0
AT1G14580.4	1373	1174	9.32843	2.59644
AT1G14580.1	2023	1824	15.0744	2.70055
AT2G34970.1	2548	2349	145	20.1708
AT1G57720.2	1648	1449	1101.46	248.393
AT1G57720.1	1957	1758	586.694	109.051
AT5G48590.1	1452	1253	114.601	29.8864
AT4G39020.1	510	311	0	0
AT3G17240.3	1908	1709	307.416	58.7791
AT3G17240.1	2208	2009	334.833	54.4612
AT3G17240.2	710	511	4.75032	3.03767
AT5G45690.1	941	742	0	0
AT2G44130.1	1445	1246	2.11969	0.555894
AT5G38330.1	519	320	0	0
AT4G07740.1	597	398	0	0
AT1G17630.1	2548	2349	13	1.80842
AT1G17630.2	2196	1997	0	0
AT3G01435.2	1012	813	0	0
AT3G01435.4	675	476	0	0
AT3G01435.1	916	717	18.8955	8.61147
AT3G01435.3	636	437	7.10452	5.31241
AT2G33600.1	1415	1216	80.7034	21.6869
AT1G74870.1	1550	1351	2	0.483741
AT2G37360.1	2511	2312	81	11.4482
AT2G17040.1	1316	1117	5	1.4627
AT1G12330.1	1893	1694	89	17.1678
AT1G22810.1	807	608	1	0.537446
AT1G72470.1	2346	2147	59	8.97963
AT1G29230.1	1883	1684	5	0.970211
AT4G28230.1	1529	1330	35	8.59913
AT4G38360.1	1962	1763	0	0
AT4G38360.2	1900	1701	96	18.4419
AT5G50470.1	639	440	0	0
AT1G29775.1	295	96.0001	0	0
AT1G72830.2	1565	1366	21.8167	5.21887
AT1G72830.1	2254	2055	0	0
AT1G72830.3	1824	1625	18.1833	3.65644
AT3G02350.1	2473	2274	395	56.7603
AT5G07480.1	1213	1014	0	0
AT5G07480.2	869	670	0	0
AT2G45860.1	672	473	30	20.7252
AT1G18510.1	747	548	0	0
AT2G41990.1	1533	1334	24	5.87887
AT3G55030.1	1394	1195	88	24.0632
AT1G49560.1	1627	1428	51	11.6703
AT1G49560.2	1606	1407	0	0
AT5G24770.1	1423	1224	0	0
AT5G24770.2	1508	1309	0	0
AT3G16060.1	2652	2453	324	43.1604
AT1G80280.1	2823	2624	213	26.5249
ATCG00330.1	303	104	4	12.568
AT5G15685.1	1482	1283	0	0
AT2G20960.2	2497	2298	0	0
AT2G20960.4	2759	2560	14.1288	1.80345
AT2G20960.3	2388	2189	46.5967	6.95581
AT2G20960.1	2553	2354	138.275	19.1944
AT1G77020.1	1672	1473	26	5.76778
AT4G30680.1	873	674	10	4.84818
AT5G41950.1	2159	1960	233	38.8453
AT5G20690.1	2204	2005	0	0
AT3G25770.1	1300	1101	25	7.41978
AT5G44530.2	2907	2708	0	0
AT5G44530.1	2931	2732	145	17.3431
AT5G44530.3	2178	1979	0	0
AT5G26000.2	1836	1637	122.044	24.3617
AT5G26000.1	1889	1690	3358.88	649.452
AT3G62860.1	1491	1292	21	5.31123
AT3G62860.2	1627	1428	0	0
AT5G21105.1	2466	2267	273.273	39.3898
AT5G21105.2	2021	1822	38.8159	6.96145
AT5G21105.3	1856	1657	33.7652	6.65862
AT3G08710.1	1118	919	33.2104	11.8085
AT3G08710.3	1089	890	0	0
AT3G08710.2	1017	818	43.7896	17.4927
AT4G14180.1	4703	4504	4.98078	0.361358
AT4G14180.2	3936	3737	0	0
AT1G51330.1	582	383	0	0
AT5G46670.1	1320	1121	1.24027	0.361533
AT1G33500.3	1165	966	0	0
AT1G33500.1	976	777	4	1.6822
AT1G33500.2	1256	1057	0	0
AT4G09570.1	1821	1622	96.7411	19.4894
AT5G67010.1	489	290	0	0
AT1G57750.2	1643	1444	0	0
AT1G57750.1	1898	1699	0	0
AT1G69050.1	832	633	0	0
AT4G29230.1	2530	2331	0.0698068	0.00978574
AT4G29230.2	2519	2320	15.9302	2.24373
AT4G29230.3	3297	3098	0	0
AT3G03260.1	2345	2146	1	0.152268
AT3G03260.2	2530	2331	0	0
AT1G11650.1	1575	1376	0.275664	0.0654636
AT1G11650.2	1641	1442	755.724	171.252
AT3G10525.1	826	627	82.6673	43.0829
AT3G21380.1	1670	1471	0	0
AT5G18350.1	3784	3585	4	0.364594
AT4G40030.2	794	595	220.151	120.904
AT4G40030.4	1036	837	0.00234121	0.000914013
AT4G40030.1	945	746	721.298	315.947
AT4G40030.3	1031	832	17.5504	6.89288
AT1G20500.1	1721	1522	0	0
AT4G37460.1	3816	3617	269.589	24.3552
AT4G37460.2	3901	3702	132.411	11.6876
AT5G14100.1	1316	1117	37	10.824
AT5G36722.1	283	84.0013	0	0
AT1G78670.1	1433	1234	152	40.2501
AT1G49740.1	1962	1763	99	18.3494
AT3G44713.1	1881	1682	3.37923	0.656494
AT3G20060.1	1001	802	81.2838	33.1183
AT3G20060.2	557	358	21.7162	19.8216
AT3G54930.1	1983	1784	4.76565	0.872903
AT3G54930.3	2022	1823	0	0
AT3G54930.2	2044	1845	30.2343	5.35479
AT5G21100.1	2170	1971	315.146	52.2472
AT3G62850.1	1419	1220	0	0
AT3G56450.1	1146	947	17.6653	6.09549
AT5G12930.1	1739	1540	19	4.03154
AT2G39540.1	515	316	0	0
AT4G32400.1	1791	1592	169	34.6882
AT2G32390.7	2009	1810	4.00761	0.723512
AT2G32390.6	3233	3034	11.6695	1.25682
AT2G32390.2	2808	2609	14.3229	1.79389
AT2G32390.5	3408	3209	0	0
AT2G32390.3	3528	3329	0	0
AT2G32390.4	3440	3241	0	0
AT2G32390.1	2854	2655	0	0
AT3G16420.1	1449	1250	282.736	73.911
AT3G16420.2	1261	1062	244.936	75.3645
AT3G16420.3	1187	988	1570.19	519.32
AT1G53540.1	901	702	1	0.46548
AT3G15340.2	2219	2020	20	3.23532
AT3G15340.1	2397	2198	0	0
AT3G15340.3	2425	2226	0	0
AT3G63190.1	1300	1101	559	165.906
AT5G66360.1	1351	1152	15.3333	4.34933
AT5G66360.2	1459	1260	11.6667	3.02562
AT5G42840.2	2089	1890	0	0
AT5G42840.1	2293	2094	14	2.18469
AT2G21130.1	1084	885	11	4.06151
AT4G15920.1	1287	1088	114	34.2385
AT2G46380.1	2837	2638	56	6.93668
AT2G46380.2	2873	2674	0	0
AT5G03160.1	1768	1569	155	32.281
AT3G27810.2	1009	810	0	0
AT3G27810.1	2827	2628	0	0
AT2G44840.1	1113	914	1	0.357513
AT5G66100.2	2062	1863	66.1382	11.6005
AT5G66100.1	2151	1952	26.8618	4.4967
AT5G39710.1	2538	2339	61	8.52193
AT5G09820.3	1287	1088	21.7741	6.53958
AT5G09820.2	1492	1293	30.8196	7.78872
AT5G09820.1	1579	1380	10.4063	2.46409
AT1G27300.1	944	745	42	18.4218
AT4G27720.1	2052	1853	303	53.4325
AT1G05090.1	1514	1315	34.2529	8.51158
AT4G22920.1	1686	1487	74	16.2614
AT4G22920.2	1722	1523	0	0
AT4G17615.3	1469	1270	19.8435	5.10568
AT4G17615.5	1149	950	21.1562	7.27701
AT4G17615.1	1415	1216	0.00025615	6.88333e-05
AT4G17615.2	1426	1227	0	0
AT4G17615.4	1465	1266	0	0
AT3G59240.1	1515	1316	0	0
AT1G74780.1	2102	1903	48	8.24216
AT3G13220.1	2351	2152	0	0
AT3G20750.1	715	516	0	0
AT1G08970.1	1103	904	8.35134	3.01874
AT1G08970.2	1216	1017	47.6691	15.3163
AT1G08970.4	1613	1414	6.78282	1.56747
AT1G08970.3	1176	977	43.1968	14.4476
AT2G22840.1	2114	1915	106	18.0874
AT3G20430.1	1111	912	38	13.6153
AT5G35220.1	1898	1699	189.68	36.4811
AT5G28919.1	1739	1540	254	53.8954
AT1G75030.1	1173	974	11	3.69039
AT5G25995.1	296	97.0001	0	0
AT4G32605.1	1025	826	60	23.7361
AT2G40180.1	1462	1263	7	1.81106
AT4G35690.1	1164	965	0	0
AT4G04775.1	483	284	0	0
AT5G05260.2	1765	1566	0	0
AT5G05260.1	1675	1476	1	0.221387
AT1G66140.1	1370	1171	78	21.7659
AT3G27850.1	959	760	1475.81	634.536
AT2G24990.1	2035	1836	84.4385	15.0282
AT5G52490.1	879	680	0	0
AT2G36255.1	496	297	0	0
AT4G15200.4	2548	2349	0	0
AT4G15200.3	2885	2686	0	0
AT4G15200.2	2816	2617	0	0
AT4G15200.1	2295	2096	0	0
AT4G38510.2	1922	1723	168.898	32.0316
AT4G38510.4	1895	1696	252.602	48.6686
AT4G38510.3	1994	1795	237.757	43.282
AT4G38510.1	1856	1657	0.74254	0.146432
AT4G38510.5	1707	1508	7.98207e-05	1.72963e-05
AT3G14250.1	949	750	0	0
AT2G42250.1	1685	1486	24	5.27753
AT3G54960.2	1762	1563	0	0
AT3G54960.1	2046	1847	248	43.8756
AT5G37540.1	1791	1592	30	6.15767
ATCG00080.1	111	4.6639	0	0
AT5G37680.2	735	536	0	0
AT5G37680.1	1001	802	50	20.372
AT4G09153.1	307	108	0	0
AT4G19035.1	471	272	0	0
AT1G53950.1	566	367	1	0.890374
AT4G17470.3	1190	991	4	1.31894
AT4G17470.4	1212	1013	0	0
AT4G17470.2	1208	1009	0	0
AT4G17470.1	1597	1398	0	0
AT3G14110.1	1119	920	379.881	134.927
AT3G14110.3	1088	889	19.1191	7.02756
AT3G14110.2	1242	1043	0	0
AT5G11840.2	1220	1021	6.7639	2.16476
AT5G11840.3	1201	1002	13.734	4.47887
AT5G11840.1	1207	1008	36.751	11.9137
AT5G11840.4	879	680	14.7511	7.08849
AT5G11640.1	1279	1080	71.4978	21.6325
AT5G11640.2	1342	1143	16.5022	4.71775
AT3G03250.3	2140	1941	0	0
AT3G03250.1	2009	1810	748	135.04
AT3G03250.2	2173	1974	0	0
AT5G21920.2	605	406	12.8322	10.328
AT5G21920.1	1020	821	393.268	156.525
AT3G57062.1	1000	801	39.4153	16.0794
AT3G57062.2	552	353	14.5847	13.5008
AT1G48020.1	758	559	1	0.584557
AT4G17040.1	1683	1484	691	152.154
AT5G01600.1	1421	1222	126	33.6928
AT1G69240.1	1662	1463	10	2.23354
AT3G18524.1	3300	3101	82.0117	8.64197
AT5G58060.2	1060	861	9.76677	3.70669
AT5G58060.1	994	795	179.409	73.7421
AT3G02830.2	1822	1623	25.2261	5.0789
AT3G02830.1	1726	1527	560.774	120.002
AT1G01980.1	1933	1734	0	0
AT4G14570.1	2703	2504	155	20.2272
AT5G41370.1	2768	2569	153.797	19.5624
AT2G31018.1	120	5.05223	0	0
AT5G01300.3	500	301	0	0
AT5G01300.1	726	527	1	0.620051
AT5G01300.2	872	673	0	0
AT3G06750.1	901	702	133	61.9089
AT3G52400.1	1427	1228	50	13.3049
AT2G02550.2	603	404	0	0
AT2G02550.1	617	418	0	0
AT2G13720.1	704	505	0	0
AT3G59620.2	604	405	0	0
AT3G59620.1	754	555	0	0
AT2G44290.1	1149	950	21	7.22327
AT2G36145.1	740	541	134	80.9368
AT3G26560.1	4272	4073	370	29.6842
AT3G11280.1	1433	1234	140.21	37.128
AT3G11280.2	1627	1428	64.7903	14.8259
AT4G12720.1	1653	1454	38.4005	8.63001
AT4G12720.3	1441	1242	48.9472	12.8779
AT4G12720.4	1391	1192	59.7133	16.3694
AT4G12720.6	1312	1113	0	0
AT4G12720.2	1777	1578	0	0
AT4G12720.5	1845	1646	6.93892	1.37753
AT4G03165.1	453	254	0	0
AT3G03450.1	2316	2117	38	5.86545
AT1G78060.1	2499	2300	265	37.6493
AT4G22756.1	1407	1208	42	11.3611
AT2G35840.4	2169	1970	26.9739	4.4742
AT2G35840.2	1956	1757	0	0
AT2G35840.3	2066	1867	151.851	26.5773
AT2G35840.1	1884	1685	236.175	45.8008
AT5G22355.1	2266	2067	1	0.158088
AT4G39300.1	1055	856	31.4128	11.9915
AT4G39300.2	728	529	18.5872	11.4814
AT1G21390.1	1335	1136	7	2.01353
AT5G41680.2	1643	1444	6.21251	1.40585
AT5G41680.1	1605	1406	0	0
AT3G17000.1	1576	1377	119	28.2391
AT2G21235.1	1718	1519	0	0
AT4G08097.1	1041	842	0	0
AT4G23040.1	2048	1849	33	5.83197
AT5G56368.1	282	83.0016	0	0
AT1G19290.1	3394	3195	22.3818	2.28909
AT1G19290.2	2823	2624	12.6182	1.57135
AT4G35710.1	852	653	0	0
AT5G12420.1	1859	1660	59.6188	11.7358
AT5G12420.2	1947	1748	20.3812	3.81001
AT1G12310.1	1581	1382	230.459	54.4908
AT5G18060.1	810	611	1	0.534807
AT5G46250.3	1529	1330	0	0
AT5G46250.2	1529	1330	0	0
AT5G46250.1	1654	1455	295	66.2518
AT2G05210.2	2463	2264	0	0
AT2G05210.3	2151	1952	39	6.52865
AT2G05210.1	2224	2025	0	0
AT5G39860.1	856	657	4	1.98945
AT5G50840.1	1549	1350	21.4286	5.18678
AT5G50840.2	1486	1287	31.5714	8.01593
AT2G38680.1	1300	1101	32	9.49732
AT1G20030.1	1382	1183	3.96429	1.09501
AT1G20030.2	1578	1379	7.03571	1.66718
AT1G09810.3	1856	1657	0	0
AT1G09810.1	1785	1586	38.6377	7.96062
AT1G09810.2	1668	1469	11.3623	2.52744
AT1G06870.1	1768	1569	113.278	23.5918
AT5G22794.1	1141	942	4.41218	1.53053
AT5G22794.2	714	515	2.58782	1.64197
AT1G33920.1	498	299	0	0
AT3G63370.2	3004	2805	23.9736	2.7928
AT3G63370.1	3000	2801	15.0264	1.75299
AT5G24070.1	1311	1112	5	1.46928
AT1G21400.2	2756	2557	0	0
AT1G21400.3	2651	2452	0	0
AT1G21400.5	2199	2000	0	0
AT1G21400.4	2509	2310	0	0
AT1G21400.1	2038	1839	70	12.4381
AT1G21400.6	2156	1957	0	0
AT1G30990.1	822	623	7	3.67154
AT4G38740.1	1236	1037	1041	328.028
AT3G15640.2	1065	866	81.1281	30.612
AT3G15640.1	1187	988	297.872	98.5169
AT3G07780.1	2050	1851	152.226	26.8734
AT3G07780.3	2262	2063	19.6516	3.11269
AT3G07780.2	2516	2317	9.12205	1.28648
AT1G10680.2	3865	3666	0	0
AT1G10680.1	3956	3757	0	0
AT2G26780.2	5914	5715	138.714	7.93124
AT2G26780.1	5708	5509	126.286	7.4907
AT5G14602.1	610	411	0	0
AT1G02530.1	4114	3915	3.26133	0.272208
AT1G02530.2	4221	4022	0	0
AT2G11570.1	918	719	0	0
AT4G14890.1	688	489	155.247	103.742
AT3G50270.1	1711	1512	41	8.86075
AT1G53650.1	1660	1461	0	0
AT1G53650.2	1320	1121	29	8.45339
AT3G06070.1	1135	936	59	20.5975
AT1G71690.1	1124	925	0	0
AT4G38550.1	2362	2163	166.11	25.0944
AT4G38550.5	1830	1631	14.1982	2.84457
AT4G38550.3	2204	2005	0	0
AT4G38550.2	2244	2045	53.7134	8.58278
AT4G38550.4	1956	1757	27.9788	5.2035
AT1G73490.2	1116	917	108.956	38.8257
AT1G73490.1	1216	1017	75.0441	24.112
AT4G39610.1	1270	1071	0	0
AT1G17065.1	762	563	0	0
AT3G47990.4	1730	1531	0.257179	0.0548908
AT3G47990.2	1922	1723	3.78298	0.717442
AT3G47990.5	1254	1055	18.2311	5.64676
AT3G47990.3	2027	1828	12.4909	2.23284
AT3G47990.1	1646	1447	41.2378	9.31248
AT2G21970.1	907	708	236	108.922
AT1G60670.5	1097	898	0	0
AT1G60670.1	1491	1292	25.8108	6.52796
AT1G60670.4	1004	805	0	0
AT1G60670.2	1639	1440	29.1892	6.62366
AT1G60670.3	1109	910	0	0
AT3G49660.1	1570	1371	40	9.53369
AT1G64680.1	1250	1051	356.022	110.691
AT1G64680.2	1275	1076	39.9785	12.1409
AT3G29305.1	381	182	0	0
AT3G29794.1	1206	1007	0	0
AT5G49680.2	8329	8130	108	4.34082
AT3G28760.2	1528	1329	0	0
AT3G28760.1	1521	1322	41	10.1342
AT3G49850.2	1571	1372	21.7936	5.19056
AT3G49850.1	1425	1226	57.2064	15.2473
AT2G02980.1	2074	1875	11	1.91703
AT3G09290.1	861	662	3	1.48082
AT4G10590.2	3460	3261	63.058	6.3187
AT4G10590.1	3098	2899	51.0914	5.75888
AT4G10590.3	4059	3860	0	0
AT4G10590.4	3916	3717	0	0
AT3G07080.1	1865	1666	26	5.09961
AT1G05650.1	1500	1301	39.6252	9.95251
AT4G32010.2	3253	3054	5.67302e-05	6.06993e-06
AT4G32010.1	3614	3415	139	13.3003
AT3G52130.1	450	251	2	2.60372
AT1G50920.1	2512	2313	849	119.942
AT1G21000.2	1194	995	0	0
AT1G21000.1	1419	1220	106	28.3912
AT4G30170.1	1235	1036	171	53.9355
AT3G12280.1	3850	3651	59.6569	5.33933
AT3G12280.2	3544	3345	224.343	21.9157
AT1G08800.1	4536	4337	0	0
AT1G08800.3	4034	3835	44.5925	3.79957
AT1G08800.4	4161	3962	0	0
AT1G08800.2	4407	4208	56.4075	4.38026
AT3G60961.1	599	400	0	0
AT4G16915.1	711	512	0	0
AT2G23630.1	1760	1561	8.23232	1.72329
AT2G23630.2	1958	1759	17.7677	3.30068
AT3G62030.3	1073	874	567.962	212.347
AT3G62030.1	1164	965	1929.74	653.447
AT3G62030.2	1181	982	205.296	68.3137
AT1G33540.1	1646	1447	14	3.16153
AT1G33540.2	1725	1526	0	0
AT2G18770.1	1262	1063	47	14.4478
AT2G18770.2	1217	1018	0	0
AT1G67785.1	759	560	209	121.954
AT5G45890.1	1306	1107	0	0
AT5G06350.1	3073	2874	51.2362	5.82543
AT5G06350.2	3079	2880	92.7638	10.5251
AT4G03380.1	603	404	0	0
AT5G62560.1	2162	1963	79	13.1506
AT5G17460.3	2385	2186	0	0
AT5G17460.2	2312	2113	41	6.34049
AT5G17460.4	1391	1192	0	0
AT5G17460.1	2298	2099	1.5201e-08	2.36645e-09
AT5G17460.5	1377	1178	0	0
AT4G23030.1	1821	1622	3	0.604378
AT3G23280.1	2016	1817	86.9816	15.6427
AT3G23280.2	1944	1745	47.0184	8.80462
AT3G44550.2	1687	1488	72.5248	15.9266
AT3G44550.1	2836	2637	11.4752	1.42196
AT1G51670.2	1438	1239	0	0
AT1G51670.1	1329	1130	0	0
AT3G17540.1	1191	992	0	0
AT2G16920.2	3526	3327	0	0
AT2G16920.1	3848	3649	160	14.328
AT1G67860.1	606	407	36	28.9032
AT2G14378.1	501	302	0	0
AT3G22950.2	973	774	19.5949	8.27255
AT3G22950.1	989	790	85.4051	35.3261
AT5G13720.1	1232	1033	99	31.3165
AT2G16870.2	3450	3251	0	0
AT2G16870.3	3460	3261	0	0
AT2G16870.1	3542	3343	9	0.87972
AT1G47495.1	429	230	0	0
AT2G34420.1	1045	846	18883.8	7293.85
AT4G37740.1	2104	1905	50	8.57656
AT5G56730.1	3050	2851	87	9.9715
AT5G12130.1	1671	1472	110.4	24.5075
AT5G12130.2	1431	1232	43.6	11.5642
AT1G14380.4	2279	2080	0	0
AT1G14380.2	2543	2344	0	0
AT1G14380.3	2384	2185	108.346	16.2031
AT1G14380.5	2154	1955	0	0
AT1G14380.7	1939	1740	3.65195e-08	6.85825e-09
AT1G14380.1	2522	2323	33.6216	4.72941
AT1G14380.6	1981	1782	0.0326953	0.00599537
AT5G04895.1	3938	3739	61	5.33105
AT3G20362.1	144	6.5079	0	0
ATMG01010.1	357	158	0	0
ATCG00510.1	114	4.78619	0	0
AT4G37520.2	1240	1041	118.14	37.0839
AT4G37520.1	1383	1184	100.162	27.6432
AT3G07470.2	1888	1689	5.99914	1.16064
AT3G07470.1	1257	1058	242.496	74.8957
AT3G07470.3	1498	1299	7.50518	1.88795
AT3G26440.2	5194	4995	90.5817	5.92575
AT3G26440.4	1878	1679	0	0
AT3G26440.5	3274	3075	0	0
AT3G26440.6	1681	1482	40.7549	8.98607
AT3G26440.1	5339	5140	36.14	2.29754
AT3G26440.3	1650	1451	0	0
AT1G19260.1	2310	2111	0	0
AT1G52820.2	1354	1155	2	0.565831
AT1G52820.1	1101	902	0	0
AT1G78450.1	954	755	12	5.19365
AT3G07525.1	1227	1028	2.6359	0.837864
AT3G07525.2	837	638	9.3641	4.79605
AT5G59140.1	758	559	69	40.3344
AT1G64540.2	1422	1223	0.976991	0.261037
AT1G64540.1	1426	1227	0.0230094	0.00612772
AT4G05632.1	594	395	0	0
ATMG01260.1	618	419	0	0
AT5G06130.2	1485	1286	182	46.2454
AT5G06130.1	1593	1394	0	0
AT3G49120.1	1522	1323	402.735	99.4713
AT2G26760.1	1825	1626	66	13.2636
AT2G47480.1	792	593	2	1.10208
AT1G24807.1	1104	905	0	0
AT4G09080.3	1361	1162	1	0.281211
AT4G09080.2	1515	1316	0	0
AT4G09080.1	1674	1475	0	0
AT3G63150.1	2602	2403	145	19.7175
AT1G53600.2	2467	2268	2	0.288154
AT1G53600.1	2820	2621	0	0
AT3G22880.1	1497	1298	17.3529	4.36854
AT3G22880.2	1123	924	12.6471	4.47256
AT5G57123.1	851	652	4	2.00471
AT1G80555.2	640	441	0	0
AT1G80555.1	714	515	0	0
AT2G19802.1	442	243	0	0
AT1G29540.1	760	561	0	0
AT4G11160.2	2843	2644	52.9431	6.54314
AT4G11160.3	2802	2603	60.5818	7.60512
AT4G11160.1	2611	2412	93.4751	12.6636
AT5G02850.1	1716	1517	62	13.355
AT4G24560.1	3768	3569	159	14.5576
AT4G03020.3	1976	1777	232.838	42.8158
AT4G03020.2	2005	1806	1.9781e-06	3.57906e-07
AT4G03020.1	2173	1974	80.1624	13.2697
AT1G60985.1	478	279	0	0
AT5G18880.1	888	689	0	0
AT5G06800.2	1726	1527	0.000179609	3.8435e-05
AT5G06800.1	1711	1512	14.9998	3.2417
AT5G06800.3	1805	1606	0	0
AT5G42900.2	1386	1187	0	0
AT5G42900.3	1068	869	0	0
AT5G42900.1	1054	855	1	0.382184
AT5G62690.1	1927	1728	1257.02	237.704
AT2G34355.2	2097	1898	0	0
AT2G34355.1	1941	1742	38	7.1281
AT4G01380.1	633	434	0	0
AT3G15710.1	1026	827	69	27.2635
AT5G02680.1	1020	821	10	3.98011
AT1G03340.1	1507	1308	9	2.2484
AT1G25054.1	1227	1028	3.08095	0.979332
AT5G66690.1	1774	1575	317	65.7684
AT5G59220.2	1847	1648	5	0.991405
AT5G59220.1	1952	1753	0	0
AT2G32870.1	1695	1496	16	3.49484
AT2G32870.2	1810	1611	0	0
AT1G03982.1	1290	1091	0	0
AT2G21730.1	1809	1610	4.67857	0.949568
AT5G12030.1	882	683	6	2.87058
AT4G18170.1	1453	1254	12	3.12696
AT2G07627.1	219	25.9389	0	0
AT5G43525.1	334	135	0	0
AT1G78900.2	2519	2320	998.768	140.674
AT1G78900.1	2599	2400	1214.23	165.321
AT4G08840.1	1671	1472	0	0
AT3G13432.1	621	422	3	2.32299
AT3G05936.1	758	559	8.28148	4.84099
AT3G05936.2	488	289	0.718519	0.812416
AT3G19040.1	5435	5236	3	0.187223
AT3G19040.2	5576	5377	0	0
AT1G21440.1	1425	1226	123.423	32.896
AT1G21440.2	1276	1077	121.577	36.8871
AT1G64770.2	1723	1524	7.71163	1.65348
AT1G64770.3	1746	1547	5.02405	1.06121
AT1G64770.1	1505	1306	585.264	146.436
AT3G49970.2	2162	1963	0	0
AT3G49970.1	2095	1896	7	1.20642
AT5G20630.1	1008	809	895	361.504
AT5G06440.5	2202	2003	0	0
AT5G06440.2	2188	1989	5.2466	0.861948
AT5G06440.1	2247	2048	12.6232	2.01408
AT5G06440.6	2269	2070	0	0
AT5G06440.3	1778	1579	91.4529	18.9258
AT5G06440.4	1893	1694	53.6774	10.3542
AT4G33920.3	2021	1822	8.88157	1.59287
AT4G33920.1	1862	1663	108.118	21.2445
AT4G33920.2	2072	1873	0	0
AT5G10946.1	1261	1062	0	0
AT5G10946.2	1355	1156	9	2.54403
AT3G30235.1	507	308	0	0
AT1G10400.1	1566	1367	16	3.82463
AT4G24600.1	388	189	0	0
AT5G64300.1	2459	2260	379	54.7986
AT5G24660.1	823	624	224	117.301
AT2G45890.1	1844	1645	22	4.37014
AT4G25835.1	2231	2032	32	5.14594
AT1G48520.3	2036	1837	27.595	4.90862
AT1G48520.1	2112	1913	226.405	38.6731
AT1G48520.2	2140	1941	0	0
AT5G50710.1	779	580	1.75685	0.989795
AT4G22290.1	1904	1705	148	28.3645
AT1G69680.1	1265	1066	43	13.181
AT1G22480.1	1112	913	1	0.357905
AT4G39753.1	1334	1135	0	0
AT5G03910.1	2207	2008	140.436	22.8536
AT1G60550.1	1419	1220	281	75.2636
AT5G45560.2	2732	2533	0	0
AT5G45560.1	2630	2431	49	6.58642
AT3G15635.1	204	18.2087	0	0
AT1G16000.1	514	315	34	35.2701
AT2G22740.1	2646	2447	48	6.40982
AT2G22740.2	2588	2389	0	0
AT5G24000.1	1610	1411	34	7.87391
AT1G52660.1	1430	1231	8	2.12359
AT1G52660.2	1241	1042	0	0
AT4G01680.2	1248	1049	2.82759	0.880804
AT4G01680.1	1451	1252	43.1724	11.2678
AT4G01680.3	1287	1088	0	0
AT2G35860.1	1746	1547	408	86.1803
AT1G61380.2	3007	2808	16.891	1.96561
AT1G61380.1	2892	2693	105.109	12.7539
AT1G48095.1	912	713	0	0
AT1G24200.1	591	392	0	0
AT1G72125.1	1892	1693	14	2.70215
AT5G63595.1	1009	810	6	2.4205
AT5G60620.1	1398	1199	138	37.6096
AT2G45730.1	1746	1547	105	22.1788
AT1G75100.1	2623	2424	178	23.9953
AT5G07790.1	2811	2612	0	0
AT5G07790.2	2513	2314	0	0
AT5G07790.3	2459	2260	17	2.45798
AT5G08230.1	5419	5220	63	3.94374
AT3G56350.1	944	745	1	0.438614
AT4G30250.2	2172	1973	9.89799	1.6393
AT4G30250.1	1574	1375	13.102	3.11368
AT1G27210.1	2529	2330	109	15.2865
AT4G23050.1	3115	2916	24.378	2.7318
AT4G23050.2	2811	2612	47.622	5.95762
AT2G01820.1	3386	3187	483	49.5226
AT3G44450.1	1165	966	117	39.5774
AT4G13080.1	971	772	0	0
AT2G30385.1	765	566	0	0
AT1G05210.1	770	571	24	13.7345
AT5G18520.1	1749	1550	416	87.7001
AT5G57569.1	264	65.044	0	0
AT1G23150.1	982	783	39	16.2758
AT5G55430.1	639	440	1.00171	0.74392
AT1G76170.5	930	731	0	0
AT1G76170.3	1645	1446	4.33126	0.978778
AT1G76170.2	1752	1553	0	0
AT1G76170.4	1654	1455	0.00349219	0.000784284
AT1G76170.1	1139	940	11.6652	4.05513
AT1G76170.7	1269	1070	0	0
AT1G76170.6	833	634	0	0
AT5G52410.2	2461	2262	0	0
AT5G52410.1	2448	2249	12.9242	1.87782
AT5G52410.3	2580	2381	36.0758	4.95102
AT2G35090.1	495	296	0	0
AT3G61210.1	1116	917	31	11.0467
AT4G25434.12	1416	1217	0	0
AT4G25434.8	1533	1334	0	0
AT4G25434.2	1407	1208	6.22323	1.6834
AT4G25434.13	1516	1317	0	0
AT4G25434.5	1748	1549	0	0
AT4G25434.1	1437	1238	0	0
AT4G25434.6	1620	1421	0	0
AT4G25434.7	1539	1340	3.11846e-05	7.60455e-06
AT4G25434.10	1452	1253	0	0
AT4G25434.11	1497	1298	0	0
AT4G25434.9	1524	1325	12.7767	3.15096
AT4G25434.4	1827	1628	0	0
AT4G25434.3	1842	1643	0	0
AT1G72440.1	3704	3505	188	17.527
AT4G17950.1	2120	1921	118.816	20.211
AT2G40620.1	1801	1602	104	21.2133
AT3G09620.2	2985	2786	0.00204613	0.000239989
AT3G09620.1	2970	2771	1.00582	0.11861
AT5G04250.1	1769	1570	3.26157	0.678838
AT5G04250.2	1534	1335	3.93196	0.962424
AT3G30580.1	605	406	0	0
AT5G41140.2	3577	3378	0.995707	0.0963186
AT5G41140.1	3615	3416	338.004	32.3328
AT3G12100.1	1485	1286	36	9.14745
AT3G12100.2	901	702	0	0
AT5G06310.1	1646	1447	7	1.58077
AT5G16320.1	1612	1413	22	5.08767
AT1G06630.3	1471	1272	13.2688	3.40865
AT1G06630.9	1674	1475	0	0
AT1G06630.8	1736	1537	0	0
AT1G06630.7	1643	1444	0	0
AT1G06630.4	1796	1597	0	0
AT1G06630.5	1737	1538	0	0
AT1G06630.6	1639	1440	8.57143	1.94504
AT1G06630.2	1650	1451	0	0
AT1G06630.1	1745	1546	22.2539	4.70366
AT1G51930.1	399	200	0	0
AT2G44190.1	1999	1800	24	4.35689
AT1G17940.1	1841	1642	0	0
AT1G17940.4	1801	1602	14.0014	2.85593
AT1G17940.5	2083	1884	0	0
AT1G17940.6	1708	1509	15.4035	3.33556
AT1G17940.3	1922	1723	0	0
AT1G17940.2	2111	1912	10.5951	1.81074
AT4G02560.1	3281	3082	97.5314	10.3407
AT4G02560.2	3123	2924	21.4686	2.39919
AT1G14450.2	629	430	80.3337	61.0474
AT1G14450.1	601	402	97.6663	79.3884
AT3G09922.1	542	343	2	1.90535
AT5G46700.1	1690	1491	90.5309	19.8407
AT3G14620.1	2060	1861	67	11.7643
AT5G57520.1	1125	926	2	0.705761
AT3G21810.2	2773	2574	23.4144	2.97244
AT3G21810.1	1914	1715	19.5856	3.73174
AT5G24316.1	509	310	0	0
AT4G16980.1	1157	958	1006.03	343.149
AT1G28060.1	2925	2726	0	0
AT1G28060.2	2905	2706	0	0
AT1G28060.3	2850	2651	155	19.1056
ATCG00810.1	483	284	11	12.6565
AT3G44720.1	1903	1704	355	68.0765
AT5G16210.1	4236	4037	222	17.9694
AT4G21230.1	2034	1835	18	3.20535
AT5G65687.1	1922	1723	44	8.3446
AT4G39290.1	1098	899	0	0
AT2G45140.2	1212	1013	0	0
AT2G45140.1	1274	1075	179	54.4105
AT1G09625.1	431	232	0	0
AT5G13770.1	2054	1855	337.406	59.4356
AT2G21940.6	929	730	0	0
AT2G21940.3	1661	1462	0	0
AT2G21940.1	1374	1175	39.006	10.8475
AT2G21940.4	1542	1343	7.99405	1.94504
AT2G21940.5	1368	1169	7.90188e-08	2.20879e-08
AT2G21940.2	1607	1408	0	0
AT2G21940.7	974	775	0	0
AT3G06895.1	163	8.39114	0	0
AT2G05370.2	1112	913	0	0
AT2G05370.1	636	437	0	0
AT5G02570.1	522	323	0	0
AT3G19280.1	1947	1748	38	7.10363
AT5G54550.1	1202	1003	0	0
AT4G14385.2	1185	986	22.3081	7.39307
AT4G14385.9	1240	1041	0	0
AT4G14385.3	1143	944	10.6411	3.68343
AT4G14385.1	1154	955	24.7983	8.48511
AT4G14385.8	1688	1489	8.65926e-05	1.90031e-05
AT4G14385.4	1704	1505	9.25236	2.00888
AT4G14385.7	1774	1575	0	0
AT4G14385.5	1256	1057	0	0
AT4G14385.6	1805	1606	0	0
AT4G15096.1	2458	2259	0	0
AT3G58120.2	1902	1703	8.61918	1.65383
AT3G58120.1	1745	1546	152.381	32.2077
AT5G59890.2	1297	1098	2.5227	0.750761
AT5G59890.1	933	734	253.025	112.643
AT5G59890.3	807	608	15.4521	8.30465
AT4G13440.1	477	278	0.99278	1.16693
AT4G13440.2	1031	832	6.00722	2.35933
AT3G13660.1	995	796	0	0
AT5G08141.1	662	463	0	0
AT5G07140.1	2215	2016	25	4.05217
AT3G20570.1	912	713	95	43.5384
AT2G17410.3	2935	2736	0	0
AT2G17410.1	2901	2702	228.897	27.6817
AT2G17410.2	2579	2380	0.103165	0.0141643
AT4G18195.1	1586	1387	1	0.235593
AT5G20280.1	3654	3455	472	44.6408
AT4G08878.1	843	644	0	0
AT2G17520.1	2994	2795	119	13.9124
AT2G39810.2	3107	2908	62.6894	7.04431
AT2G39810.1	3268	3069	95.3106	10.148
AT5G64480.2	963	764	12.9492	5.53843
AT5G64480.1	845	646	35.0508	17.7298
AT1G65481.1	987	788	6	2.48807
AT5G23200.1	1631	1432	57	13.0068
AT5G43175.1	812	613	2	1.06612
AT1G12950.1	1926	1727	26	4.91948
AT1G57765.2	773	574	19.6654	11.1951
AT1G57765.1	1030	831	32.3346	12.7147
AT3G30160.1	838	639	3	1.53412
AT3G04180.1	819	620	0	0
AT2G44460.1	2143	1944	0	0
AT2G44460.2	1556	1357	1	0.240801
AT1G61490.5	3585	3386	11.3404	1.09441
AT1G61490.2	2921	2722	0	0
AT1G61490.1	2675	2476	0	0
AT1G61490.7	2337	2138	0	0
AT1G61490.4	3659	3460	0	0
AT1G61490.6	3581	3382	0	0
AT1G61490.3	2753	2554	0	0
AT4G14020.1	700	501	33	21.5236
AT1G79200.1	914	715	34	15.5386
AT1G07160.1	1539	1340	8	1.95085
AT1G11925.1	804	605	0	0
AT5G18900.1	1259	1060	94	28.9775
AT3G17570.1	1156	957	0	0
AT3G27120.1	2068	1869	22	3.84638
AT1G80420.1	1541	1342	20.4841	4.98773
AT1G80420.5	1879	1680	7.43662	1.44645
AT1G80420.3	1439	1240	0	0
AT1G80420.4	1774	1575	7.07925	1.46874
AT1G80420.2	1459	1260	0	0
AT1G05470.1	2988	2789	67.2309	7.87696
AT1G05470.2	3518	3319	4.76912	0.469536
AT2G30100.1	2010	1811	100	18.0435
AT5G24690.1	2135	1936	859	144.986
AT3G07910.1	794	595	123	67.5502
AT2G30540.1	939	740	33	14.572
AT4G25140.1	908	709	0	0
AT1G74230.1	1283	1084	200	60.2891
AT4G09640.1	2217	2018	35.7631	5.79099
AT3G04580.1	3319	3120	18.4247	1.92968
AT3G04580.2	3179	2980	101.575	11.1381
AT1G72416.4	905	706	0	0
AT1G72416.3	1396	1197	0	0
AT1G72416.2	908	709	3.51266	1.61893
AT1G72416.5	1002	803	0	0
AT1G72416.1	1224	1025	6.48734	2.06815
AT1G05055.1	1597	1398	64	14.9593
AT5G46295.1	416	217	2	3.01168
AT1G66750.1	1543	1344	39	9.48208
AT3G12730.2	771	572	3.97436	2.27044
AT3G12730.1	1278	1079	17.0256	5.15609
AT1G66310.1	1329	1130	0	0
AT1G19910.1	1086	887	679.802	250.436
AT1G19910.2	1354	1155	10.1983	2.88525
AT4G16740.2	1315	1116	0	0
AT4G16740.3	2473	2274	0	0
AT4G16740.4	2295	2096	0	0
AT4G16740.1	2206	2007	0	0
AT1G77300.1	5943	5744	306.28	17.4238
AT1G77300.2	5417	5218	0	0
AT2G07773.1	1770	1571	0	0
AT2G40250.1	1199	1000	0	0
AT4G28320.1	1757	1558	23	4.8239
AT3G17490.1	1167	968	0	0
AT1G03400.2	1402	1203	0	0
AT1G03400.1	1385	1186	42	11.5719
AT5G03350.1	1061	862	39	14.7841
AT4G18880.1	2347	2148	32	4.86804
AT5G45860.1	688	489	0	0
AT1G10780.1	1679	1480	24.8739	5.49188
AT1G10780.2	1560	1361	18.1261	4.35195
AT4G14480.1	1959	1760	33	6.12688
AT2G25310.1	1142	943	99	34.3053
AT5G62030.1	2276	2077	70	11.0129
AT4G25530.1	2469	2270	0	0
AT2G06850.2	1548	1349	4.52537	1.09618
AT2G06850.1	1314	1115	1252.47	367.056
AT1G67120.2	16444	16245	237.993	4.78722
AT1G67120.1	16593	16394	0.00667572	0.000133061
AT1G05400.2	962	763	2	0.856532
AT1G05400.1	996	797	0	0
AT3G18860.2	2576	2377	0	0
AT3G18860.1	2590	2391	231	31.5697
AT4G34610.1	2451	2252	69.9919	10.1559
AT4G34610.3	2663	2464	0	0
AT4G34610.4	2138	1939	221.56	37.338
AT4G34610.2	2066	1867	56.4486	9.87978
AT3G52110.2	1261	1062	36.5712	11.2526
AT3G52110.1	1505	1306	0	0
AT3G52110.3	1077	878	24.4288	9.09171
AT3G52110.4	1064	865	0	0
AT3G58150.1	782	583	1	0.560492
AT4G33270.1	2097	1898	185.685	31.9682
AT4G19770.1	807	608	0	0
AT1G75880.2	1526	1327	11.3419	2.79288
AT1G75880.1	1409	1210	1.65812	0.447785
AT5G52920.1	2221	2022	766	123.79
AT4G30800.1	1015	816	51	20.4229
AT1G17680.1	3214	3015	18.3841	1.99248
AT1G17680.2	3050	2851	57.6158	6.60363
AT1G17680.3	3086	2887	3.19477e-05	3.61602e-06
ATCG00130.1	555	356	30	27.5366
AT1G22430.1	1565	1366	122.788	29.3727
AT1G22430.5	1705	1506	0	0
AT1G22430.3	1659	1460	48.0231	10.7482
AT1G22430.2	1468	1269	1.18896	0.306158
AT1G22430.4	1801	1602	0	0
AT5G52360.1	816	617	0	0
AT5G43550.1	372	173	0	0
AT5G58080.1	2107	1908	0	0
AT4G10430.8	1441	1242	0	0
AT4G10430.5	1844	1645	1.63968	0.325711
AT4G10430.2	1357	1158	0	0
AT4G10430.9	1250	1051	0	0
AT4G10430.7	1528	1329	0	0
AT4G10430.6	1782	1583	0	0
AT4G10430.4	1866	1667	14.1995	2.78339
AT4G10430.3	1355	1156	1.15404e-05	3.26213e-06
AT4G10430.1	1491	1292	134.161	33.9314
AT2G01670.1	1470	1271	302	77.6425
AT4G00467.1	609	410	0	0
AT4G00467.2	755	556	0	0
AT5G60210.6	2130	1931	66.5924	11.2689
AT5G60210.3	2432	2233	7.40963	1.08429
AT5G60210.1	2481	2282	69.3571	9.93147
AT5G60210.5	2798	2599	0	0
AT5G60210.4	3325	3126	0	0
AT5G60210.2	3593	3394	13.6409	1.31332
AT4G35430.1	433	234	0	0
AT3G02880.1	2540	2341	267	37.269
AT2G34590.1	1674	1475	390.408	86.4899
AT5G17580.2	2803	2604	15.4846	1.94311
AT5G17580.1	1794	1595	19.5154	3.99811
AT1G69920.1	1003	804	0	0
AT4G33467.1	648	449	0	0
AT4G33467.2	673	474	0	0
AT4G32714.1	521	322	0	0
AT2G27740.2	517	318	0	0
AT2G27740.1	1094	895	11	4.01613
AT4G11900.7	2946	2747	0	0
AT4G11900.3	3200	3001	8.21595	0.894603
AT4G11900.8	2839	2640	0	0
AT4G11900.2	3306	3107	0	0
AT4G11900.5	3136	2937	0	0
AT4G11900.10	1953	1754	2.07518	0.386603
AT4G11900.9	2783	2584	0	0
AT4G11900.4	3189	2990	0	0
AT4G11900.6	3031	2832	0	0
AT4G11900.1	3027	2828	14.7089	1.69957
AT5G44200.2	1332	1133	99.8345	28.7931
AT5G44200.1	1298	1099	14.1655	4.21186
AT5G60510.1	1269	1070	0	0
AT4G14290.4	1523	1324	2.49566	0.615936
AT4G14290.1	2171	1972	17.4872	2.89769
AT4G14290.2	2066	1867	0	0
AT4G14290.5	1985	1786	31.0171	5.67491
AT4G14290.3	1582	1383	0	0
AT2G38830.1	1096	897	8	2.91431
AT5G48920.1	922	723	38	17.1745
AT5G04420.3	2192	1993	11.9341	1.95669
AT5G04420.1	2025	1826	25.2243	4.51395
AT5G04420.2	1924	1725	118.842	22.5122
AT1G16460.2	1379	1180	56.4284	15.6262
AT1G16460.1	1498	1299	83.9551	21.1191
AT1G16460.4	1527	1328	0	0
AT1G16460.6	1496	1297	3.19541	0.805054
AT1G16460.3	1454	1255	0	0
AT1G16460.5	1536	1337	13.4211	3.28017
AT1G33960.1	1453	1254	1	0.26058
AT1G33960.2	1767	1568	0	0
AT4G11470.2	2329	2130	0	0
AT4G11470.1	2085	1886	1	0.173259
AT2G12190.1	1756	1557	6.64557	1.3947
AT5G44340.1	1797	1598	1807.42	369.591
AT1G62180.2	1538	1339	1334.38	325.641
AT1G62180.1	2049	1850	1545.51	272.985
AT5G60120.2	2297	2098	0	0
AT5G60120.6	2210	2011	0.0247657	0.00402418
AT5G60120.5	2431	2232	0	0
AT5G60120.1	2217	2018	193.936	31.4033
AT5G60120.3	2798	2599	4.03932	0.507855
AT5G60120.4	2614	2415	0	0
AT3G48620.1	1127	928	0	0
AT3G47150.1	1083	884	0	0
AT1G20090.1	1375	1176	306	85.0261
AT4G13530.1	1914	1715	33.7377	6.42821
AT4G13530.2	999	800	77.2623	31.5585
AT1G63130.2	2511	2312	0	0
AT1G63130.1	2638	2439	64.9012	8.6952
AT1G79520.2	1463	1264	66.7517	17.2565
AT1G79520.1	2649	2450	29.6146	3.94983
AT1G79520.4	2826	2627	20.0142	2.48952
AT1G79520.3	3235	3036	5.61955	0.604836
AT3G27570.1	1703	1504	112.8	24.5075
AT3G27570.2	1543	1344	134.2	32.6281
AT1G28420.1	5853	5654	259.947	15.0234
AT4G28480.2	1286	1087	0	0
AT4G28480.1	1529	1330	200	49.1379
AT5G50940.1	1101	902	1	0.36227
AT5G52810.1	1356	1157	58	16.3807
AT3G14630.1	1820	1621	0	0
AT3G14630.2	1698	1499	0	0
AT3G57787.1	378	179	10.0225	18.2962
AT3G47490.2	1416	1217	1.39177	0.373694
AT3G47490.1	982	783	57.4304	23.9673
AT3G47490.7	1328	1129	8.17781	2.36691
AT3G47490.6	1468	1269	0	0
AT3G47490.4	1148	949	0	0
AT3G47490.5	1093	894	0	0
AT3G47490.3	1072	873	0	0
AT5G48350.1	1139	940	0	0
AT5G13500.1	1929	1730	29.0756	5.49188
AT5G13500.3	1453	1254	85.9244	22.3902
AT5G13500.2	1559	1360	0	0
AT5G01630.1	3929	3730	42.5568	3.7282
AT5G42060.1	568	369	36	31.8797
AT3G54600.1	1752	1553	323	67.9625
AT4G02800.1	1546	1347	82	19.8923
AT3G26590.2	1578	1379	37.1524	8.80361
AT3G26590.1	2043	1844	62.4316	11.0632
AT1G26770.1	1539	1340	257.411	62.7713
AT1G26770.2	805	606	86.5886	46.6903
AT5G46340.2	2326	2127	58.9952	9.06332
AT5G46340.1	2455	2256	41.0048	5.93928
AT2G31580.4	2173	1974	0	0
AT2G31580.1	2088	1889	41.4307	7.16685
AT2G31580.5	3028	2829	0	0
AT2G31580.2	2188	1989	0	0
AT2G31580.3	2134	1935	0	0
AT4G03830.1	1737	1538	0	0
AT5G26742.3	2525	2326	732.556	102.913
AT5G26742.2	3362	3163	73.5648	7.59993
AT5G26742.1	2834	2635	1351.88	167.647
AT3G11410.1	1800	1601	89	18.1651
AT5G55630.1	1635	1436	51.6914	11.7626
AT5G55630.2	1431	1232	80.3086	21.3005
AT1G31220.1	1520	1321	27	6.67881
AT3G04490.4	4008	3809	20.4249	1.75222
AT3G04490.1	3687	3488	55.6864	5.21688
AT3G04490.3	3914	3715	95.8887	8.43426
AT3G04490.2	4216	4017	0	0
AT1G20610.1	2011	1812	38	6.85273
AT3G26230.1	1852	1653	9	1.77913
AT5G08505.1	240	42.049	0	0
AT3G20340.1	762	563	7	4.06282
AT5G01940.1	780	581	0	0
AT5G01940.2	1074	875	0	0
AT5G01940.3	1021	822	5	1.98763
AT2G47600.1	2357	2158	107	16.2021
AT5G52882.1	3557	3358	562	54.6882
AT1G10760.1	5040	4841	0	0
AT1G10760.3	4670	4471	281.155	20.5485
AT1G10760.2	4825	4626	29.8452	2.10817
AT4G21410.1	1814	1615	73.3694	14.845
AT4G21410.3	3002	2803	31.0055	3.61455
AT4G21410.2	3076	2877	26.2971	2.98681
AT1G08370.1	1718	1519	146	31.4075
AT2G20875.1	866	667	10	4.89906
AT3G51840.1	1937	1738	326	61.2923
AT2G42360.1	1245	1046	7	2.18678
AT5G43930.4	2847	2648	17.43	2.15089
AT5G43930.1	2831	2632	1.14835e-05	1.4257e-06
AT5G43930.3	2856	2657	27.4668	3.37797
AT5G43930.2	2740	2541	21.1031	2.71382
AT1G71320.1	1179	980	0	0
AT1G73850.1	2194	1995	24.5492	4.02098
AT1G73850.2	2560	2361	6.45082	0.892806
AT2G26910.1	4956	4757	628	43.1385
AT5G40990.1	1419	1220	0	0
AT1G74500.1	814	615	37	19.6592
AT5G24600.1	1162	963	2	0.678644
AT5G24600.2	962	763	0	0
AT1G57650.2	2031	1832	0	0
AT1G57650.4	1994	1795	1	0.182043
AT1G57650.1	2130	1931	0	0
AT1G57650.3	2414	2215	0	0
AT5G27710.2	851	652	0	0
AT5G27710.1	1548	1349	31	7.5091
AT4G05497.1	959	760	0	0
AT5G40500.2	733	534	37	22.6412
AT5G40500.1	760	561	0	0
AT1G26355.1	360	161	0	0
AT5G24165.1	939	740	291	128.499
AT5G24165.2	1067	868	0	0
AT3G09740.1	1370	1171	301	83.9939
AT4G28070.1	1677	1478	0	0
AT4G28070.2	1678	1479	10	2.20938
AT4G16410.1	736	537	290.556	176.805
AT2G22670.2	1681	1482	16.8764	3.72109
AT2G22670.1	1590	1391	194.644	45.7248
AT2G22670.3	1369	1170	499.48	139.499
AT2G22670.4	1630	1431	0	0
AT2G22670.5	1694	1495	0	0
AT5G10090.1	2517	2318	0	0
AT2G34186.1	96	4.14046	0	0
AT4G34120.1	1229	1030	280	88.8299
AT5G49800.1	1185	986	0	0
AT5G49800.2	1060	861	14	5.31329
AT3G17100.2	1516	1317	81.3948	20.1953
AT3G17100.1	1598	1399	28.6052	6.68137
AT4G19220.1	2856	2657	0	0
AT5G43980.1	1281	1082	6	1.81202
AT5G16290.1	1858	1659	149.915	29.5282
AT5G16290.2	1821	1622	40.0851	8.07551
AT2G33030.1	657	458	0	0
AT4G27900.2	1376	1177	13.5149	3.75209
AT4G27900.1	1394	1195	45.4851	12.4377
AT4G16960.1	3054	2855	29.3499	3.35922
AT3G57120.1	1847	1648	35	6.93984
AT1G75500.2	1504	1305	279.54	69.9957
AT1G75500.1	1834	1635	703.46	140.592
AT4G28700.1	1749	1550	2	0.421635
AT3G09780.1	2741	2542	14	1.79966
AT2G23348.1	992	793	0	0
AT2G23348.3	806	607	1	0.538331
AT2G23348.4	888	689	0	0
AT2G23348.2	989	790	0	0
AT5G44640.1	1737	1538	0	0
AT5G02150.3	1167	968	0	0
AT5G02150.2	1156	957	19	6.48754
AT5G02150.1	1213	1014	0	0
AT3G43400.1	642	443	0	0
AT2G42860.1	1300	1101	0	0
AT4G00026.1	1703	1504	91	19.7711
AT5G25940.1	582	383	72	61.4288
AT2G35850.1	243	44.7603	0	0
AT4G24610.2	3908	3709	62.6399	5.51865
AT4G24610.4	4040	3841	8.08519	0.687835
AT4G24610.3	4510	4311	9.1954e-08	6.96997e-09
AT4G24610.1	4498	4299	56.2749	4.27746
AT3G62400.1	195	14.9308	0	0
AT3G62400.2	646	447	174	127.198
AT3G59490.1	992	793	2.68319	1.10565
AT3G59490.3	905	706	0.00628835	0.00291052
AT3G59490.2	1035	836	19.4489	7.60198
AT3G59490.4	914	715	4.86165	2.22186
AT5G67280.1	2740	2541	190	24.4336
AT3G28060.1	898	699	0	0
AT2G18800.1	1196	997	8	2.622
AT5G11920.3	2300	2101	0	0
AT5G11920.1	2030	1831	15.7393	2.80889
AT5G11920.2	1681	1482	3.26074	0.718964
AT3G28956.8	990	791	6.76068	2.79288
AT3G28956.5	1044	845	0	0
AT3G28956.9	918	719	0	0
AT3G28956.12	682	483	1.20698	0.816565
AT3G28956.3	1176	977	0	0
AT3G28956.11	721	522	0	0
AT3G28956.6	1159	960	0	0
AT3G28956.2	1278	1079	0	0
AT3G28956.1	816	617	0	0
AT3G28956.7	1092	893	0	0
AT3G28956.10	873	674	8.3545	4.05041
AT3G28956.4	1096	897	0	0
AT5G50020.3	1953	1754	22.8102	4.2495
AT5G50020.2	1578	1379	42.6124	10.0974
AT5G50020.1	1785	1586	32.5774	6.712
AT3G56910.1	693	494	1207	798.397
AT4G24730.2	1412	1213	21.8457	5.88496
AT4G24730.1	1609	1410	9.15431	2.12151
AT3G61430.1	1556	1357	56.5417	13.6153
AT3G61430.2	1340	1141	1072.46	307.138
AT5G38396.1	1389	1190	0	0
AT1G09830.1	1922	1723	154	29.2061
AT5G10490.3	2292	2093	0	0
AT5G10490.1	2446	2247	121.787	17.7108
AT5G10490.2	2301	2102	53.2126	8.27219
AT4G16835.1	2011	1812	7	1.26235
AT1G49032.2	963	764	2.25895e-05	9.66167e-06
AT1G49032.1	991	792	22	9.07686
AT4G00760.1	3285	3086	58.6137	6.20642
AT4G00760.2	1124	925	5.4311	1.9186
AT5G01250.1	1595	1396	14	3.27703
AT3G26030.1	2525	2326	228	32.0305
AT5G42720.1	1812	1613	242	49.0252
AT1G47655.1	967	768	11	4.68026
AT1G52370.1	1241	1042	50.5558	15.8541
AT1G52370.4	1218	1019	15.1751	4.86628
AT1G52370.2	1295	1096	0	0
AT1G52370.3	1736	1537	2.96718	0.630825
AT2G27830.1	1308	1109	20	5.893
AT4G28380.1	1176	977	10	3.3446
AT4G17713.1	301	102	0	0
AT1G50970.1	1710	1511	8.09224	1.75002
AT1G50970.2	2010	1811	17.6274	3.1806
AT1G50970.3	1841	1642	1.28034	0.254794
AT1G27850.1	4418	4219	213	16.4971
AT3G52770.1	1004	805	10	4.05922
AT5G15240.3	1785	1586	0	0
AT5G15240.1	1691	1492	13	2.84717
AT5G15240.2	1166	967	0	0
AT2G43260.2	1432	1233	43	11.3958
AT2G43260.1	1536	1337	0	0
AT3G25180.1	1884	1685	0	0
AT3G25180.2	1991	1792	0	0
AT5G05770.1	429	230	1	1.42073
AT4G07390.1	1148	949	114	39.2534
AT4G07390.2	1051	852	0	0
AT5G38690.1	2447	2248	26.4585	3.84598
AT5G38690.2	2700	2501	39.5415	5.16628
AT1G47750.1	994	795	32	13.1529
ATMG00970.1	354	155	0	0
AT1G64220.1	306	107	4	12.2156
AT3G06420.1	712	513	34	21.6571
AT4G38950.2	3167	2968	7.19198e-07	7.91813e-08
AT4G38950.1	3526	3327	213.557	20.9749
AT4G38950.4	3134	2935	0	0
AT4G38950.5	2934	2735	229.443	27.4129
AT4G38950.3	3181	2982	0	0
AT5G66090.1	1001	802	105	42.7812
AT2G30320.1	1865	1666	47	9.21852
AT5G45050.1	4389	4190	19.969	1.55733
AT5G45050.3	4314	4115	0	0
AT5G45050.4	3927	3728	66.4169	5.82158
AT5G45050.2	4157	3958	59.6142	4.92167
AT3G56270.1	1814	1615	33	6.67698
AT3G15850.1	1789	1590	1018	209.213
AT3G50640.1	955	756	13	5.61901
AT3G46617.1	362	163	0	0
AT1G12680.1	2262	2063	70	11.0876
AT1G20910.2	1828	1629	0	0
AT1G20910.1	1736	1537	59	12.5434
AT4G12290.2	2602	2403	28.8694	3.92575
AT4G12290.1	2939	2740	8.13056	0.969635
AT1G68740.1	3050	2851	64.5896	7.40293
AT1G68740.2	3188	2989	16.4104	1.79404
AT3G49270.2	579	380	0	0
AT3G49270.3	501	302	0	0
AT3G49270.1	831	632	0	0
AT5G39530.1	1506	1307	268.403	67.1042
AT5G39530.2	1592	1393	29.5973	6.94287
AT2G27820.1	1718	1519	248	53.3497
AT5G62200.1	1209	1010	29	9.38242
AT3G48690.1	1189	990	497	164.044
AT1G13680.1	1296	1097	0	0
AT2G42790.1	1903	1704	142	27.2306
AT5G17180.1	412	213	0	0
AT2G36490.1	4827	4628	135	9.53188
AT3G20440.1	3088	2889	22.4457	2.53878
AT3G20440.3	2987	2788	0.000357874	4.19446e-05
AT3G20440.2	3207	3008	50.5539	5.49181
AT1G28400.1	1758	1559	356	74.6178
AT5G03580.1	598	399	0	0
AT2G41470.1	1245	1046	0	0
AT2G41470.2	1154	955	0	0
AT4G15248.1	642	443	17	12.5396
AT2G46630.1	1930	1731	173	32.6578
AT5G22540.1	1557	1358	0	0
AT4G09180.1	1253	1054	80	24.8021
AT2G46960.2	1983	1784	0	0
AT2G46960.1	2082	1883	0	0
AT5G52330.1	1463	1264	1	0.258518
AT5G52330.3	1579	1380	0	0
AT5G52330.2	1562	1363	0	0
AT5G52330.4	1561	1362	0	0
AT1G77030.1	2811	2612	170	21.2674
AT4G03290.1	1093	894	0	0
AT3G02710.1	1829	1630	99	19.8466
AT2G26135.1	1155	956	0	0
AT4G25680.1	1420	1221	123.651	33.0918
AT5G65110.1	2581	2382	93.6742	12.8504
AT5G65110.2	2403	2204	71.3258	10.5748
ATMG01000.1	345	146	0	0
AT2G30980.1	1667	1468	314	69.8943
AT5G58920.1	830	631	36	18.6428
AT2G01240.1	554	355	0	0
AT3G60300.2	1389	1190	55.2342	15.167
AT3G60300.1	1500	1301	93.7658	23.5508
AT5G42504.1	228	32.1317	0	0
AT5G40720.1	2494	2295	5.11136	0.727766
AT5G40720.3	2221	2022	0	0
AT5G40720.2	2045	1846	3.88864	0.688342
AT1G78360.1	907	708	3	1.38461
AT4G05120.2	1632	1433	28.3984	6.47568
AT4G05120.1	1843	1644	0	0
AT4G20840.1	1952	1753	40	7.45618
AT2G29452.1	132	5.68809	0	0
AT1G59650.1	2176	1977	67	11.0741
AT5G12290.2	2336	2137	12.5062	1.91231
AT5G12290.1	2219	2020	37.4938	6.06522
AT5G12290.3	2336	2137	12.5062	1.91231
AT5G12290.4	2219	2020	37.4938	6.06522
AT2G47490.1	2067	1868	392	68.5721
AT4G08170.1	1925	1726	9.32365	1.76516
AT4G08170.4	2906	2707	0	0
AT4G08170.7	2649	2450	7.63985	1.01896
AT4G08170.5	1727	1528	28.6428	6.12535
AT4G08170.6	2756	2557	0	0
AT4G08170.3	1772	1573	19.2847	4.00611
AT4G08170.2	1741	1542	2.10896	0.446912
AT5G23520.1	2157	1958	64.364	10.7416
AT5G23520.2	1948	1749	7.5063	1.40241
AT5G65410.1	1553	1354	135	32.5802
AT4G00130.1	885	686	2.08239	0.99192
AT4G20240.2	1854	1655	37.1427	7.33355
AT4G20240.1	1779	1580	53.8573	11.1385
AT5G55610.1	1485	1286	184	46.7536
AT5G55610.2	1487	1288	0	0
AT5G61412.1	757	558	1	0.585604
AT2G06925.1	1076	877	27.622	10.2919
AT2G06925.2	822	623	20.378	10.6884
AT3G17675.1	390	191	0	0
AT5G46640.1	2094	1895	28	4.82822
AT4G34530.1	1311	1112	32.8809	9.66221
AT4G34770.1	732	533	7	4.2915
AT2G24360.1	1882	1683	304	59.0239
AT5G38660.2	1692	1493	357.623	78.2716
AT5G38660.1	2093	1894	110.38	19.0436
AT2G33847.2	1504	1305	1.55754	0.390001
AT2G33847.1	790	591	4.77145	2.63816
AT2G28150.1	2413	2214	102.138	15.0747
AT2G28150.3	1676	1477	15.8616	3.50917
AT2G28150.2	1787	1588	0	0
AT5G28040.1	1992	1793	43.7392	7.97129
AT5G28040.2	2250	2051	48.2608	7.68896
AT3G55820.1	1117	918	7	2.49169
AT4G22190.1	1539	1340	186	45.3572
AT1G17880.1	803	604	780	421.984
AT2G39650.2	1679	1480	0	0
AT2G39650.1	1460	1261	19	4.92353
AT4G05018.1	1169	970	2	0.673747
AT3G16030.5	2920	2721	0	0
AT3G16030.1	2742	2543	0	0
AT3G16030.4	2933	2734	0	0
AT3G16030.2	2980	2781	0	0
AT3G16030.8	2850	2651	0	0
AT3G16030.7	2775	2576	19	2.41016
AT3G16030.3	2999	2800	0	0
AT3G16030.6	2854	2655	0	0
AT5G11180.1	2744	2545	0	0
AT5G11180.2	2904	2705	0	0
AT5G43200.1	689	490	0	0
AT4G24290.3	2383	2184	130.151	19.4731
AT4G24290.1	2561	2362	26.218	3.62708
AT4G24290.2	2522	2323	87.6306	12.3266
AT3G17609.2	702	503	164.86	107.099
AT3G17609.3	775	576	71.5756	40.6051
AT3G17609.1	558	359	34.362	31.2768
AT3G17609.4	657	458	8.20266	5.85232
AT5G17140.1	339	140	0	0
AT5G10890.1	1078	879	7	2.60224
AT5G10890.2	1396	1197	0	0
AT1G47915.1	307	108	0	0
AT5G55400.3	2422	2223	38.3875	5.64273
AT5G55400.2	2711	2512	95.6125	12.4375
AT5G55400.1	2780	2581	0	0
AT1G64105.1	593	394	21.494	17.8262
AT3G23450.1	2146	1947	0	0
AT3G23450.4	1812	1613	104.341	21.1379
AT3G23450.2	1897	1698	118.317	22.7692
AT3G23450.3	1812	1613	104.341	21.1379
AT5G55500.1	2080	1881	72	12.5078
AT2G40270.1	2505	2306	32.0278	4.53843
AT2G40270.2	1785	1586	134.972	27.8086
AT5G11160.1	1319	1120	44.6694	13.0326
AT5G11160.2	1410	1211	6.33062	1.70821
AT3G19480.1	2070	1871	209	36.5015
AT3G25410.1	1915	1716	189	35.9901
AT3G17600.1	892	693	2	0.943051
AT3G52240.1	2472	2273	82	11.7883
AT3G55672.1	501	302	0	0
AT5G16920.1	1129	930	0	0
AT5G02470.2	1370	1171	27.5641	7.69174
AT5G02470.1	1221	1022	10.0796	3.22279
AT5G02470.3	1415	1216	9.35632	2.51426
AT4G37409.2	309	110	0	0
AT4G37409.1	1522	1323	0	0
AT4G37409.3	186	12.4336	0	0
AT4G37409.4	273	74.0093	0	0
AT1G25350.2	2602	2403	66.7048	9.07072
AT1G25350.1	2751	2552	308.295	39.4752
AT4G28390.2	1310	1111	0	0
AT4G28390.1	1513	1314	27	6.71439
AT3G22630.1	872	673	150	72.8307
AT2G15480.2	1724	1525	17.8181	3.81796
AT2G15480.1	2099	1900	33.9298	5.83534
AT3G16860.1	2390	2191	30	4.47422
AT5G56570.1	1512	1313	0	0
AT2G02360.1	1252	1053	19	5.89608
AT3G04640.2	614	415	5.26356	4.14447
AT3G04640.1	778	579	0	0
AT3G04640.3	658	459	3.73644	2.66002
AT4G04925.1	808	609	32	17.17
AT4G11840.1	3223	3024	33.6	3.63075
AT4G11840.2	3133	2934	36.0803	4.01836
AT4G22520.1	357	158	83.4729	172.634
AT4G13710.2	1982	1783	24	4.39844
AT4G13710.1	2044	1845	0	0
AT1G05600.1	1795	1596	14	2.86638
AT1G05600.2	1671	1472	0	0
AT1G05600.3	1650	1451	0	0
AT4G22060.1	1427	1228	0	0
AT1G78190.1	375	176	4	7.42653
AT1G73230.1	909	710	740	340.574
AT4G23970.1	303	104	0	0
AT2G14247.1	1094	895	198	72.2904
AT4G35180.2	2424	2225	0	0
AT4G35180.1	2335	2136	13	1.98875
AT5G11680.1	1150	951	84	28.8627
AT1G76690.1	1607	1408	99.3731	23.0624
AT3G50110.1	2529	2330	32	4.48779
AT4G31030.1	135	5.87326	0	0
AT3G55760.1	2201	2002	15.4	2.51359
AT3G55760.3	2071	1872	45.6	7.95971
AT3G55760.2	2151	1952	0	0
AT3G09240.3	1868	1669	4.83947	0.947502
AT3G09240.2	2136	1937	3.16053	0.533173
AT3G09240.1	1434	1235	0	0
AT1G06960.4	1130	931	0	0
AT1G06960.5	1248	1049	0	0
AT1G06960.2	1224	1025	0	0
AT1G06960.3	944	745	35.9568	15.7711
AT1G06960.6	1130	931	6.75758	2.37181
AT1G06960.1	1107	908	24.2856	8.7398
AT2G40860.3	2462	2263	0	0
AT2G40860.4	2462	2263	0	0
AT2G40860.1	2374	2175	12.1508	1.82551
AT2G40860.2	2016	1817	40.8492	7.34626
AT5G24370.1	576	377	0	0
AT2G30120.6	603	404	0	0
AT2G30120.5	1247	1048	9.51403	2.96648
AT2G30120.1	1739	1540	6.48597	1.37624
AT2G30120.3	1622	1423	0	0
AT2G30120.4	1604	1405	0	0
AT2G30120.2	981	782	0	0
AT3G62670.1	1281	1082	0	0
AT1G64405.1	879	680	12	5.76648
AT1G32720.1	552	353	0	0
AT3G63050.1	791	592	1	0.551971
AT3G09060.1	2268	2069	8	1.26348
AT3G09060.2	2106	1907	0	0
AT1G33830.1	678	479	0	0
AT5G24870.2	2706	2507	0	0
AT5G24870.1	2203	2004	69.8977	11.3973
AT5G24870.3	2389	2190	16.1023	2.4026
AT4G24480.2	3623	3424	12.8382	1.2252
AT4G24480.1	3523	3324	0	0
AT4G24480.3	3433	3234	42.1618	4.26008
AT3G29765.1	1611	1412	0	0
AT4G39756.1	1195	996	0	0
AT1G80770.5	1848	1649	0	0
AT1G80770.6	1778	1579	24.8057	5.13343
AT1G80770.3	1742	1543	0	0
AT1G80770.4	1810	1611	0	0
AT1G80770.1	1779	1580	122.187	25.2701
AT1G80770.2	1539	1340	0.00691312	0.00168581
AT4G33890.1	1591	1392	51.5556	12.1025
AT4G33890.2	1483	1284	25.4444	6.4754
AT2G30200.2	1652	1453	0	0
AT2G30200.1	1690	1491	320	70.1311
AT3G28500.1	951	752	1	0.434531
AT5G41400.1	901	702	58	26.9979
AT5G35067.1	282	83.0016	0	0
AT3G28857.1	911	712	0	0
AT5G05110.1	1058	859	43	16.3574
AT4G05390.1	1794	1595	134.518	27.5587
AT4G05390.2	1545	1346	91.4819	22.209
AT5G55050.1	1898	1699	51	9.80878
AT1G19190.1	1155	956	10	3.41807
AT5G62998.1	114	4.78619	0	0
AT1G07370.1	1130	931	119	41.7672
AT5G65370.1	888	689	0	0
AT5G43350.1	2012	1813	734.541	132.39
AT2G07678.1	2033	1834	0	0
AT3G10480.3	1952	1753	20.3048	3.78491
AT3G10480.2	1687	1488	58.5	12.8467
AT3G10480.1	2474	2275	14.3149	2.05611
AT4G17483.3	1086	887	0	0
AT4G17483.5	956	757	1	0.431661
AT4G17483.1	1214	1015	0	0
AT4G17483.4	1155	956	0	0
AT4G17483.2	1262	1063	0	0
AT5G60700.1	2434	2235	65.574	9.58721
AT5G60700.2	2878	2679	29.426	3.5892
AT3G05250.2	1115	916	0	0
AT3G05250.3	791	592	0	0
AT3G05250.1	1036	837	22	8.58886
AT1G67570.1	1899	1700	27	5.18983
AT1G67570.2	1855	1656	0	0
AT1G31380.1	528	329	0	0
AT2G15340.1	704	505	0	0
AT2G37890.1	1622	1423	31	7.11861
AT4G15475.1	2116	1917	73	12.4434
AT2G13630.1	894	695	0	0
AT1G30400.1	5692	5493	951	56.573
AT1G30400.2	5717	5518	0.000192843	1.14199e-05
AT3G13810.5	1880	1681	26.9689	5.24244
AT3G13810.3	1881	1682	0	0
AT3G13810.1	2289	2090	46.2164	7.22584
AT3G13810.4	1909	1710	37.3243	7.13236
AT3G13810.6	1863	1664	0	0
AT3G13810.2	1898	1699	0	0
AT4G13860.1	809	610	13.9833	7.49062
AT4G13860.2	732	533	0	0
ATCG00190.1	3219	3020	225	24.3452
AT5G63500.1	511	312	14	14.6626
AT1G07320.1	1412	1213	656.263	176.789
AT1G07320.2	1238	1039	38.119	11.9885
AT1G07320.3	1058	859	402.907	153.268
AT1G07320.4	1211	1012	391.711	126.48
AT3G48430.2	3398	3199	54.4964	5.56662
AT3G48430.1	4772	4573	106.504	7.6103
AT1G16380.1	2400	2201	0	0
AT1G65550.1	1626	1427	0	0
AT5G52545.1	788	589	0	0
AT5G52545.2	769	570	6	3.43965
AT1G02575.1	1047	848	0	0
AT5G25920.1	1859	1660	0	0
AT4G32040.2	1717	1518	19.2304	4.13958
AT4G32040.1	1662	1463	113.77	25.4109
AT3G01060.3	1589	1390	0.55495	0.13046
AT3G01060.1	1695	1496	328.185	71.6844
AT3G01060.2	1563	1364	96.2605	23.0607
AT1G02320.1	147	6.75012	0	0
AT5G39990.1	1980	1781	123	22.5673
AT4G29900.2	3842	3643	17.8254	1.59889
AT4G29900.1	3874	3675	300.175	26.6904
AT5G49890.1	2982	2783	151	17.7297
AT4G34480.3	1865	1666	130.403	25.5771
AT4G34480.1	2018	1819	0	0
AT4G34480.2	2007	1808	18.3672	3.31957
AT5G54215.1	351	152	0	0
AT1G63260.1	1575	1376	0	0
AT1G63260.5	1648	1449	0	0
AT1G63260.4	1651	1452	0	0
AT1G63260.2	1367	1168	20.3108	5.68227
AT1G63260.3	1443	1244	12.74	3.34648
AT1G63260.6	1443	1244	21.9492	5.7655
AT4G38970.2	1500	1301	7264.63	1824.63
AT4G38970.1	1764	1565	3900.64	814.442
AT5G39880.1	1458	1259	0	0
AT4G19500.2	4362	4163	0.00930387	0.000730291
AT4G19500.1	4448	4249	183.123	14.083
AT1G34750.3	1547	1348	0.0010676	0.000258797
AT1G34750.1	1607	1408	59.9989	13.9245
AT1G34750.2	1704	1505	0	0
AT1G34750.4	1685	1486	0	0
AT2G30600.2	2714	2515	59.6914	7.75554
AT2G30600.6	2277	2078	0	0
AT2G30600.5	3134	2935	26.3283	2.93125
AT2G30600.3	2992	2793	0	0
AT2G30600.1	2858	2659	0	0
AT2G30600.4	2769	2570	6.98035	0.887529
AT5G11060.1	2531	2332	87	12.1907
AT1G50575.1	1351	1152	72	20.4229
AT5G65220.1	834	635	1356	697.789
AT1G64561.1	563	364	3	2.69314
AT5G65040.1	800	601	8	4.34965
AT3G04980.1	3498	3299	6.00333	0.594632
AT3G04980.3	3753	3554	0	0
AT3G04980.2	4098	3899	12.9967	1.08922
AT2G35370.1	944	745	947.39	415.538
AT4G32650.3	2194	1995	75.1963	12.3166
AT4G32650.1	2450	2251	47.8037	6.93944
AT4G32650.2	2035	1836	0	0
AT1G76760.1	923	724	28	12.6374
AT2G18940.1	2774	2575	208	26.3952
AT1G06410.2	3438	3239	19.6422	1.98161
AT1G06410.1	3401	3202	560.48	57.1975
AT1G06410.3	3521	3322	41.8779	4.1193
AT3G46090.1	1003	804	2	0.812854
AT3G46610.1	2377	2178	40.0602	6.01027
AT3G46610.2	2471	2272	45.9398	6.60722
AT4G16030.1	1004	805	0	0
AT2G07648.1	601	402	0	0
AT3G51020.1	402	203	0	0
AT4G34880.1	1571	1372	0	0
AT4G34880.2	1857	1658	9	1.77377
AT1G04040.1	1086	887	693.295	255.407
AT5G09740.2	1338	1139	0	0
AT5G09740.1	1599	1400	39	9.1028
AT5G11310.1	2133	1934	19	3.21023
AT1G12060.1	1005	806	26	10.5409
AT3G28674.1	177	10.528	0	0
AT1G17750.1	3712	3513	15	1.39525
AT4G04900.1	1174	975	7	2.34602
AT4G04900.2	504	305	0	0
AT2G16730.1	2991	2792	0	0
AT3G01572.1	114	4.78619	0	0
AT1G71980.1	2215	2016	193	31.2828
AT3G59400.1	1296	1097	1289.62	384.144
AT5G40310.1	1158	959	0	0
AT5G40310.2	1349	1150	0	0
AT4G02580.1	1223	1024	469	149.662
AT3G21900.2	777	578	0	0
AT3G21900.1	842	643	0	0
AT2G43535.1	730	531	50	30.769
AT2G44200.1	2019	1820	63	11.3112
AT3G08570.1	2347	2148	22	3.34678
AT4G30860.1	1841	1642	39	7.76122
AT1G69990.1	1776	1577	1	0.207208
AT4G29540.2	1965	1766	0	0
AT4G29540.4	2042	1843	0	0
AT4G29540.1	1081	882	12	4.44581
AT4G29540.3	2068	1869	0	0
AT4G30050.1	748	549	0	0
AT5G67290.1	1798	1599	27	5.51764
AT2G34370.1	1463	1264	0	0
AT5G10435.1	405	206	19.5395	30.9946
AT1G26515.1	1101	902	0	0
AT4G14000.1	2185	1986	118.949	19.5713
AT4G36570.1	816	617	37	19.5954
AT5G16450.1	910	711	12.1772	5.5965
AT5G16450.2	853	654	32.8228	16.3997
AT5G26090.1	1137	938	0	0
AT5G26090.2	1509	1310	0	0
AT2G14260.1	1543	1344	92.9821	22.6068
AT2G14260.2	1501	1302	47.3532	11.8844
AT2G14260.4	1694	1495	16.6646	3.64245
AT2G14260.3	1696	1497	0	0
AT3G45420.1	3468	3269	9	0.899634
AT5G48570.1	2211	2012	45	7.30841
AT3G02875.2	1817	1618	38	7.67438
AT3G02875.1	1713	1514	6.71379e-08	1.44904e-08
AT3G02875.3	1805	1606	0	0
AT5G57070.1	2579	2380	166	22.7913
AT3G47420.3	2627	2428	0	0
AT3G47420.1	2077	1878	412.382	71.7534
AT3G47420.2	2800	2601	13.618	1.71085
AT2G38370.2	1990	1791	40	7.29798
AT2G38370.1	2182	1983	0	0
AT3G07300.3	1730	1531	1.56582e-08	3.34198e-09
AT3G07300.2	1730	1531	54.8536	11.7076
AT3G07300.1	1753	1554	59.1464	12.437
AT5G40315.1	12	2.60424	0	0
AT4G25700.3	1112	913	1.05384	0.377173
AT4G25700.2	1763	1564	13.1918	2.75616
AT4G25700.1	1389	1190	547.754	150.41
AT3G25013.4	911	712	0	0
AT3G25013.6	793	594	0	0
AT3G25013.1	969	770	0	0
AT3G25013.5	864	665	0.861538	0.423342
AT3G25013.3	916	717	0	0
AT3G25013.2	1189	990	9.13846	3.01631
AT4G11600.1	1027	828	412	162.594
AT1G77885.1	1053	854	46	17.601
AT1G53440.1	3198	2999	100.403	10.9398
AT3G57150.1	2261	2062	789	125.034
AT3G47740.1	3092	2893	12	1.35541
AT3G06140.1	1560	1361	38	9.12355
AT1G28335.1	499	300	0	0
AT2G17787.1	1558	1359	17	4.08759
AT2G17780.1	2239	2040	0.000783242	0.00012546
AT2G17780.8	2401	2202	0	0
AT2G17780.5	2296	2097	0	0
AT2G17780.10	2080	1881	11.7855	2.04738
AT2G17780.9	2393	2194	0	0
AT2G17780.6	2531	2332	0	0
AT2G17780.3	2302	2103	0	0
AT2G17780.4	1203	1004	0	0
AT2G17780.7	2454	2255	0	0
AT2G17780.2	1586	1387	19.2137	4.52661
AT5G18404.1	444	245	1	1.33374
AT2G34980.1	1002	803	2	0.813866
AT5G43260.1	964	765	77	32.8903
AT4G33650.1	3069	2870	101.296	11.5332
AT4G33650.2	3007	2808	54.7038	6.36588
AT2G16594.1	309	110	0	0
AT3G15810.1	1098	899	183	66.5166
AT5G60020.3	1638	1439	9.9854	2.26748
AT5G60020.1	2049	1850	54.0146	9.54065
AT5G60020.2	1644	1445	0	0
AT3G30730.1	521	322	0	0
AT3G30730.2	742	543	2	1.20356
AT2G15680.1	647	448	0	0
AT1G22640.1	1240	1041	45.0975	14.156
AT1G22640.3	963	764	17.9025	7.65701
AT1G22640.2	1320	1121	0	0
AT3G24300.1	1942	1743	252	47.2434
AT5G44973.1	474	275	0	0
AT5G06900.1	1698	1499	1	0.21799
AT3G01190.1	1358	1159	374	105.445
AT5G16900.3	2908	2709	6.97522e-06	8.4137e-07
AT5G16900.1	2919	2720	6.6557e-08	7.99582e-09
AT5G16900.4	2439	2240	0	0
AT5G16900.2	2875	2676	8.99999	1.09899
AT3G61240.1	2438	2239	275.346	40.185
AT3G61240.2	2129	1930	120.654	20.4278
AT5G25630.3	2410	2211	194.455	28.7388
AT5G25630.1	2211	2012	42.573	6.91424
AT5G25630.2	2036	1837	68.9717	12.2688
AT4G22100.1	1524	1325	0	0
AT2G33830.1	590	391	3.34111	2.79224
AT2G33830.2	933	734	40.6589	18.1008
AT5G45770.1	1589	1390	5	1.17542
AT1G48630.1	1431	1232	680.221	180.417
AT5G63930.1	4847	4648	50.3953	3.54293
AT5G63930.2	3648	3449	51.6047	4.88916
AT3G60470.1	1915	1716	7	1.33297
AT5G06670.7	2461	2262	0	0
AT5G06670.5	3376	3177	0	0
AT5G06670.3	3321	3122	14.6572	1.53411
AT5G06670.4	3478	3279	0	0
AT5G06670.1	3108	2909	6.13199	0.688805
AT5G06670.6	2961	2762	23.2108	2.74602
AT5G06670.8	2460	2261	0	0
AT5G06670.2	3402	3203	0	0
AT4G37170.1	2245	2046	12	1.91652
AT1G73410.1	1270	1071	9	2.74594
AT1G73410.2	1575	1376	0	0
AT3G46990.1	2081	1882	31	5.38246
AT1G55900.2	1457	1258	36.3333	9.43763
AT1G55900.1	1661	1462	71.6667	16.018
AT2G19110.1	3750	3551	70.937	6.52771
AT2G19110.3	4020	3821	99.063	8.47174
AT2G19110.2	4218	4019	0	0
AT3G11620.1	1276	1077	14.8524	4.50628
AT3G11620.6	1601	1402	0.451425	0.105215
AT3G11620.2	1512	1313	0.67585	0.168199
AT3G11620.5	1602	1403	7.79711	1.81599
AT3G11620.8	1409	1210	15.0355	4.06042
AT3G11620.4	1518	1319	0	0
AT3G11620.3	1506	1307	0	0
AT3G11620.9	1138	939	0	0
AT3G11620.7	1498	1299	8.18774	2.05965
AT3G55510.1	2383	2184	145	21.6947
AT3G55510.2	2519	2320	0	0
AT4G26410.1	1249	1050	188	58.5069
AT1G67090.2	1018	819	38600.7	15401
AT1G67090.1	1268	1069	21411.3	6544.9
AT3G49290.2	1394	1195	33.1215	9.05691
AT3G49290.1	1748	1549	21.8785	4.61535
AT3G19460.7	1264	1065	3.52605e-08	1.08187e-08
AT3G19460.4	1271	1072	0	0
AT3G19460.3	1337	1138	16.4084	4.71154
AT3G19460.6	1517	1318	0	0
AT3G19460.5	1190	991	45.5916	15.0331
AT3G19460.1	1252	1053	0	0
AT3G19460.2	1522	1323	0	0
AT5G23580.1	1845	1646	63	12.5069
AT5G12920.2	1863	1664	0	0
AT5G12920.5	1912	1713	0	0
AT5G12920.6	1819	1620	0	0
AT5G12920.4	2128	1929	0	0
AT5G12920.7	1836	1637	0	0
AT5G12920.1	1758	1559	0	0
AT5G12920.8	1728	1529	12	2.56456
AT5G12920.3	1858	1659	0	0
AT3G23160.1	2316	2117	51	7.87205
AT1G63950.1	370	171	0	0
AT1G63950.2	576	377	0	0
AT5G11280.1	1075	876	110	41.0324
AT1G25422.1	1104	905	1	0.361069
AT3G16280.2	1061	862	0	0
AT3G16280.1	923	724	8	3.61069
AT1G20130.1	1902	1703	0	0
AT1G20130.2	1803	1604	0	0
AT5G60890.1	1777	1578	279	57.7744
AT3G05430.1	3200	3001	0.000205635	2.23908e-05
AT3G05430.2	3170	2971	20.9998	2.30967
AT1G28030.1	1013	814	0	0
AT2G32920.1	1737	1538	227	48.229
AT3G20090.2	1874	1675	34	6.63288
AT3G20090.1	2012	1813	0	0
AT1G07120.1	1341	1142	7	2.00295
AT1G07120.2	1025	826	1.21022e-07	4.78764e-08
AT4G00872.1	657	458	0	0
AT3G27530.1	3273	3074	240	25.5121
AT4G11400.1	2119	1920	4	0.680765
AT4G11400.2	1906	1707	0	0
AT1G78770.1	2308	2109	53	8.21179
AT1G49120.1	990	791	0	0
AT2G40085.1	628	429	2	1.52339
AT4G08210.1	2797	2598	0	0
AT2G37035.1	1814	1615	67	13.5563
AT2G11891.1	168	9.06081	0	0
AT5G64905.1	519	320	2	2.04229
AT5G13290.1	2375	2176	0	0
AT5G13290.3	1426	1227	11.6669	3.10707
AT5G13290.2	2313	2114	38.133	5.89433
AT1G76610.1	1004	805	2	0.811844
AT4G01860.1	4541	4342	145	10.9123
AT4G01860.2	4553	4354	0	0
AT2G05620.1	1030	831	546.545	214.913
AT2G05620.2	1131	932	18.4554	6.47064
AT1G48300.1	1207	1008	1234	400.03
AT1G16330.1	2017	1818	26	4.67324
AT5G35980.3	3256	3057	38.9058	4.15869
AT5G35980.2	3431	3232	0	0
AT5G35980.1	3829	3630	342.094	30.7948
AT3G18040.1	1929	1730	26.4299	4.99215
AT3G18040.3	2557	2358	0	0
AT3G18040.4	2478	2279	70.5701	10.1185
AT3G18040.5	2398	2199	0	0
AT3G18040.2	2451	2252	0	0
AT4G29690.1	1688	1489	58	12.7283
AT2G34070.2	1814	1615	35.2312	7.12842
AT2G34070.1	1752	1553	246.769	51.9227
AT5G44450.2	1472	1273	50.9885	13.0883
AT5G44450.1	831	632	24.0115	12.4148
AT3G05650.1	3861	3662	16	1.42771
AT3G24820.1	941	742	14	6.16542
AT2G18180.3	2216	2017	0	0
AT2G18180.4	2113	1914	0	0
AT2G18180.1	2143	1944	0	0
AT2G18180.5	1855	1656	0	0
AT2G18180.2	2106	1907	0	0
AT4G15620.1	987	788	46	19.0752
AT4G16233.1	644	445	3	2.20292
AT4G32551.1	3522	3323	288	28.3205
AT4G32551.2	3595	3396	0	0
AT1G04980.1	1667	1468	66	14.6912
AT4G11240.1	1475	1276	116	29.7061
AT4G15025.1	282	83.0016	0	0
AT1G52340.1	1184	985	86	28.5299
AT3G42640.1	3318	3119	61	6.39076
AT2G22540.2	1534	1335	44.6903	10.9388
AT2G22540.1	1791	1592	73.6552	15.1182
AT2G22540.3	1113	914	130.654	46.7107
AT1G55450.1	1541	1342	80.6899	19.6474
AT1G55450.2	1225	1026	91.3101	29.081
AT2G10545.1	735	536	0	0
AT2G24285.1	516	317	0	0
AT2G24285.2	623	424	0	0
AT1G02820.1	816	617	321	170.004
AT4G19000.1	1281	1082	0	0
AT3G50925.1	273	74.0093	0	0
AT5G37190.3	3010	2811	0	0
AT5G37190.2	3059	2860	0	0
AT5G37190.1	2973	2774	63.3887	7.46695
AT2G47340.1	1010	811	0	0
AT5G42790.1	1244	1045	356	111.32
AT3G60210.1	1003	804	177	71.9375
AT4G09464.1	538	339	0	0
AT3G13140.1	703	504	1	0.648347
AT4G31260.1	414	215	0	0
AT2G24140.3	1377	1178	3	0.832174
AT2G24140.1	1265	1066	0	0
AT2G24140.4	1273	1074	0	0
AT2G24140.2	1508	1309	0	0
AT2G16040.1	1238	1039	0	0
AT5G12450.1	240	42.049	0	0
AT5G20020.1	1216	1017	631.862	203.02
AT2G43700.4	2625	2426	18	2.42449
AT2G43700.1	3207	3008	0	0
AT2G43700.2	2656	2457	0	0
AT2G43700.5	2498	2299	0	0
AT2G43700.3	2592	2393	0	0
AT5G38390.1	1792	1593	0	0
AT2G47860.3	2192	1993	11.3809	1.86598
AT2G47860.6	2493	2294	0	0
AT2G47860.2	2530	2331	0	0
AT2G47860.5	2488	2289	0	0
AT2G47860.1	2398	2199	34.6191	5.14434
AT2G47860.4	2495	2296	0	0
AT1G19650.1	2348	2149	13.1737	2.00314
AT1G19650.2	2493	2294	12.9256	1.84118
AT1G19650.3	2263	2064	50.9006	8.05846
AT2G36470.1	1960	1761	17	3.15448
AT1G29380.2	2489	2290	0	0
AT1G29380.3	2170	1971	31	5.13941
AT1G29380.1	2150	1951	0	0
AT1G29380.4	2469	2270	0	0
AT3G45800.1	1124	925	0	0
AT3G13060.4	2536	2337	19.8692	2.77818
AT3G13060.6	2299	2100	0	0
AT3G13060.3	2270	2071	0	0
AT3G13060.5	1615	1416	0	0
AT3G13060.2	2518	2319	251.131	35.3865
AT3G13060.1	2584	2385	0	0
AT1G01840.1	822	623	2.07963	1.09078
AT1G47380.1	2228	2029	142	22.8689
AT2G31260.1	3523	3324	118	11.6
AT1G43770.2	1874	1675	0	0
AT1G43770.3	2125	1926	8	1.35729
AT1G43770.1	2172	1973	0	0
AT5G57120.1	1385	1186	87.6813	24.158
AT5G57120.2	1324	1125	95.3187	27.6862
AT2G16250.1	3169	2970	61.9999	6.82139
AT2G16250.2	2518	2319	0.000101173	1.42561e-05
AT1G67740.1	1219	1020	3515	1126.07
AT5G04910.1	1009	810	39	15.7332
AT2G31610.1	1209	1010	1212.77	392.37
AT1G31180.2	1697	1498	44.7164	9.75424
AT1G31180.1	1429	1230	261.84	69.5617
AT1G72275.2	1778	1579	4.18833	0.866756
AT1G72275.1	1401	1202	15.8117	4.29845
AT1G31163.1	1031	832	0	0
AT4G17616.1	2391	2192	48	7.15548
ATMG00650.1	303	104	1	3.14199
AT5G49410.2	1027	828	0	0
AT5G49410.1	1170	971	7	2.35568
AT5G24750.1	1955	1756	32	5.95475
AT2G29390.4	1139	940	0	0
AT2G29390.6	1008	809	6.93661	2.8018
AT2G29390.2	1171	972	70.0579	23.5521
AT2G29390.1	1129	930	0	0
AT2G29390.5	924	725	21.5815	9.72706
AT2G29390.3	1474	1275	3.424	0.877531
AT3G57520.1	2797	2598	150.272	18.9006
AT3G57520.2	2727	2528	0	0
AT3G57520.3	2699	2500	0.728297	0.0951934
AT5G11370.1	936	737	0	0
AT4G32950.1	1432	1233	51.0539	13.5302
AT4G32950.2	1619	1420	10.9461	2.51889
AT1G22080.2	1772	1573	0	0
AT1G22080.1	1771	1572	0	0
AT1G66410.3	1738	1539	3.64066	0.773
AT1G66410.1	927	728	380.359	170.727
AT1G66410.4	1113	914	0	0
AT1G66410.2	850	651	0	0
AT1G14990.1	995	796	24.875	10.2115
AT1G14990.2	835	636	5.125	2.63315
AT3G12140.3	1801	1602	47.8117	9.75236
AT3G12140.1	1767	1568	65.9618	13.7463
AT3G12140.2	2223	2024	5.22651	0.8438
AT1G70950.1	1784	1585	22	4.53557
AT1G76380.2	2214	2015	11.994	1.94504
AT1G76380.1	2046	1847	28.006	4.95475
AT1G76380.3	2046	1847	0	0
AT1G48150.1	972	773	0	0
AT3G06160.3	1447	1248	0	0
AT3G06160.2	1339	1140	3.2948	0.944414
AT3G06160.4	1486	1287	0	0
AT3G06160.5	1414	1215	0	0
AT3G06160.1	993	794	3.7052	1.52486
AT3G46750.1	1681	1482	0	0
AT2G47920.1	932	733	9	4.01215
AT2G47920.2	1047	848	0	0
AT1G63230.1	1727	1528	13	2.78009
AT4G23270.1	2619	2420	0	0
AT4G23270.2	2552	2353	68.2029	9.47151
AT4G23270.3	2276	2077	30.6049	4.81495
AT1G70180.1	2142	1943	0	0
AT1G70180.6	2173	1974	33.1453	5.48672
AT1G70180.5	2127	1928	0	0
AT1G70180.3	2094	1895	0	0
AT1G70180.4	2170	1971	0	0
AT1G70180.2	2018	1819	76.8547	13.8063
AT2G35010.1	1107	908	19.8832	7.15548
AT2G35010.2	970	771	42.1168	17.85
AT5G57170.2	830	631	6.4315	3.33059
AT5G57170.1	822	623	34.5685	18.1314
AT1G27555.1	213	22.4695	0	0
AT5G39970.3	2309	2110	0	0
AT5G39970.2	1907	1708	0	0
AT5G39970.1	2320	2121	37	5.70032
AT5G59460.1	872	673	37	17.9649
AT5G59460.2	495	296	0	0
AT1G32450.1	2216	2017	1298	210.284
ATMG00080.1	540	341	4	3.83305
AT5G56230.1	1013	814	8	3.21147
AT1G63720.1	1683	1484	14	3.08271
AT2G37700.3	1972	1773	0	0
AT2G37700.1	1874	1675	0	0
AT2G37700.2	1789	1590	0	0
AT2G37700.4	1861	1662	8	1.57289
AT1G06850.2	874	675	0	0
AT1G06850.1	1430	1231	41	10.8834
AT4G15260.1	1692	1493	28	6.12825
AT4G09680.2	1755	1556	5.19968	1.09196
AT4G09680.1	4169	3970	0.376603	0.0309979
AT4G09680.3	4732	4533	7.71034	0.55581
AT4G09680.4	4212	4013	117.713	9.58506
AT4G20630.1	771	572	0	0
AT5G08610.1	2811	2612	306.207	38.3072
AT1G55480.1	1591	1392	761	178.642
AT5G57655.1	1863	1664	186.323	36.589
AT5G57655.2	2049	1850	59.6774	10.5409
AT1G76465.1	195	14.9308	0	0
AT1G30500.2	1079	880	23	8.5405
AT1G30500.1	954	755	0	0
AT3G59460.1	407	208	0	0
AT2G16018.1	988	789	0	0
AT2G26950.1	1212	1013	0	0
AT1G75020.1	1761	1562	37	7.74032
AT1G75020.2	2316	2117	0	0
AT1G36180.2	1729	1530	0	0
AT1G36180.3	1641	1442	0	0
AT1G36180.1	7404	7205	51.4944	2.33542
AT1G30750.1	950	751	21	9.1373
AT1G64295.1	1071	872	0	0
AT1G16790.1	925	726	18.6058	8.37435
AT3G06440.2	2012	1813	23.2935	4.19831
AT3G06440.1	2288	2089	22.7065	3.55182
AT4G36260.1	1757	1558	20	4.1947
AT5G08510.1	2661	2462	24.6106	3.26642
AT2G27340.4	1313	1114	0	0
AT2G27340.2	1598	1399	5.46484	1.27643
AT2G27340.1	718	519	0	0
AT2G27340.5	980	781	0	0
AT2G27340.3	1086	887	15.9527	5.87691
AT3G02645.1	1761	1562	1	0.209198
AT1G07450.1	975	776	8	3.36873
AT1G06148.2	1046	847	1	0.385794
AT1G06148.1	1755	1556	1	0.210005
AT2G48020.3	2181	1982	38.1492	6.28956
AT2G48020.4	2180	1981	0	0
AT2G48020.1	2028	1829	239.142	42.7249
AT2G48020.2	2167	1968	4.70841	0.781785
AT2G39560.1	1313	1114	23	6.74654
AT1G30460.1	2657	2458	8.87973	1.18047
AT1G30460.3	1153	954	0	0
AT1G30460.2	2469	2270	51.1203	7.35878
AT2G38000.1	1565	1366	28	6.69801
AT2G01450.4	1783	1584	0	0
AT2G01450.2	1756	1557	65.2686	13.6979
AT2G01450.1	1878	1679	179.598	34.9533
AT2G01450.3	1838	1639	37.1335	7.40331
AT2G22200.1	1356	1157	11	3.10669
AT4G18540.2	1722	1523	0	0
AT4G18540.1	1611	1412	0	0
AT3G27340.1	931	732	51.6349	23.05
AT3G27340.2	690	491	12.8813	8.57268
AT3G27340.4	1051	852	0	0
AT3G27340.3	659	460	20.4838	14.551
AT2G30330.1	1019	820	10.6494	4.24373
AT2G30330.2	942	743	28.3506	12.4685
AT5G34905.1	425	226	0	0
AT1G03270.1	1765	1566	14	2.92129
AT2G45930.1	1430	1231	1	0.265449
AT5G07100.3	1497	1298	0	0
AT5G07100.5	1434	1235	4.49091	1.18824
AT5G07100.4	1486	1287	0	0
AT5G07100.2	1576	1377	0	0
AT5G07100.1	1159	960	1.50909	0.513668
AT3G43850.2	997	798	0	0
AT3G43850.1	813	614	0	0
AT1G33710.1	633	434	0	0
AT2G37560.1	1518	1319	23	5.69799
AT2G37560.2	1497	1298	0	0
AT3G63060.1	1576	1377	3	0.711911
AT3G04680.2	1936	1737	0	0
AT3G04680.3	2185	1986	6.29099	1.03509
AT3G04680.1	1935	1736	105.709	19.8976
AT5G28442.1	752	553	5.86784	3.4673
AT2G18450.1	2089	1890	29	5.01389
AT1G15960.1	3160	2961	64.2545	7.09094
AT5G57880.1	1495	1296	2.38781	0.602051
AT1G62225.1	792	593	0	0
AT3G46170.1	1260	1061	0	0
AT3G45000.1	603	404	0	0
AT3G45000.2	690	491	0	0
AT2G20440.4	1400	1201	7.35357	2.00075
AT2G20440.2	1864	1665	3.56449e-05	6.99555e-06
AT2G20440.1	1845	1646	18.7974	3.73169
AT2G20440.3	2020	1821	7.84904	1.40846
AT5G15330.2	1366	1167	38	10.6402
AT5G15330.1	1318	1119	6.56946e-06	1.9184e-06
AT4G13200.1	867	668	99	48.4281
AT1G30370.1	1779	1580	4	0.827259
AT2G15500.1	399	200	0	0
AT3G50900.1	1030	831	40	15.7289
AT2G33200.1	1131	932	0	0
AT5G27300.3	1748	1549	14.2792	3.01225
AT5G27300.2	1686	1487	0	0
AT5G27300.1	1874	1675	10.4437	2.03741
AT3G46460.1	1065	866	78.4472	29.6004
AT3G46460.2	1157	958	0	0
AT3G46460.3	861	662	10.8627	5.36189
AT4G03590.1	741	542	0	0
AT5G16960.1	1270	1071	2	0.610209
AT5G16960.2	1323	1124	0	0
AT2G05630.2	827	628	0	0
AT2G05630.1	810	611	28	14.9746
AT3G42870.1	939	740	0	0
AT1G25520.1	1222	1023	128	40.8858
AT2G26060.1	1473	1274	117.988	30.2627
AT2G26060.2	1387	1188	3.01188	0.828436
AT4G37900.1	2712	2513	34.9998	4.55105
AT4G37900.2	2739	2540	0.000164413	2.11515e-05
AT1G22190.1	1631	1432	152.265	34.7453
AT2G03510.1	1462	1263	147	38.0323
AT1G52030.2	2748	2549	3	0.384583
AT1G52030.3	2378	2179	0	0
AT1G52030.1	2335	2136	0	0
AT2G22620.2	2204	2005	0	0
AT2G22620.3	2155	1956	21	3.50824
AT2G22620.1	2510	2311	0	0
AT2G22620.5	1719	1520	0	0
AT2G22620.4	2020	1821	0	0
AT2G10930.1	644	445	1	0.734308
AT5G17330.1	1976	1777	525	96.5407
AT5G61260.3	1491	1292	9	2.27624
AT5G61260.2	1823	1624	0	0
AT5G61260.1	1975	1776	0	0
AT5G42905.1	777	578	0	0
AT1G78430.1	1634	1435	26	5.92052
AT4G39490.1	1840	1641	0	0
AT3G16580.1	1371	1172	0	0
AT1G69260.1	1597	1398	29	6.77843
AT5G53800.1	1377	1178	63	17.4757
AT5G27890.1	1591	1392	26	6.10341
AT5G21960.1	1532	1333	0	0
AT1G21700.1	2767	2568	190.102	24.1896
AT4G39630.1	984	785	16.0659	6.68764
AT4G39630.2	945	746	6.93412	3.03732
AT1G35350.1	2975	2776	27.76	3.26767
AT1G35350.2	2775	2576	23.24	2.94801
AT2G22040.1	1080	881	0	0
AT1G26976.1	430	231	0	0
AT5G57887.1	529	330	27.6122	27.3417
AT1G53430.2	3843	3644	0	0
AT1G53430.1	3654	3455	230.997	21.8472
AT4G27820.3	1566	1367	135.636	32.4224
AT4G27820.1	1918	1719	33.2795	6.32615
AT4G27820.2	1854	1655	22.6779	4.47758
AT5G14140.1	1265	1066	30	9.19607
AT5G39810.1	1104	905	0	0
AT2G19850.2	1257	1058	0	0
AT2G19850.1	975	776	0	0
AT1G21350.3	1014	815	44.6796	17.9139
AT1G21350.5	1230	1031	4.77315	1.51281
AT1G21350.2	925	726	6.90567	3.10819
AT1G21350.1	1099	900	14.0076	5.08581
AT1G21350.4	1058	859	19.634	7.46884
AT5G52030.2	1427	1228	13.585	3.61494
AT5G52030.1	1721	1522	41.415	8.89162
AT4G21570.2	1558	1359	0	0
AT4G21570.1	1558	1359	157	37.7501
AT3G46420.1	2517	2318	0	0
AT2G32030.1	1084	885	7	2.5846
AT5G19172.1	395	196	0	0
AT4G24920.2	853	654	137.908	68.9051
AT4G24920.1	857	658	40.0916	19.9098
AT3G30525.1	507	308	0	0
AT1G05860.2	1855	1656	21.4366	4.22993
AT1G05860.3	842	643	0	0
AT1G05860.1	1375	1176	25.5634	7.10314
AT2G45160.1	2590	2391	294	40.1796
AT3G05400.2	1598	1399	2.3642	0.55221
AT3G05400.1	1922	1723	10.6358	2.01708
AT2G25737.1	2090	1891	23.0633	3.98537
AT2G25737.2	2169	1970	24.9367	4.13629
AT2G16360.1	330	131	0	0
AT2G18210.1	961	762	1	0.428828
AT4G33370.1	1629	1430	0	0
AT1G30380.1	769	570	3645	2089.59
AT3G15605.2	1844	1645	0	0
AT3G15605.4	1629	1430	0	0
AT3G15605.3	1683	1484	0	0
AT3G15605.1	1850	1651	0	0
AT3G09085.1	608	409	15	11.9841
AT2G04910.1	375	176	0	0
AT2G04910.2	315	116	0	0
AT5G19370.1	1235	1036	187	58.9821
AT1G71790.1	1117	918	53	18.8656
AT5G18550.4	1984	1785	0	0
AT5G18550.2	2219	2020	3.23634e-05	5.23529e-06
AT5G18550.1	2258	2059	66	10.4743
AT5G18550.3	2325	2126	0	0
AT5G62440.1	1264	1065	108	33.1369
AT5G34869.1	1196	997	0	0
AT3G22210.1	597	398	71.1057	58.3794
ATCG00360.1	381	182	7	12.568
AT1G46696.1	1851	1652	0	0
AT4G21270.1	2926	2727	52	6.23098
AT1G71015.2	1040	841	3	1.16564
AT1G71015.1	1050	851	3.83521e-06	1.47264e-06
AT3G48675.1	360	161	0	0
AT2G29850.1	855	656	0	0
AT4G14870.1	855	656	72	35.8647
AT2G39805.1	1448	1249	0	0
AT2G39805.2	1349	1150	44	12.5024
AT4G25320.1	1872	1673	124	24.2194
AT3G22850.1	1199	1000	222	72.5423
AT3G56330.1	1386	1187	20	5.50576
AT4G38225.1	1274	1075	133.266	40.5087
AT4G38225.3	1249	1050	28.3981	8.83767
AT4G38225.2	1337	1138	21.9258	6.29582
AT1G50240.2	4707	4508	101.43	7.35229
AT1G50240.3	4617	4418	0.0995991	0.00736662
AT4G39570.1	1549	1350	23	5.56714
AT2G40815.1	1470	1271	35	8.99831
AT2G40815.2	1064	865	0	0
AT5G52660.2	1654	1455	0	0
AT5G52660.1	1480	1281	57	14.54
AT2G45800.1	1164	965	5.49025	1.8591
AT2G45800.2	1166	967	0.509748	0.172253
AT1G32940.1	2706	2507	0	0
AT1G32940.3	2702	2503	15.329	2.00121
AT1G32940.2	2721	2522	27.671	3.58523
AT1G32940.4	2706	2507	0	0
AT3G46430.1	573	374	231.582	202.336
AT2G37125.1	695	496	0	0
AT4G05330.1	1462	1263	17.9999	4.65698
AT4G05330.3	1401	1202	0	0
AT4G05330.2	1402	1203	0.000122804	3.3357e-05
AT4G03140.1	1282	1083	30	9.05172
AT5G18070.1	2367	2168	56	8.44048
AT5G20165.3	875	676	0	0
AT5G20165.4	846	647	3.84968	1.94428
AT5G20165.2	765	566	6.50082	3.7531
AT5G20165.1	715	516	54.6495	34.6079
AT4G38890.1	2355	2156	178	26.978
AT2G42490.1	3021	2822	574	66.465
AT5G54670.2	2903	2704	4.96702e-06	6.00244e-07
AT5G54670.1	3022	2823	91.3921	10.5788
AT5G54670.3	2466	2267	25.6079	3.69114
AT4G16500.1	1714	1515	5.13559	1.10769
AT4G16500.2	829	630	92.8644	48.1667
AT1G21065.1	894	695	224	105.318
AT3G05600.2	1419	1220	11.6554	3.12179
AT3G05600.1	1385	1186	50.3446	13.871
AT2G24670.1	899	700	0	0
AT3G26540.1	2111	1912	11	1.87994
AT4G17830.2	1579	1380	0	0
AT4G17830.1	1602	1403	97	22.5919
AT1G02705.1	426	227	13	18.7135
AT3G53040.1	1700	1501	1	0.2177
AT3G05940.1	2009	1810	32	5.7771
AT3G48270.1	1470	1271	0	0
AT3G59770.2	5381	5182	0.00362349	0.000228491
AT3G59770.3	5308	5109	278.949	17.8414
AT3G59770.1	5408	5209	88.0469	5.52329
AT3G59770.4	5437	5238	1.5855e-08	9.89095e-10
AT3G23610.5	1436	1237	0	0
AT3G23610.2	1322	1123	0	0
AT3G23610.6	1111	912	2.74202	0.98246
AT3G23610.3	1035	836	3.25798	1.27344
AT3G23610.1	1091	892	0	0
AT3G23610.4	1529	1330	0	0
AT5G06990.1	1182	983	5	1.66209
AT2G06675.1	435	236	0	0
AT5G08260.1	1790	1591	162	33.2723
AT2G32480.2	1450	1251	20.8868	5.45573
AT2G32480.1	1557	1358	333.612	80.2751
AT3G43120.1	1361	1162	0	0
AT3G18220.1	1325	1126	0	0
AT1G48370.2	2000	1801	0	0
AT1G48370.1	2505	2306	28.6543	4.0604
AT5G32440.1	1255	1056	14.4978	4.48619
AT5G32440.3	1126	927	70.1882	24.7413
AT5G32440.2	1048	849	60.314	23.2139
AT2G31220.1	1621	1422	2	0.459588
AT2G31220.2	1712	1513	0	0
AT5G11340.1	1012	813	78	31.3504
AT4G01630.1	1097	898	107	38.9355
AT3G27650.1	999	800	5	2.04229
AT3G45555.1	642	443	0	0
AT2G37720.1	1541	1342	1	0.243493
AT5G27370.1	576	377	0	0
AT1G50490.1	1097	898	163	59.313
AT5G03760.1	2433	2234	781	114.237
AT3G61560.2	880	681	28.4724	13.6621
AT3G61560.1	1114	915	43.967	15.7016
AT3G61560.3	1234	1035	4.56055	1.43984
AT1G19565.1	645	446	0	0
AT2G33860.1	2430	2231	102.646	15.0343
AT2G33860.2	2186	1987	9.35362	1.53823
AT3G51360.6	1804	1605	0.0357802	0.00728462
AT3G51360.9	1708	1509	0	0
AT3G51360.7	1800	1601	0	0
AT3G51360.1	1548	1349	2.65325	0.642695
AT3G51360.4	1626	1427	0	0
AT3G51360.8	1722	1523	0	0
AT3G51360.3	1644	1445	0	0
AT3G51360.10	1299	1100	4.31097	1.28062
AT3G51360.5	1882	1683	0	0
AT3G51360.2	2090	1891	0	0
AT5G67265.1	490	291	0	0
AT3G11090.1	927	728	37	16.6077
AT4G12440.2	697	498	0	0
AT4G12440.4	871	672	0	0
AT4G12440.1	1064	865	0	0
AT4G12440.3	907	708	2	0.923071
AT5G10130.1	1053	854	57	21.81
AT3G51340.1	1862	1663	0	0
AT3G51340.4	1472	1273	0	0
AT3G51340.2	2103	1904	12	2.05946
AT3G51340.3	1470	1271	0	0
AT4G06490.1	441	242	0	0
AT5G36390.1	357	158	0	0
AT5G27910.1	779	580	1	0.563392
AT5G62850.2	1370	1171	0	0
AT5G62850.1	1306	1107	1	0.295183
AT2G36850.1	6277	6078	554	29.7843
AT3G21470.1	1658	1459	8	1.79173
AT4G18440.1	2072	1873	110.907	19.349
AT1G68110.1	1433	1234	3	0.79441
AT2G30985.1	485	286	0	0
AT5G28030.2	2143	1944	0	0
AT5G28030.5	2029	1830	12.3149	2.19897
AT5G28030.4	2127	1928	0	0
AT5G28030.3	2178	1979	0	0
AT5G28030.1	1286	1087	9.68506	2.91146
AT5G19980.1	1540	1341	108	26.3168
AT1G18140.1	2010	1811	9	1.62391
AT3G20475.2	2872	2673	0	0
AT3G20475.1	2764	2565	3	0.382184
AT3G20475.3	2850	2651	0	0
AT1G16850.1	894	695	8	3.76135
AT1G79120.2	1969	1770	0	0
AT1G79120.1	2199	2000	4	0.653534
AT2G36270.2	1739	1540	3	0.636559
AT2G36270.1	1879	1680	0	0
AT2G36270.3	1941	1742	0	0
AT3G59470.1	1787	1588	9.23734	1.90079
AT3G59470.2	1392	1193	19.7627	5.41307
AT3G59470.3	1556	1357	0	0
AT1G51590.2	2036	1837	61.0274	10.8556
AT1G51590.1	2040	1841	107.973	19.1645
AT3G15030.1	2390	2191	12.105	1.80534
AT3G15030.3	2033	1834	113.479	20.2188
AT3G15030.4	2209	2010	70.0937	11.3952
AT3G15030.2	2121	1922	64.3222	10.9357
AT2G30950.4	2350	2151	39.136	5.94531
AT2G30950.3	2400	2201	43.2429	6.41997
AT2G30950.2	2417	2218	0.00630773	0.000929288
AT2G30950.1	2378	2179	2435.61	365.25
AT5G67410.1	1157	958	0	0
AT5G67410.2	1080	881	5	1.85452
AT5G46880.2	3184	2985	0	0
AT5G46880.1	3087	2888	31.3677	3.54915
AT5G46880.3	3242	3043	19.6323	2.10817
AT5G47110.1	1185	986	1200	397.688
AT5G41220.3	2171	1972	0	0
AT5G41220.1	2202	2003	57.6121	9.39877
AT5G41220.2	2317	2118	0	0
AT2G11910.2	1054	855	87.4871	33.4362
AT2G11910.1	1109	910	201.513	72.3602
AT1G09600.1	3100	2901	6	0.675837
AT5G58412.1	590	391	0	0
AT4G37890.2	2314	2115	32	4.94399
AT4G37890.1	2349	2150	0	0
AT4G04340.3	3086	2887	0	0
AT4G04340.1	3035	2836	192.481	22.1779
AT4G04340.2	2823	2624	110.519	13.7629
AT3G43290.1	414	215	0	0
AT4G28030.1	1040	841	165.104	64.1506
AT4G28030.2	877	678	6.89581	3.32349
AT3G54570.1	1254	1055	0	0
AT2G07240.1	3174	2975	0	0
AT2G32785.1	291	92.0002	0	0
AT2G02850.1	995	796	72	29.5568
AT2G02410.1	1381	1182	15.4619	4.27449
AT2G02410.10	1555	1356	0	0
AT2G02410.12	1395	1196	11.0417	3.01677
AT2G02410.3	1237	1038	0	0
AT2G02410.8	891	692	0	0
AT2G02410.13	1064	865	0	0
AT2G02410.11	1460	1261	0	0
AT2G02410.6	1471	1272	9.65133	2.47935
AT2G02410.4	1645	1446	0	0
AT2G02410.5	1506	1307	0	0
AT2G02410.7	1387	1188	0	0
AT2G02410.9	840	641	0	0
AT2G02410.2	1343	1144	1.84505	0.527013
AT2G34585.1	834	635	115	59.1783
AT1G26225.1	202	17.4023	0	0
AT4G00380.3	2170	1971	0.164634	0.0272943
AT4G00380.1	2316	2117	17.7574	2.74093
AT4G00380.2	2198	1999	10.0376	1.6408
AT4G21280.2	905	706	549.065	254.131
AT4G21280.1	994	795	3261.93	1340.75
AT4G37820.2	2072	1873	0	0
AT4G37820.1	2093	1894	61	10.5242
AT3G59630.2	2156	1957	0	0
AT3G59630.3	1751	1552	28.1249	5.92158
AT3G59630.1	1969	1770	38.8751	7.1769
AT1G43330.1	357	158	0	0
AT2G42940.1	1203	1004	8.53768	2.77872
AT5G45830.4	1715	1516	0	0
AT5G45830.3	1201	1002	0	0
AT5G45830.6	1192	993	0	0
AT5G45830.1	1213	1014	0	0
AT5G45830.5	1271	1072	0	0
AT5G45830.2	1259	1060	6	1.84963
AT1G04080.1	2759	2560	276.381	35.2783
AT1G04080.5	2188	1989	0	0
AT1G04080.2	2368	2169	46.3261	6.97917
AT1G04080.4	2791	2592	0	0
AT1G04080.3	2963	2764	125.293	14.8124
AT4G31120.2	2158	1959	0	0
AT4G31120.1	2231	2032	148	23.8
AT4G19530.1	3914	3715	0	0
AT4G19530.2	3980	3781	203	17.544
AT1G55220.1	495	296	0	0
AT4G19485.1	468	269	0	0
AT5G12050.1	1609	1410	54	12.5145
AT2G36835.1	859	660	137	67.8289
AT3G45700.1	1899	1700	20	3.84432
AT3G62100.2	896	697	0	0
AT3G62100.1	884	685	4	1.90813
AT3G10910.1	1109	910	41	14.7225
AT1G30350.1	1305	1106	0	0
AT1G04560.1	855	656	0	0
AT1G61390.2	2962	2763	0	0
AT1G61390.1	2727	2528	7	0.904814
AT2G16015.1	336	137	0	0
AT2G37040.1	2931	2732	3272.85	391.456
AT5G08630.2	2871	2672	82	10.028
AT5G08630.3	3241	3042	0	0
AT5G08630.1	2943	2744	0	0
AT4G11230.1	3184	2985	9	0.985228
AT4G09130.1	1148	949	0	0
AT5G50490.1	795	596	0	0
AT5G03690.4	1627	1428	11.3014	2.58609
AT5G03690.2	1666	1467	8.87179	1.97615
AT5G03690.3	1954	1755	0	0
AT5G03690.1	1578	1379	17.8268	4.22422
AT5G61610.1	1087	888	0	0
AT3G58040.2	2151	1952	15.5523	2.60348
AT3G58040.3	2080	1881	0	0
AT3G58040.1	1685	1486	82.4477	18.13
AT5G18050.1	747	548	0	0
AT3G56540.1	795	596	1	0.548267
AT2G29735.1	354	155	0	0
AT4G09040.2	1384	1185	108.298	29.8635
AT4G09040.1	1488	1289	210.702	53.4139
AT5G38760.1	582	383	0	0
AT4G13600.1	856	657	4	1.98945
AT5G52655.1	328	129	0	0
AT1G36050.1	1733	1534	55.623	11.8486
AT1G36050.2	1924	1725	108.377	20.5299
AT5G17070.2	1032	833	0	0
AT5G17070.1	1186	987	51	16.8846
AT3G27830.1	978	779	1255.79	526.765
AT3G27830.2	1009	810	17.3984	7.01878
AT3G08630.1	1508	1309	110	27.4594
AT3G25600.1	1192	993	43	14.15
AT1G42430.2	1450	1251	38.0285	9.93322
AT1G42430.1	1766	1567	123.972	25.8518
AT4G24050.2	2033	1834	0	0
AT4G24050.1	1896	1697	22	4.23623
AT1G75300.1	1139	940	22	7.64774
AT1G44180.1	1871	1672	0	0
AT1G44180.2	1765	1566	0.393389	0.0820859
AT1G44180.3	1763	1564	1.70597	0.35643
AT1G73805.1	2397	2198	4.73468	0.703884
AT5G27120.1	2114	1915	357	60.9169
AT2G37060.1	908	709	1.90106e-05	8.76167e-06
AT2G37060.3	900	701	8.64148	4.02818
AT2G37060.2	971	772	21.7465	9.20471
AT4G16140.1	951	752	215.729	93.7411
AT4G16140.2	1121	922	16.2706	5.76648
AT2G17450.1	1459	1260	28	7.26149
AT5G23180.1	482	283	0	0
AT2G40205.1	349	150	116.977	254.829
AT3G06180.1	1344	1145	23.0316	6.5729
AT3G06180.2	996	797	5.96839	2.44702
AT2G20890.1	1333	1134	1648	474.878
AT5G03850.1	930	731	490	219.037
AT1G69670.2	2337	2138	33.485	5.11778
AT1G69670.1	2638	2439	40.515	5.42803
AT2G17110.1	2991	2792	49	5.73481
AT1G18680.1	874	675	19	9.19789
AT3G09300.1	1804	1605	268	54.563
AT5G47720.1	1688	1489	0.0394115	0.00864902
AT5G47720.3	1683	1484	1.87335	0.412498
AT5G47720.5	1782	1583	10.5472	2.17717
AT5G47720.2	1511	1312	48.9191	12.1838
AT5G47720.4	1516	1317	0.620943	0.154065
AT5G45650.1	2756	2557	68.6288	8.77029
AT5G45650.2	2888	2689	20.3712	2.47551
AT5G35995.1	1865	1666	43.0115	8.43623
AT5G35995.2	2098	1899	6.98846	1.20253
AT4G15270.1	1178	979	1	0.333776
AT4G15270.2	1225	1026	0	0
AT4G15270.3	1252	1053	0	0
AT1G17665.1	1337	1138	2	0.574283
AT1G44835.1	1362	1163	49.4894	13.905
AT1G44835.2	1221	1022	84.5106	27.0208
AT2G29470.1	1072	873	0	0
AT1G30440.1	2960	2761	374	44.2633
AT3G46800.1	2175	1976	0	0
AT5G57450.1	1364	1165	3	0.84146
AT5G57450.2	1910	1711	0	0
AT2G22980.2	1822	1623	0	0
AT2G22980.5	1884	1685	0	0
AT2G22980.3	2218	2019	0	0
AT2G22980.1	1795	1596	0	0
AT2G22980.4	1617	1418	28	6.45238
AT1G15520.1	4558	4359	0	0
AT1G15520.2	4641	4442	17	1.25057
AT1G52390.1	261	62.0706	0	0
AT1G32380.1	1793	1594	133.858	27.4407
AT1G32380.2	2205	2006	4.48044	0.72984
AT5G46330.1	4250	4051	0	0
AT5G46330.2	4138	3939	37	3.0694
AT3G63510.2	1352	1153	16.5987	4.70418
AT3G63510.1	1378	1179	49.4013	13.6919
AT5G58850.1	1408	1209	0	0
AT1G56670.2	1488	1289	0	0
AT1G56670.1	1473	1274	51	13.0809
AT3G43520.1	1077	878	169	62.8971
AT3G42850.2	3035	2836	0	0
AT3G42850.1	2952	2753	0	0
AT1G69660.1	696	497	0	0
AT2G33380.1	1045	846	11	4.24875
AT2G33380.2	835	636	0	0
AT5G65790.1	1567	1368	29	6.92708
AT1G23205.1	1067	868	234	88.0916
AT2G40475.1	1254	1055	119	36.8581
AT3G29270.1	1389	1190	48	13.1805
AT3G29270.2	2119	1920	0	0
AT3G44600.1	2432	2233	175	25.6087
AT5G66620.4	2455	2256	9.61413	1.39254
AT5G66620.1	1935	1736	10.5476	1.98538
AT5G66620.2	2185	1986	0.493135	0.0811381
AT5G66620.3	2327	2128	0	0
ATCG00750.1	417	218	8	11.9915
AT1G53180.3	1527	1328	0	0
AT1G53180.2	1608	1409	0	0
AT1G53180.1	1398	1199	22	5.99573
AT3G11960.3	4714	4515	63.5504	4.59937
AT3G11960.1	4400	4201	30.0968	2.34102
AT3G11960.2	4376	4177	41.8761	3.27597
AT3G11960.4	4547	4348	58.4767	4.39473
AT1G64585.1	165	8.64817	0	0
AT1G28370.2	1165	966	4	1.35307
AT1G28370.1	1187	988	0	0
AT3G05675.3	1885	1686	14	2.71337
AT3G05675.1	2294	2095	0	0
AT3G05675.2	2107	1908	0	0
AT2G07659.1	597	398	0	0
AT1G78340.1	1064	865	135	50.9983
AT3G13360.2	1753	1554	54.86	11.5357
AT3G13360.1	1773	1574	65.14	13.5233
AT1G32230.5	2931	2732	0	0
AT1G32230.2	2806	2607	171.337	21.4758
AT1G32230.1	2582	2383	596.667	81.8176
AT1G32230.4	3086	2887	0	0
AT1G32230.3	2671	2472	20.7601	2.74422
AT1G32230.6	4188	3989	28.2352	2.31294
AT3G46820.1	1666	1467	93	20.7153
AT1G22985.1	855	656	8	3.98496
AT3G10520.1	995	796	146	59.9347
AT4G14830.1	1251	1052	8.92396	2.77192
AT2G44900.2	3905	3706	66.1777	5.83505
AT2G44900.1	3793	3594	23.8223	2.16593
AT3G10810.2	2107	1908	60.4519	10.3531
AT3G10810.1	2007	1808	62.5481	11.3046
AT5G43640.1	579	380	0	0
AT4G18300.1	2475	2276	25	3.58927
AT5G18160.1	1140	941	0	0
AT1G12360.1	2651	2452	201	26.7864
AT2G28130.1	2062	1863	34	5.96354
AT3G08940.2	1282	1083	4279.5	1291.23
AT3G08940.1	1194	995	674.502	221.513
AT4G24510.1	1627	1428	329	75.2846
AT1G20240.1	1701	1502	0	0
AT2G44735.1	1144	945	1	0.345785
AT5G02180.2	1930	1731	15.6591	2.95602
AT5G02180.1	2106	1907	43.3409	7.42653
AT2G02350.1	1591	1392	0	0
AT2G02350.2	1077	878	5	1.86086
AT5G17880.2	3991	3792	57.7462	4.97615
AT5G17880.1	3597	3398	16.2538	1.56304
AT5G25757.1	2095	1896	732.643	126.268
AT3G60780.1	942	743	0	0
AT3G56850.1	1934	1735	96	18.0805
AT1G07970.1	2680	2481	73	9.61467
AT2G17950.1	1248	1049	0	0
AT2G14800.1	947	748	3	1.31056
AT1G32763.1	357	158	0	0
AT4G15670.1	783	584	4.6362	2.59411
AT1G49715.1	488	289	0	0
AT3G46940.1	760	561	65.2478	38.005
AT3G46940.2	873	674	41.7522	20.2422
AT4G28000.1	2493	2294	0	0
AT4G28000.3	2412	2213	0	0
AT4G28000.2	2864	2665	0	0
AT5G25060.1	4179	3980	243.3	19.9755
AT1G31250.1	646	447	0	0
AT5G44563.1	512	313	0	0
AT2G26600.1	1853	1654	91.2958	18.0366
AT2G26600.2	1673	1474	0.704203	0.156113
AT2G25440.1	2016	1817	2	0.359678
AT4G21445.1	826	627	41	21.3675
AT3G51610.1	1069	870	84	31.5499
AT5G57390.1	2413	2214	16.8365	2.48492
AT5G57390.2	1887	1688	7.1635	1.38673
AT1G16860.1	2258	2059	244	38.7233
AT4G30780.1	2237	2038	57.8667	9.27818
AT1G03940.1	1918	1719	43.1197	8.19668
AT1G21620.1	927	728	0	0
AT1G64310.1	1659	1460	2	0.447626
AT5G11170.2	1913	1714	141.414	26.96
AT5G11170.1	1777	1578	655.821	135.805
AT1G51150.1	660	461	0	0
AT2G26190.2	2276	2077	0	0
AT2G26190.1	2267	2068	10.8272	1.71082
AT2G26190.3	2076	1877	113.173	19.7023
AT2G15130.1	1060	861	0	0
AT2G15130.2	1001	802	3	1.22232
AT2G41390.1	817	618	0	0
AT2G02695.1	137	6.00353	0	0
AT4G16800.1	1200	1001	20	6.52881
AT3G57160.1	306	107	1.04464	3.19023
AT3G57160.2	418	219	1.95536	2.91756
AT1G23900.2	3460	3261	86.8316	8.70092
AT1G23900.1	3141	2942	122.396	13.5945
AT1G23900.3	3561	3362	18.1582	1.76487
AT5G39350.1	2088	1889	8	1.38387
AT4G02320.1	1618	1419	0	0
AT5G61050.1	759	560	0	0
AT3G24255.6	1550	1351	0	0
AT3G24255.1	2777	2578	0	0
AT3G24255.3	1953	1754	4.30622	0.802241
AT3G24255.8	1136	937	0	0
AT3G24255.5	2031	1832	15.0994	2.69322
AT3G24255.7	2938	2739	0	0
AT3G24255.4	2115	1916	0	0
AT3G24255.2	1546	1347	0	0
AT2G33470.1	1277	1078	87.0815	26.3965
AT2G33470.2	1258	1059	93.9185	28.9797
AT1G20160.1	2655	2456	0	0
AT1G20160.3	2457	2258	48.5237	7.02211
AT1G20160.2	2383	2184	19.4763	2.91402
AT5G60100.4	2724	2525	0	0
AT5G60100.1	2169	1970	0.147427	0.0244539
AT5G60100.2	2182	1983	7.75046e-05	1.27715e-05
AT5G60100.3	2166	1967	0.848004	0.140874
AT5G60100.6	2223	2024	0	0
AT5G60100.7	2175	1976	0.00449155	0.000742758
AT5G60100.5	2645	2446	0	0
AT3G07490.1	787	588	3	1.66718
AT1G20693.1	1057	858	267.113	101.729
AT1G20693.2	948	749	1.01221e-07	4.41597e-08
AT1G20693.3	951	752	91.8868	39.9276
AT2G07718.1	5799	5600	15.5682	0.908422
AT1G13380.1	930	731	99	44.2544
AT3G56510.4	1684	1485	0	0
AT3G56510.1	1468	1269	34.4856	8.88003
AT3G56510.3	1693	1494	0	0
AT3G56510.5	1527	1328	30.0462	7.39315
AT3G56510.2	1293	1094	18.4682	5.51628
AT1G65349.1	228	32.1317	0	0
AT1G50630.1	1932	1733	58	10.9362
AT1G50630.2	2016	1817	0	0
AT1G12630.1	906	707	3	1.38656
AT2G32295.2	2211	2012	7.85938	1.27643
AT2G32295.1	1955	1756	85.1406	15.8435
AT4G35630.1	1664	1465	278.602	62.1419
AT2G44740.1	1169	970	10	3.36873
AT5G22370.1	1312	1113	27.825	8.16918
AT5G22370.3	1507	1308	0	0
AT5G22370.2	1192	993	18.175	5.98086
AT1G45229.1	867	668	4.61949	2.25972
AT1G45229.2	524	325	1.38051	1.38802
AT5G54145.1	998	799	31	12.6781
AT3G02330.1	2889	2690	10	1.21475
AT1G62360.1	1704	1505	17	3.69106
AT5G63085.1	419	220	0	0
AT2G33320.1	2884	2685	62	7.54546
AT3G12170.2	1095	896	0	0
AT3G12170.1	1071	872	19	7.11993
AT4G00420.4	1382	1183	0	0
AT4G00420.1	1079	880	16.3988	6.08932
AT4G00420.2	1183	984	34.8943	11.5877
AT4G00420.5	1381	1182	4.64747	1.28481
AT4G00420.3	932	733	0.059355	0.0264601
AT2G29330.1	1093	894	14	5.11716
AT3G62910.1	1620	1421	152	34.9533
AT1G71370.1	1960	1761	0	0
AT1G16280.1	2408	2209	63.795	9.4369
AT3G23020.1	3121	2922	9	1.00647
AT4G39700.1	836	637	1	0.512978
AT3G60640.1	1117	918	19	6.76315
AT2G03933.1	376	177	0	0
AT1G68540.2	1128	929	0.0552061	0.0194182
AT1G68540.1	1341	1142	31.9448	9.14055
AT5G53742.1	348	149	0	0
AT5G47290.1	291	92.0002	0	0
AT2G45030.1	2699	2500	170.736	22.3164
AT2G31290.2	2536	2337	14.9633	2.09221
AT2G31290.1	2227	2028	0.0367481	0.00592115
AT3G60240.2	5440	5241	184.175	11.483
AT3G60240.4	5526	5327	207.003	12.6979
AT3G60240.3	5573	5374	451.822	27.4731
AT5G17990.1	2105	1906	179	30.688
AT3G55252.1	595	396	0	0
AT4G10920.1	881	682	82.5251	39.5403
AT4G10920.2	1208	1009	4.47488	1.4492
AT3G13190.3	1627	1428	0	0
AT3G13190.1	1421	1222	19.494	5.21277
AT3G13190.2	1480	1281	13.8958	3.54465
AT3G13190.4	1220	1021	27.6101	8.83652
AT5G11980.1	2021	1822	124	22.2388
AT5G11980.2	2153	1954	0	0
AT3G58670.1	1334	1135	43.8125	12.6136
AT3G58670.4	1427	1228	0	0
AT3G58670.3	1481	1282	0	0
AT3G58670.2	1414	1215	15.1875	4.08459
AT1G02816.1	1602	1403	83	19.3312
AT1G64150.1	1471	1272	155	39.8183
AT1G80620.1	1898	1699	170	32.6959
AT1G13140.2	1631	1432	2	0.456379
AT1G13140.1	1942	1743	0	0
AT1G11060.1	3148	2949	96	10.6374
AT5G46825.1	222	27.8721	0	0
AT3G62370.1	1463	1264	64	16.5452
AT3G57770.1	1312	1113	3.22855	0.947873
AT1G33475.2	748	549	0	0
AT1G33475.1	1193	994	4	1.31496
AT2G41120.1	1031	832	60	23.5649
AT3G11010.2	2995	2796	0	0
AT3G11010.5	2705	2506	0	0
AT3G11010.4	2899	2700	6.27187	0.759052
AT3G11010.1	3053	2854	9.16668	1.04953
AT3G11010.3	2926	2727	6.86214e-05	8.22267e-06
AT3G11010.6	2678	2479	0	0
AT1G64370.1	1301	1102	363	107.637
AT1G30080.1	1731	1532	7	1.49306
AT1G30080.2	2153	1954	0	0
AT4G05040.7	1760	1561	1.97175	0.412749
AT4G05040.6	2671	2472	0	0
AT4G05040.1	2867	2668	6.958	0.852191
AT4G05040.4	2752	2553	24.1244	3.08776
AT4G05040.5	2568	2369	0.104667	0.0144371
AT4G05040.2	2220	2021	33.8412	5.47164
AT4G05040.3	2446	2247	6.94213e-07	1.00955e-07
AT1G05550.3	1597	1398	0	0
AT1G05550.1	1333	1134	0	0
AT1G05550.2	1267	1068	1	0.305962
AT1G05550.4	855	656	0	0
AT4G32190.1	2772	2573	238	30.2256
AT3G13940.1	1724	1525	92	19.7132
AT4G35270.4	3668	3469	129.53	12.2012
AT4G35270.3	3872	3673	0	0
AT4G35270.1	3684	3485	0.657826	0.0616804
AT4G35270.2	4022	3823	64.8125	5.53978
AT2G22430.1	1651	1452	437	98.3452
AT3G03828.1	431	232	0	0
AT5G44440.2	2156	1957	0	0
AT5G44440.1	1833	1634	0	0
AT2G16385.1	658	459	5	3.55955
AT5G60350.2	1307	1108	0	0
AT5G60350.1	1304	1105	0	0
AT4G22070.1	2174	1975	6.49671	1.07489
AT4G22070.2	1953	1754	0	0
AT4G22070.3	2042	1843	0	0
AT4G22070.4	1870	1671	14.5033	2.83614
AT3G32940.1	2289	2090	56	8.75548
AT5G50140.1	1608	1409	6	1.39149
AT1G68140.3	2434	2235	3.37565	0.493536
AT1G68140.2	1600	1401	46.221	10.7805
AT1G68140.4	1792	1593	1.86525e-05	3.82612e-06
AT1G68140.1	1824	1625	128.403	25.8203
AT4G34110.1	2753	2554	2812	359.776
AT2G38995.4	2122	1923	0	0
AT2G38995.2	1813	1614	2.83158	0.573276
AT2G38995.3	2089	1890	0	0
AT2G38995.1	1243	1044	10.1684	3.18267
AT2G47030.1	2264	2065	0	0
AT1G74055.1	591	392	0	0
AT4G12825.1	422	223	0	0
AT1G26710.1	879	680	0	0
AT4G14276.1	429	230	0	0
AT2G36410.3	1363	1164	16.8044	4.71745
AT2G36410.1	1316	1117	104.196	30.4814
AT2G36410.2	1536	1337	0	0
AT3G45080.1	1205	1006	2.08693	0.677873
AT2G03090.1	1434	1235	394	104.248
AT2G26930.1	1335	1136	137	39.4077
AT5G39560.1	1478	1279	0	0
AT5G43960.2	1957	1758	0.311941	0.0579819
AT5G43960.1	2080	1881	392.688	68.2177
AT5G16430.1	258	59.1108	0	0
AT5G62940.1	1650	1451	46	10.3593
AT4G33450.1	1278	1079	2	0.605685
AT3G45480.1	1208	1009	0	0
AT2G01810.1	2321	2122	0	0
AT4G34040.1	3024	2825	205	23.7123
AT1G03330.1	775	576	72	40.8459
AT5G15470.1	2673	2474	219	28.9256
AT1G79610.1	1955	1756	54	10.0486
AT4G16920.7	5278	5079	8.06602	0.518943
AT4G16920.1	3915	3716	0	0
AT4G16920.6	5299	5100	0	0
AT4G16920.8	4697	4498	34.4842	2.50518
AT4G16920.5	5311	5112	0	0
AT4G16920.2	5454	5255	0	0
AT4G16920.9	4044	3845	0	0
AT4G16920.3	5324	5125	0	0
AT4G16920.4	5280	5081	5.13301	0.330112
AT4G33350.1	1190	991	90.5614	29.8612
AT4G33350.2	807	608	41.4386	22.271
AT3G57320.2	639	440	4.6705	3.46856
AT3G57320.1	1161	962	31.3295	10.6418
AT5G38430.2	840	641	9568	4877.55
AT5G38430.1	1894	1695	627.676	121.005
AT4G26330.2	2411	2212	0	0
AT4G26330.1	2354	2155	2	0.303264
AT4G10840.2	2248	2049	0.015443	0.00246279
AT4G10840.1	2302	2103	484.985	75.3576
AT5G44180.2	4663	4464	0	0
AT5G44180.1	6096	5897	74.3888	4.12206
AT5G44180.3	5224	5025	197.611	12.8503
AT2G45850.3	2054	1855	6.55636	1.15493
AT2G45850.2	1696	1497	41.6339	9.0879
AT2G45850.1	1886	1687	11.7953	2.28472
AT1G01810.1	653	454	1	0.719751
AT1G27880.1	3280	3081	31	3.28782
AT1G27880.2	3372	3173	0	0
AT1G72190.1	1275	1076	23	6.9848
AT1G74770.2	4121	3922	221.149	18.4254
AT1G74770.1	4425	4226	188.177	14.5504
AT5G24900.1	1672	1473	2	0.443676
AT5G24900.2	1798	1599	0	0
AT5G10310.1	849	650	0	0
AT5G10310.2	682	483	4	2.70615
AT3G61420.2	2199	2000	49.341	8.06151
AT3G61420.1	2659	2460	19.659	2.61135
AT3G17560.1	1242	1043	0	0
AT5G28380.1	1173	974	0	0
AT5G28380.2	1379	1180	0	0
AT2G17670.2	1701	1502	20.4669	4.45268
AT2G17670.1	1958	1759	20.5331	3.8144
AT3G03660.1	1105	906	1	0.36067
AT3G03660.3	2513	2314	0	0
AT3G03660.2	1310	1111	0	0
AT3G03660.4	2426	2227	0	0
AT5G15850.1	1698	1499	175	38.1483
AT2G45710.1	1042	843	70	27.1337
AT4G28580.1	1313	1114	0	0
AT1G14940.2	703	504	0	0
AT1G14940.1	757	558	0	0
AT3G21970.1	1183	984	0	0
AT2G45170.1	757	558	28.7	16.8068
AT2G45170.2	757	558	12.3	7.20293
AT2G14830.1	1180	981	0	0
AT5G58784.1	1162	963	5	1.69661
AT5G49870.1	2113	1914	0	0
AT5G49870.2	1961	1762	11	2.03998
AT3G53470.1	765	566	31.0475	17.9245
AT3G53470.2	770	571	29.9525	17.141
AT5G48660.2	1124	925	9.82902	3.47222
AT5G48660.1	1317	1118	23.171	6.77238
AT5G15440.1	1407	1208	65	17.5827
AT4G26190.4	4075	3876	18.2202	1.53606
AT4G26190.1	3671	3472	161.78	15.2259
AT4G26190.3	4160	3961	0	0
AT4G26190.5	3725	3526	0	0
AT4G26190.2	4166	3967	3.51144e-08	2.89242e-09
AT1G80930.1	3407	3208	350	35.651
AT4G16447.1	700	501	34	22.1758
AT4G02060.1	2553	2354	134.843	18.7181
AT4G02060.2	2604	2405	47.1569	6.4072
AT5G23550.1	1043	844	36	13.9379
AT3G46380.1	354	155	0	0
AT4G35375.1	489	290	0	0
AT3G07270.1	2725	2526	137.063	17.7307
AT3G07270.2	1537	1338	134.937	32.9544
AT5G54420.1	276	77.0053	0	0
AT5G37930.1	1303	1104	24	7.10363
AT3G11340.1	1730	1531	100	21.3434
AT3G52990.1	2197	1998	589.893	96.4754
AT3G52990.2	2152	1953	2.23628	0.374164
AT1G52325.1	438	239	0	0
AT1G47840.1	1826	1627	49	9.84117
AT1G47840.2	1953	1754	0	0
AT1G70380.1	1134	935	0	0
AT1G06923.1	817	618	3	1.58625
AT5G09390.1	1341	1142	76	21.7463
AT5G09390.2	1227	1028	0	0
AT1G12150.1	1762	1563	6.18766	1.29362
AT1G12150.2	1774	1575	0.000951376	0.000197383
AT1G61700.1	577	378	0	0
AT2G19430.1	1529	1330	53	13.0215
AT1G56010.1	2297	2098	11.5712	1.80223
AT1G56010.2	1393	1194	71.4288	19.5482
AT5G46220.1	1681	1482	9	1.98442
AT5G07180.2	2967	2768	90.75	10.7132
AT5G07180.1	3607	3408	53.25	5.10574
AT2G18465.1	1263	1064	33	10.1347
AT1G76140.2	2631	2432	0	0
AT1G76140.1	2629	2430	244.874	32.9287
AT2G01110.1	1719	1520	391	84.0565
AT2G25344.1	422	223	0	0
AT1G16190.2	1712	1513	0	0
AT1G16190.1	1466	1267	127	32.7541
AT1G45160.1	3839	3640	80.0508	7.18626
AT1G45160.2	4252	4053	107.949	8.70324
AT2G03690.1	1159	960	57	19.4018
AT4G22660.1	1191	992	1	0.329402
AT2G44940.1	1303	1104	125	36.9981
AT2G22790.1	1296	1097	0	0
AT3G03300.1	4824	4625	41.9216	2.96186
AT3G03300.4	3700	3501	44.8046	4.18185
AT3G03300.2	4125	3926	18.6775	1.55456
AT3G03300.3	4628	4429	21.2611	1.56862
AT3G54065.1	849	650	0	0
AT2G01910.2	2114	1915	163.845	27.9578
AT2G01910.1	3374	3175	83.1548	8.55819
AT4G30090.1	1659	1460	12	2.68576
AT1G44960.1	1203	1004	60	19.5279
AT3G16712.1	216	24.1385	0	0
AT4G26650.1	2562	2363	193.84	26.8051
AT4G26650.2	2306	2107	147.16	22.8225
AT3G13898.1	780	581	2	1.12484
AT3G57350.1	2921	2722	74	8.88346
AT4G34430.3	3429	3230	26.6439	2.69547
AT4G34430.1	3362	3163	16.1974	1.67334
AT4G34430.2	3651	3452	40.3531	3.81983
AT4G34430.4	3440	3241	72.8056	7.34048
AT5G15130.1	1998	1799	38.0741	6.91571
AT5G15130.2	1809	1610	7.92593	1.60865
AT5G11540.1	2208	2009	14	2.27712
AT5G10260.1	1152	953	15	5.14324
AT1G24560.1	2559	2360	135	18.6922
AT1G35670.1	1830	1631	165.259	33.1093
AT1G57613.1	318	119	0	0
AT4G37750.1	2154	1955	134	22.3973
AT1G21780.1	1478	1279	97.4226	24.8901
AT1G21780.2	1723	1524	23.7726	5.09717
AT3G03380.2	3636	3437	136.598	12.9868
AT3G03380.1	3735	3536	285.736	26.4053
AT4G33625.1	1005	806	81.3205	32.9688
AT4G33625.2	967	768	2.48396e-05	1.05687e-05
AT4G33625.3	1373	1174	31.6795	8.81756
AT1G06830.1	550	351	78	72.6149
AT2G35940.2	2651	2452	83.2552	11.0951
AT2G35940.1	2777	2578	151.16	19.1599
AT2G35940.3	2992	2793	29.5849	3.46128
AT4G27585.1	1650	1451	128	28.8258
AT1G62070.1	696	497	0	0
AT3G62528.1	174	9.99669	0	0
AT1G66900.1	1482	1283	54	13.7533
AT1G11660.2	2606	2407	11.8075	1.60296
AT1G11660.1	2682	2483	162.192	21.3448
AT1G11660.3	2911	2712	0	0
AT1G11660.4	2821	2622	0	0
AT4G20570.1	1094	895	0	0
AT2G39430.1	1185	986	31	10.2736
AT1G66360.1	873	674	1	0.484818
AT4G21260.1	1182	983	0	0
AT2G14070.1	752	553	0	0
AT4G01610.2	1511	1312	99.8407	24.8664
AT4G01610.1	1624	1425	189.159	43.3762
AT3G21830.1	459	260	0	0
AT5G07225.1	726	527	0	0
AT5G24352.2	581	382	2.32436	1.98828
AT5G24352.1	498	299	3.67564	4.01699
AT4G33060.1	1896	1697	106	20.4109
AT3G28340.1	1739	1540	20	4.24373
AT3G61820.1	2056	1857	438	77.0727
AT1G30860.1	2740	2541	7	0.900185
AT2G29925.1	303	104	0	0
AT2G14440.1	2610	2411	0	0
AT1G53680.1	760	561	12	6.98967
AT5G48500.1	1097	898	56	20.3775
AT5G11700.1	5048	4849	0	0
AT5G11700.2	5258	5059	478	30.8746
AT1G59680.1	795	596	0	0
AT1G59680.2	954	755	0	0
AT1G78660.1	1423	1224	0	0
AT1G78660.2	1394	1195	49.3456	13.4933
AT1G78660.3	1367	1168	50.1518	14.0308
AT5G17150.1	872	673	1	0.485538
AT1G28100.3	1377	1178	0	0
AT1G28100.4	1391	1192	0	0
AT1G28100.6	1071	872	1.61134	0.603823
AT1G28100.2	1565	1366	0	0
AT1G28100.1	1367	1168	37.0045	10.3526
AT1G28100.5	1363	1164	0	0
AT5G61340.1	1405	1206	56	15.1733
AT5G61340.2	1539	1340	30	7.31568
AT2G01350.1	1288	1089	138.324	41.5057
AT2G01350.3	1264	1065	0	0
AT2G01350.2	1354	1155	0	0
AT2G01350.4	1364	1165	21.6762	6.07988
AT1G79280.2	6589	6390	9.22769e-08	4.71879e-09
AT1G79280.1	6657	6458	17.0487	0.862642
AT1G79280.3	6526	6327	417.272	21.5506
AT1G02960.1	1730	1531	0.00161877	0.0003455
AT1G02960.4	1924	1725	0	0
AT1G02960.2	1757	1558	12.879	2.70118
AT1G02960.5	1848	1649	31.1127	6.16531
AT1G02960.6	1833	1634	0	0
AT1G02960.3	1821	1622	0.00668534	0.00134682
AT4G30550.1	1109	910	108	38.7812
AT4G14220.1	1593	1394	105	24.613
AT1G64800.1	909	710	0	0
AT5G01220.1	2124	1925	305	51.7735
AT5G01220.2	2221	2022	0	0
AT1G36030.1	243	44.7603	0	0
AT4G12730.1	1854	1655	1081	213.435
AT2G33796.1	330	131	1	2.49441
AT4G22475.1	1888	1689	1138.14	220.193
AT4G22475.2	2090	1891	0	0
AT3G49050.1	2460	2261	81	11.7064
AT5G17280.1	597	398	40.0855	32.9111
AT1G17580.1	5142	4943	190	12.5603
AT2G35430.1	1197	998	10	3.27422
AT1G76410.1	989	790	3	1.24089
AT1G02030.1	2135	1936	3	0.506354
AT3G14690.2	2338	2139	20.1792	3.08271
AT3G14690.1	2126	1927	376.289	63.8084
AT5G46360.1	976	777	0	0
AT5G46360.2	1083	884	0	0
AT1G22060.1	6654	6455	237	11.9975
AT1G22060.2	6190	5991	0	0
AT5G53170.1	2827	2628	410	50.9796
AT4G34180.1	1518	1319	206	51.0341
AT2G29840.1	882	683	0	0
AT3G59800.2	1198	999	9.44252	3.08859
AT3G59800.1	1105	906	30.5575	11.0212
AT2G44530.2	1568	1369	2.56334	0.611844
AT2G44530.1	1636	1437	104.437	23.7484
AT4G28440.1	1036	837	221	86.279
AT3G22360.1	1229	1030	1	0.31725
AT4G27180.2	2585	2386	158.009	21.6397
AT4G27180.1	2802	2603	23.9908	3.01168
AT2G24470.1	279	80.003	0	0
AT2G43840.2	1511	1312	0	0
AT2G43840.1	1476	1277	14	3.58241
AT5G03780.1	1530	1331	5.43289e-05	1.3338e-05
AT5G03780.2	1517	1318	4.25156	1.05407
AT5G03780.3	1207	1008	5.74839	1.86348
AT3G63390.1	936	737	39	17.2916
AT1G27350.1	862	663	96.5637	47.5925
AT5G11670.1	2434	2235	444	64.9148
AT4G03280.2	1064	865	20.4019	7.70715
AT4G03280.1	1004	805	3282.6	1332.48
AT3G20935.1	1739	1540	7.27324	1.54328
AT1G79150.1	2841	2642	186	23.0048
AT3G28510.1	1960	1761	68	12.6179
AT4G24200.1	4041	3842	129.999	11.0566
AT4G24200.2	4081	3882	0.000891334	7.5028e-05
AT2G19380.1	2299	2100	26	4.04569
AT1G68460.1	1736	1537	0	0
AT3G21080.1	1220	1021	5	1.60023
AT2G40810.2	1581	1382	12	2.83734
AT2G40810.3	941	742	0	0
AT2G40810.1	1628	1429	0	0
AT5G65930.3	4109	3910	206	17.2159
AT5G65930.1	4161	3962	1.66562e-07	1.37372e-08
AT5G65930.2	4216	4017	0	0
AT3G26135.1	318	119	0	0
AT5G59305.2	589	390	0	0
AT5G59305.1	517	318	0	0
AT1G14000.1	1805	1606	219	44.5592
AT2G47510.3	2020	1821	390.554	70.0825
AT2G47510.2	2219	2020	132.622	21.4537
AT2G47510.1	2231	2032	230.5	37.0668
AT1G65160.1	515	316	0	0
AT1G76780.2	6923	6724	9.001	0.437423
AT1G76780.3	5931	5732	0	0
AT1G76780.1	5750	5551	0	0
AT5G25120.1	2017	1818	24	4.31376
AT5G39910.1	1122	923	0	0
AT3G27260.2	3253	3054	43.2899	4.63186
AT3G27260.4	3041	2842	0	0
AT3G27260.1	3313	3114	170.836	17.9266
AT3G27260.3	3284	3085	62.8746	6.65976
AT4G05250.1	957	758	0	0
AT5G17500.1	1786	1587	0	0
AT1G80920.1	1016	817	84	33.5966
AT2G30550.1	1922	1723	0	0
AT2G30550.2	2268	2069	69	10.8975
AT5G36330.1	369	170	0	0
AT1G17920.1	3195	2996	11.1791	1.21928
AT1G17920.2	2927	2728	29.8209	3.57203
AT3G05950.1	925	726	0	0
AT3G29030.1	1427	1228	246	65.4599
AT1G15760.1	1051	852	23	8.82118
AT4G33960.1	615	416	5	3.92749
AT5G47820.1	4039	3840	0	0
AT5G47820.2	3956	3757	302	26.2666
AT5G20380.2	2067	1868	14.944	2.61414
AT5G20380.1	1942	1743	221.056	41.4422
AT5G48190.1	1270	1071	0	0
AT1G48950.1	2266	2067	72	11.3823
AT3G54120.1	962	763	15	6.42399
AT1G07710.1	1825	1626	0	0
AT1G07710.2	1765	1566	5	1.04332
AT2G05220.1	959	760	160.94	69.1971
AT2G05220.2	730	531	587.203	361.354
AT3G56030.1	1360	1161	13	3.65889
AT5G02910.1	1624	1425	20	4.58621
AT5G02910.3	1789	1590	0	0
AT5G02910.2	1789	1590	0	0
AT1G19320.1	864	665	3	1.47414
AT4G12334.1	342	143	0	0
AT1G04105.1	402	203	0	0
AT5G45930.1	1534	1335	230.111	56.3241
ATMG00200.1	324	125	0	0
AT2G25100.2	1174	975	4.22098e-06	1.41464e-06
AT2G25100.1	1287	1088	61	18.3206
AT2G07692.1	839	640	0	0
AT4G26600.8	2528	2329	30.5	4.27926
AT4G26600.7	2564	2365	0	0
AT4G26600.4	2628	2429	0	0
AT4G26600.5	2550	2351	0	0
AT4G26600.1	2528	2329	30.5	4.27926
AT4G26600.6	2657	2458	0	0
AT4G26600.2	2813	2614	0	0
AT4G26600.3	2632	2433	0	0
AT5G23650.1	1096	897	0	0
AT5G38930.1	905	706	28.2732	13.0861
AT1G09420.2	2237	2038	0	0
AT1G09420.1	2160	1961	39	6.49868
AT5G08670.1	2077	1878	2211.83	384.852
AT3G07650.1	2050	1851	0.000201385	3.55515e-05
AT3G07650.4	2032	1833	14.9998	2.674
AT3G07650.2	1840	1641	0	0
AT3G07650.3	1837	1638	0	0
AT4G28485.2	603	404	0	0
AT4G28485.1	584	385	0	0
AT1G25270.1	1068	869	0	0
AT3G55770.4	1405	1206	19.8776	5.38586
AT3G55770.1	1166	967	220.379	74.4701
AT3G55770.2	943	744	112.891	49.582
AT3G55770.5	1050	851	18.0832	6.94359
AT3G55770.7	1082	883	9.76953	3.61536
AT3G55770.3	1042	843	0	0
AT3G55770.6	1246	1047	0	0
AT3G29280.2	742	543	0	0
AT3G29280.1	757	558	22	12.8833
AT5G53790.1	1143	944	0	0
AT3G45525.1	354	155	0	0
AT1G18335.1	1275	1076	21.5042	6.53053
AT1G18335.2	1334	1135	0	0
AT1G18335.3	1392	1193	5.49583	1.50533
AT5G42330.1	892	693	16	7.54441
AT1G28020.1	1519	1320	0	0
AT2G10940.1	1488	1289	7461.46	1891.51
AT2G10940.2	1692	1493	172.537	37.7626
AT1G23965.1	1178	979	0	0
AT1G70220.2	850	651	0	0
AT1G70220.1	945	746	0	0
AT1G60890.1	3168	2969	95.008	10.4565
AT1G60890.2	2918	2719	22.992	2.76316
AT2G28790.1	1095	896	215.524	78.6006
AT2G28790.2	1242	1043	35.4762	11.1145
AT2G06565.1	210	20.9285	0	0
AT2G25970.1	2222	2023	478	77.2094
ATMG00220.1	1182	983	0	0
AT2G31060.1	2346	2147	0.0258348	0.00393198
AT2G31060.3	2592	2393	0	0
AT2G31060.2	2478	2279	189.974	27.2388
AT1G07110.1	2789	2590	559	70.5262
AT5G20430.1	517	318	0	0
AT5G01470.7	1099	900	0	0
AT5G01470.1	1101	902	0	0
AT5G01470.4	1156	957	0	0
AT5G01470.6	1124	925	0	0
AT5G01470.5	1085	886	8.8605	3.26786
AT5G01470.2	1040	841	18.1471	7.05097
AT5G01470.3	1106	907	14.9924	5.40136
AT1G05970.1	861	662	7.37083	3.63828
AT1G05970.2	1142	943	7.62917	2.64365
AT2G21440.1	3441	3242	195	19.6544
AT2G43860.1	1443	1244	0	0
AT1G66260.1	1363	1164	254.991	71.5832
AT1G66260.2	1312	1113	101.009	29.6552
AT4G25790.1	898	699	17	7.94713
AT1G70600.1	959	760	1428.71	614.284
AT3G02970.1	1290	1091	0	0
AT2G19730.3	750	551	172.408	102.246
AT2G19730.1	722	523	545.357	340.736
AT2G19730.2	812	613	414.235	220.813
AT1G73700.1	1716	1517	4	0.861614
AT1G52565.1	1078	879	16	5.94798
AT1G20830.1	1329	1130	64	18.5072
AT1G20830.2	1315	1116	0	0
AT3G31430.1	1011	812	0	0
AT5G41600.1	1411	1212	145	39.0934
AT1G76900.3	1609	1410	112.495	26.0707
AT1G76900.1	2740	2541	11.2222	1.44315
AT1G76900.2	2499	2300	54.2826	7.71208
AT1G10130.1	3534	3335	202	19.7922
AT3G11870.1	1665	1466	0	0
AT3G13560.3	2190	1991	2.30364e-07	3.78079e-08
AT3G13560.5	2598	2399	0	0
AT3G13560.2	2201	2002	0	0
AT3G13560.1	2175	1976	109	18.0251
AT3G13560.4	2609	2410	0	0
AT5G03070.1	2056	1857	34	5.98281
AT3G60560.1	321	122	0	0
AT4G16845.2	1884	1685	0	0
AT4G16845.1	1782	1583	79	16.3074
AT1G26680.4	3335	3136	0	0
AT1G26680.1	3308	3109	0	0
AT1G26680.2	2957	2758	0	0
AT1G26680.3	2877	2678	0	0
AT1G26680.5	2794	2595	6	0.755531
AT1G26680.6	2768	2569	0	0
AT5G57400.2	1052	853	1	0.38308
AT5G57400.1	1068	869	0	0
AT3G50820.1	1327	1128	2878	833.72
AT4G25650.2	1844	1645	3.32805	0.661093
AT4G25650.1	1912	1713	196.672	37.5166
AT1G56553.1	375	176	0	0
AT3G04730.1	2025	1826	476	85.1814
AT2G24060.1	1508	1309	284.833	71.1033
AT5G01870.1	693	494	266	175.952
AT1G78200.2	1272	1073	21.1036	6.4268
AT1G78200.4	1441	1242	7.74449	2.03756
AT1G78200.5	1345	1146	3.46918	0.989193
AT1G78200.3	1746	1547	3.26371	0.689382
AT1G78200.1	1368	1169	41.419	11.5777
AT2G40995.1	338	139	0	0
AT2G40995.2	312	113	0	0
AT2G26300.1	2034	1835	155	27.6016
AT2G26300.2	2386	2187	0	0
AT2G45480.2	1846	1647	0	0
AT2G45480.3	1764	1565	0	0
AT2G45480.1	1656	1457	14	3.13984
AT1G50950.2	1975	1776	1.69089	0.311107
AT1G50950.1	2091	1892	16.3091	2.81675
AT3G51490.3	2668	2469	0	0
AT3G51490.2	2582	2383	5.99569	0.822154
AT3G51490.1	2190	1991	0.00431113	0.000707552
AT5G19860.1	1207	1008	117	37.9283
AT4G15715.1	733	534	0	0
AT1G54610.2	2209	2010	0	0
AT1G54610.3	2081	1882	195.68	33.9755
AT1G54610.1	2278	2079	63.3198	9.9523
AT4G11720.1	2248	2049	1	0.159476
AT5G49980.1	2523	2324	254	35.7138
AT3G19140.1	426	227	0	0
AT4G18010.2	2584	2385	40.155	5.50161
AT4G18010.1	2559	2360	205.845	28.5014
AT2G43650.1	2450	2251	192	27.8717
AT5G48280.1	438	239	0	0
AT3G51420.1	2064	1865	208	36.4437
AT3G60680.1	2147	1948	32	5.36784
AT1G67040.2	3269	3070	0	0
AT1G67040.1	3101	2902	65	7.31904
AT5G26280.3	1455	1256	73.8824	19.2216
AT5G26280.2	1166	967	106.369	35.9441
AT5G26280.1	1353	1154	147.299	41.7092
AT3G02850.3	1877	1678	3.20133	0.623415
AT3G02850.1	2776	2577	25.7987	3.27131
AT3G02850.2	2534	2335	0	0
AT3G44695.1	798	599	1	0.545521
AT2G45820.1	932	733	321	143.1
AT1G32700.2	1359	1160	0	0
AT1G32700.1	1360	1161	99	27.8639
AT1G16220.1	2084	1885	24	4.16043
AT1G04350.1	2066	1867	157	27.4785
AT3G22120.2	1703	1504	596.338	129.564
AT3G22120.1	1360	1161	3529.66	993.434
AT1G23770.1	1053	854	0	0
AT5G52890.1	1599	1400	8.85535e-06	2.06688e-06
AT5G52890.2	1683	1484	15	3.3029
AT3G48530.1	1627	1428	182	41.6468
AT5G03220.1	850	651	29.5801	14.8476
AT1G68510.1	1352	1153	0	0
AT3G28360.1	3794	3595	0	0
AT3G11630.1	1176	977	2650	886.318
AT5G13760.1	2403	2204	58	8.59913
AT1G16350.1	1930	1731	293	55.3107
AT2G40300.1	1252	1053	45	13.9644
AT3G16300.1	813	614	4	2.12878
AT3G56620.1	1472	1273	7	1.79683
AT3G10980.1	3088	2889	139	15.7219
AT4G19760.1	1110	911	0	0
AT1G79650.4	1635	1436	25.4099	5.78211
AT1G79650.3	1493	1294	16.7334	4.2256
AT1G79650.1	1760	1561	79.8567	16.7166
AT1G79650.2	1742	1543	0	0
AT5G42090.1	2560	2361	403	55.776
AT1G10840.2	1471	1272	0.00340111	0.000873719
AT1G10840.1	1585	1386	567.997	133.912
AT1G01790.2	4237	4038	236.875	19.1686
AT1G01790.1	4259	4060	830.681	66.8569
AT5G20580.2	1564	1365	52.9999	12.6876
AT5G20580.1	1421	1222	6.9179e-05	1.84987e-05
AT1G77640.1	1173	974	5	1.67745
AT5G61070.1	2266	2067	3.13651	0.495844
AT3G59290.1	3806	3607	111.909	10.1381
AT4G03410.2	1883	1684	0	0
AT4G03410.1	1906	1707	36	6.8914
AT3G53440.1	1961	1762	27	5.00721
AT3G53440.2	1956	1757	0	0
AT3G05030.2	2246	2047	0.0108895	0.00173832
AT3G05030.4	2588	2389	60.1733	8.23049
AT3G05030.1	2571	2372	0.000266314	3.66875e-05
AT3G05030.3	2797	2598	18.017	2.26612
AT5G24710.1	4688	4489	456	33.1935
AT3G11591.1	443	244	4	5.35684
AT4G35390.1	1367	1168	5	1.39883
AT4G11660.1	2267	2068	90.0632	14.231
AT5G55160.1	757	558	225.403	131.997
AT5G55160.2	691	492	0.59732	0.396716
AT2G36370.1	3003	2804	21	2.44726
AT1G72920.1	1217	1018	10.3021	3.30686
AT5G03290.1	1473	1274	437.447	112.2
AT4G08800.1	858	659	0	0
AT1G79550.2	1736	1537	1644.14	349.546
AT1G79550.1	1719	1520	120.856	25.9813
AT2G39350.1	2667	2468	83.0252	10.9927
AT3G08980.4	922	723	0	0
AT3G08980.3	926	727	10.5362	4.73576
AT3G08980.1	788	589	13.4638	7.46947
AT3G08980.5	891	692	0	0
AT3G08980.2	989	790	0	0
AT3G59270.1	1056	857	3	1.14388
AT5G35200.2	2375	2176	0	0
AT5G35200.1	2252	2053	207	32.9473
AT5G18170.1	1851	1652	100.788	19.936
AT1G78635.1	854	655	0	0
AT1G78400.1	1302	1103	0	0
AT4G20890.1	2180	1981	378.53	62.4388
AT2G29930.1	1982	1783	0	0
AT2G29930.3	1731	1532	0	0
AT2G29930.2	1492	1293	0	0
AT5G13220.6	1898	1699	0	0
AT5G13220.7	1759	1560	0	0
AT5G13220.5	1799	1600	0	0
AT5G13220.1	1384	1185	3.87883	1.0696
AT5G13220.4	1202	1003	8.12117	2.64579
AT5G13220.2	1854	1655	0	0
AT5G13220.3	1437	1238	0	0
AT1G29220.2	1273	1074	0	0
AT1G29220.1	1365	1166	77	21.579
AT4G17460.1	1444	1245	98	25.7214
AT2G37220.1	1488	1289	3016	764.569
AT1G64870.1	915	716	0	0
AT4G22390.2	1548	1349	2	0.484458
AT4G22390.1	1408	1209	0	0
AT4G05270.1	390	191	0	0
AT3G14050.1	2850	2651	146	17.9962
AT4G14700.1	2588	2389	5	0.683899
AT5G03995.1	455	256	5	6.38217
AT2G32500.2	1075	876	57.1534	21.3194
AT2G32500.1	1153	954	30.8466	10.5657
AT5G02540.1	1433	1234	38	10.0625
AT2G36650.1	1344	1145	6	1.71232
AT1G65486.1	394	195	12.0416	20.1784
AT1G65486.4	347	148	0.310147	0.684768
AT1G65486.2	800	601	9.7356	5.2933
AT1G65486.3	794	595	16.9127	9.28825
AT3G20260.1	2572	2373	112	15.4226
AT4G14920.1	4000	3801	88.3574	7.59597
AT4G14920.3	3534	3335	27.9635	2.7399
AT4G14920.2	4215	4016	18.6791	1.51985
AT5G57930.1	1575	1376	0.000195302	4.63795e-05
AT5G57930.2	1602	1403	362	84.3119
AT5G60140.1	1364	1165	0	0
AT3G03040.1	1960	1761	72	13.3602
AT3G58850.1	1041	842	29	11.2544
AT4G00990.1	2916	2717	121.507	14.6133
AT4G00990.2	3057	2858	0	0
AT4G00990.3	2880	2681	0.493112	0.0601017
AT3G50610.2	964	765	2.79197	1.19258
AT3G50610.1	690	491	1.20803	0.80396
AT1G63110.1	1954	1755	0	0
AT1G63110.3	1843	1644	13.871	2.75704
AT1G63110.2	1790	1591	97.129	19.9488
AT5G37250.1	579	380	0	0
AT5G37250.2	688	489	0	0
AT5G07590.3	1990	1791	0	0
AT5G07590.1	1885	1686	16.0571	3.11206
AT5G07590.2	1905	1706	2.11951e-05	4.05971e-06
AT5G07590.4	1570	1371	24.9429	5.94494
AT5G28237.2	2121	1922	0	0
AT5G28237.1	1644	1445	0	0
AT1G47960.1	1528	1329	1.74115	0.428105
AT1G47960.2	875	676	12.2588	5.92572
AT3G61700.3	2414	2215	0	0
AT3G61700.4	2259	2060	29.373	4.65928
AT3G61700.1	2036	1837	17.18	3.05599
AT3G61700.2	2051	1852	111.447	19.6637
AT4G12550.1	691	492	50.0326	33.2297
AT1G63980.2	1502	1303	0.0938789	0.023543
AT1G63980.1	1577	1378	338.906	80.3653
AT1G09840.2	1791	1592	37.7356	7.74546
AT1G09840.8	2049	1850	0	0
AT1G09840.5	1935	1736	0	0
AT1G09840.9	1828	1629	27.4978	5.51589
AT1G09840.1	2128	1929	41.008	6.94665
AT1G09840.4	2120	1921	0	0
AT1G09840.6	1973	1774	0	0
AT1G09840.10	1678	1479	70.4706	15.5696
AT1G09840.7	2199	2000	8.53389	1.3943
AT1G09840.11	1300	1101	24.754	7.34676
AT1G09840.3	2195	1996	0	0
AT4G14880.1	1496	1297	241.098	60.7425
AT4G14880.2	1366	1167	678.902	190.097
AT4G14880.4	1458	1259	0	0
AT4G14880.3	1455	1256	0	0
AT4G14880.5	1691	1492	0	0
AT3G23325.1	588	389	35.2863	29.6412
AT5G49820.1	2046	1847	208	36.7989
AT1G14530.1	1582	1383	0	0
AT1G14530.2	1396	1197	17	4.6408
AT3G14225.1	1134	935	3	1.04845
AT3G14225.2	1185	986	0	0
AT2G38950.1	2583	2384	158	21.6565
AT3G09580.1	2300	2101	85	13.22
AT4G30996.1	1245	1046	115	35.9256
AT1G69450.3	2779	2580	46.8576	5.9347
AT1G69450.1	2278	2079	22.9022	3.59965
AT1G69450.2	2698	2499	2.24023	0.29293
AT1G26150.1	3433	3234	307.105	31.0302
AT1G26150.2	2401	2202	139.895	20.7599
AT5G09360.1	1710	1511	0	0
AT5G66675.2	1937	1738	44.8519	8.43275
AT5G66675.1	2128	1929	0	0
AT5G66675.4	1742	1543	41.1481	8.7141
AT5G66675.3	2002	1803	0	0
AT5G23970.1	1592	1393	0	0
AT1G69310.1	1741	1542	4.41822	0.936271
AT1G69310.2	1993	1794	25.3027	4.60874
AT1G69310.4	1138	939	4.38045	1.52437
AT1G69310.3	1456	1257	27.8986	7.25247
AT1G01320.3	6051	5852	2778.37	155.14
AT1G01320.1	6015	5816	6.62166	0.372032
AT1G01320.2	6049	5850	0.00983833	0.000549546
ATCG00720.1	648	449	15	10.9165
AT4G13190.4	2103	1904	0	0
AT4G13190.3	1796	1597	0	0
AT4G13190.1	2410	2211	0	0
AT4G13190.5	2011	1812	3	0.541005
AT4G13190.2	1869	1670	0	0
AT5G47390.1	1679	1480	69	15.2344
ATCG00140.1	246	47.5399	5	34.3677
AT4G32790.2	2262	2063	0	0
AT4G32790.3	2050	1851	22.6904	4.00566
AT4G32790.1	2084	1885	16.3096	2.82729
AT2G31930.1	914	715	1	0.457017
AT3G12833.1	1030	831	1	0.393222
AT3G23635.1	712	513	3	1.91092
AT1G53635.1	549	350	6	5.60172
AT2G30070.2	2841	2642	8.5568	1.05832
AT2G30070.1	2565	2366	144.443	19.949
AT1G21070.1	1743	1544	49	10.3702
AT2G30650.2	1586	1387	0	0
AT2G30650.1	1501	1302	1	0.250973
AT3G12700.2	1613	1414	34.1754	7.89774
AT3G12700.3	813	614	0	0
AT3G12700.1	1719	1520	92.8246	19.9553
AT1G64190.1	1809	1610	737.832	149.751
AT5G46280.4	2988	2789	6.66219	0.780561
AT5G46280.2	2773	2574	12.6071	1.60046
AT5G46280.3	2771	2572	0	0
AT5G46280.1	2681	2482	109.731	14.4466
AT1G19750.1	1697	1498	2.61127	0.569611
AT1G19750.2	1959	1760	0	0
AT1G12040.1	2690	2491	100	13.1179
AT1G78300.1	1609	1410	707	163.847
AT1G24030.5	928	729	0	0
AT1G24030.6	813	614	0.963505	0.512772
AT1G24030.3	1387	1188	0	0
AT1G24030.4	1024	825	2.68714	1.06433
AT1G24030.2	1511	1312	4.54865	1.13289
AT1G24030.1	1570	1371	0	0
AT1G35181.1	165	8.64817	0	0
AT5G13150.1	2629	2430	16	2.15155
AT2G40715.1	387	188	0	0
AT5G38865.4	659	460	0	0
AT5G38865.2	985	786	0	0
AT5G38865.1	901	702	15	6.9822
AT5G38865.5	590	391	0	0
AT5G38865.3	855	656	0	0
AT4G01020.1	5634	5435	60.8107	3.65611
AT1G35160.1	1359	1160	416.648	117.368
AT1G35160.2	1402	1203	0	0
AT1G52180.1	375	176	0	0
AT4G20100.1	867	668	0	0
AT2G32050.1	1037	838	0	0
AT2G07642.1	42	2.99645	0	0
AT5G48990.1	1741	1542	19	4.02631
AT2G14825.1	754	555	10	5.8877
AT1G19830.1	830	631	1	0.517856
AT3G59610.1	1675	1476	0	0
AT1G43320.1	357	158	0	0
AT1G69720.3	1111	912	0	0
AT1G69720.1	1250	1051	0	0
AT1G69720.2	1123	924	0	0
AT5G07510.2	762	563	0	0
AT5G07510.3	772	573	0	0
AT5G07510.1	803	604	0	0
AT2G24570.1	1536	1337	124	30.306
AT3G59880.1	1082	883	19	7.03123
AT4G08869.1	366	167	0	0
AT4G08869.2	648	449	0	0
AT1G16320.1	1174	975	213	71.386
AT4G21213.1	413	214	0	0
AT1G63520.1	2088	1889	5	0.864921
AT5G26780.3	2072	1873	52.9749	9.2421
AT5G26780.2	2044	1845	42.5862	7.54242
AT5G26780.4	2219	2020	1.08083	0.174842
AT5G26780.1	2131	1932	252.358	42.6824
AT3G55930.1	884	685	0	0
AT4G21810.1	1235	1036	96	30.2796
AT3G48290.2	2051	1852	0	0
AT3G48290.1	1973	1774	0	0
AT3G01350.1	1791	1592	72.3863	14.8577
AT4G14510.1	3530	3331	90.0194	8.8308
AT2G27240.2	1443	1244	1	0.262675
AT2G27240.1	1521	1322	0	0
AT2G30395.1	1028	829	8	3.15336
AT5G22400.1	2020	1821	46	8.25441
AT1G10460.1	1330	1131	5	1.44459
AT2G33630.1	1704	1505	149	32.351
AT1G33270.1	1669	1470	57.9056	12.8719
AT1G33270.2	1792	1593	7.09436	1.45524
AT4G18460.1	808	609	27	14.4872
AT4G18460.2	567	368	0	0
AT5G57590.1	2779	2580	66	8.35916
AT4G22463.1	540	341	0.60625	0.580946
AT3G18890.1	2492	2293	515	73.3908
AT5G44635.2	2710	2511	0	0
AT5G44635.1	2840	2641	87	10.7644
AT5G11530.2	4377	4178	0	0
AT5G11530.3	4334	4135	60.8088	4.8054
AT5G11530.1	4130	3931	32.1912	2.67591
AT1G73607.1	479	280	0	0
AT4G12230.1	1580	1381	124	29.3404
AT5G46300.1	875	676	0	0
AT1G66510.2	1604	1405	13.2176	3.07409
AT1G66510.3	1336	1137	0	0
AT1G66510.1	1407	1208	0	0
AT1G66510.4	1597	1398	29.0205	6.78323
AT5G49230.1	1071	872	26.8308	10.0544
AT5G49230.2	1006	807	48.1692	19.5045
AT2G43340.1	959	760	146	62.7737
AT2G37960.2	1770	1571	8	1.664
AT2G37960.1	1793	1594	4.53693e-07	9.30063e-08
AT4G34060.5	3408	3209	0	0
AT4G34060.2	3261	3062	10	1.06717
AT4G34060.4	3560	3361	0	0
AT4G34060.3	3535	3336	0	0
AT4G34060.1	3462	3263	0	0
AT3G21930.1	907	708	0	0
AT1G58245.1	273	74.0093	0	0
AT3G21190.1	1855	1656	199	39.2673
AT4G31300.1	1106	907	341	122.853
AT4G31300.2	1087	888	0	0
AT4G31300.3	1040	841	0	0
AT2G29045.1	237	39.4185	0	0
AT5G50750.1	1486	1287	0	0
AT4G23440.1	3441	3242	82.2718	8.29233
AT4G23440.2	3816	3617	8.72816	0.788519
AT3G56200.1	1958	1759	176	32.6953
AT4G19400.1	737	538	10.17	6.17697
AT3G16640.1	1012	813	4361	1752.81
AT4G31060.1	1372	1173	5	1.39287
AT4G15056.1	678	479	0	0
AT5G59330.1	610	411	14	11.1308
AT5G53830.1	1155	956	29	9.91239
AT1G71160.1	1508	1309	0	0
AT1G44910.2	2984	2785	0	0
AT1G44910.1	3213	3014	103	11.1669
AT3G58600.1	1433	1234	43	11.3865
AT4G28770.2	1373	1174	19.405	5.40111
AT4G28770.1	1252	1053	111.595	34.6302
AT1G78560.1	1595	1396	156	36.5155
AT3G26850.1	1461	1262	48.9414	12.6723
AT3G26850.2	1257	1058	0.0586409	0.0181114
AT1G27520.1	2309	2110	88	13.6282
AT2G33510.1	937	738	39	17.2682
AT2G33510.2	834	635	0	0
AT1G79990.1	3213	3014	488	52.9072
AT1G79990.2	3189	2990	0	0
AT1G11200.1	1322	1123	47	13.6759
AT5G62550.1	1865	1666	57	11.1799
AT1G07140.1	1516	1317	508	126.042
AT2G35035.1	1017	818	0	0
AT2G35035.2	911	712	8	3.67154
AT1G60860.2	2737	2538	0	0
AT1G60860.1	2903	2704	40.7383	4.92306
AT1G60860.3	2386	2187	10.2617	1.53323
AT2G47430.1	3677	3478	0	0
AT3G02670.2	857	658	8.29234e-08	4.11803e-08
AT3G02670.1	847	648	3.58011	1.80534
AT2G17760.1	2032	1833	103	18.3617
AT2G28450.2	2783	2584	0	0
AT2G28450.1	2727	2528	148	19.1304
AT5G39920.1	377	178	0	0
AT4G01410.1	1260	1061	60	18.4788
AT5G05735.1	201	17.0167	0	0
AT2G19480.2	1611	1412	181.883	42.0916
AT2G19480.3	1671	1472	0	0
AT2G19480.1	1746	1547	455.117	96.1327
AT3G16170.1	2246	2047	43	6.86418
AT5G16453.1	435	236	1	1.38461
AT3G51000.1	1327	1128	88	25.4925
AT5G48840.1	1569	1370	39	9.30213
AT3G01325.1	373	174	0	0
AT5G06570.4	1377	1178	0	0
AT5G06570.2	1453	1254	4.34915	1.1333
AT5G06570.3	1637	1438	0	0
AT5G06570.1	1241	1042	13.6509	4.28085
AT4G21680.1	2186	1987	61	10.0316
AT3G53410.1	1178	979	31	10.3471
AT4G03030.1	1886	1687	61	11.8155
AT1G07725.1	2472	2273	59	8.48186
AT5G44500.2	1730	1531	2.13598	0.45589
AT5G44500.1	1510	1311	44.864	11.1824
AT4G31330.1	1197	998	16	5.23875
AT1G27820.1	933	734	0	0
AT1G51160.2	1023	824	0.0547457	0.0217101
AT1G51160.3	1289	1090	20.3706	6.10682
AT1G51160.1	928	729	110.628	49.5878
AT1G11760.1	901	702	31	14.4299
AT2G28815.1	876	677	3	1.44801
AT3G45820.1	339	140	0	0
AT4G19120.3	2550	2351	0	0
AT4G19120.2	3140	2941	4.62186	0.513524
AT4G19120.1	2590	2391	332.378	45.4246
AT3G03400.1	414	215	0	0
AT2G18110.1	1126	927	259.244	91.3833
AT4G20370.1	813	614	0	0
AT1G52910.1	826	627	37	19.2829
AT1G61780.1	692	493	112	74.2351
AT4G38630.1	1669	1470	365	81.1361
AT3G59510.1	1459	1260	1	0.259339
AT3G29170.2	682	483	5.77215	3.90507
AT3G29170.1	919	720	18.2278	8.27259
AT2G32820.1	1163	964	0	0
AT3G09032.1	1024	825	2	0.792163
AT2G05140.1	489	290	0	0
AT4G08790.1	1362	1163	24	6.74326
AT3G18450.1	892	693	7	3.30068
AT1G12240.1	2249	2050	467	74.4391
AT3G01440.1	988	789	66	27.3341
AT1G45110.1	1410	1211	14	3.77765
AT4G31150.2	1653	1454	0	0
AT4G31150.3	1756	1557	6.16647	1.29416
AT4G31150.4	1332	1133	0	0
AT4G31150.1	1581	1382	17.8335	4.21665
AT4G13340.1	3088	2889	602	68.0906
AT3G21170.1	1450	1251	0	0
AT1G33220.1	1008	809	0	0
AT2G29990.1	1941	1742	45	8.44117
AT3G05820.1	2277	2078	0	0
AT3G05820.2	2196	1997	3	0.490887
AT3G16950.2	2137	1938	45.8438	7.72974
AT3G16950.1	2329	2130	255.156	39.144
AT1G07810.1	3658	3459	263.536	24.8959
AT1G80540.2	1941	1742	0	0
AT1G80540.1	2056	1857	0	0
AT1G80540.3	2052	1853	0	0
AT4G04220.1	2695	2496	29	3.79657
AT3G10620.1	910	711	84.2402	38.7158
AT4G21250.1	1714	1515	6	1.29413
AT1G55600.1	1462	1263	0	0
AT5G51820.1	2499	2300	355	50.4358
AT1G76954.1	213	22.4695	0	0
AT4G36540.2	1356	1157	0	0
AT4G36540.1	1362	1163	78	21.9156
AT5G66560.2	1443	1244	23.8932	6.27615
AT5G66560.4	1890	1691	19.5116	3.77039
AT5G66560.1	2378	2179	64.57	9.68304
AT5G66560.3	1920	1721	0.0251911	0.00478304
AT3G44250.1	1521	1322	0	0
AT2G01920.1	1040	841	0	0
AT3G20290.2	2059	1860	151.968	26.698
AT3G20290.1	2151	1952	0	0
AT3G20290.3	2084	1885	17.0317	2.95247
AT1G09010.1	3087	2888	176	19.9138
AT4G24760.1	1683	1484	120	26.4232
AT3G13900.2	4014	3815	0.0523361	0.00448275
AT3G13900.1	4553	4354	0	0
AT3G13900.3	4002	3803	1.94766	0.16735
AT4G02620.1	645	446	220	161.186
AT4G36380.1	2325	2126	76.6493	11.781
AT4G36380.2	2335	2136	0.350669	0.0536457
AT3G26300.1	1800	1601	119	24.2881
AT3G53150.1	1786	1587	11	2.26493
AT1G45063.1	1329	1130	0	0
AT1G45063.2	1240	1041	0	0
AT1G05020.1	2609	2410	5	0.67794
AT2G02525.1	207	19.5103	0	0
AT2G23930.1	689	490	204	136.042
AT2G23930.2	783	584	0	0
AT5G03100.1	1714	1515	19.9342	4.29957
AT5G03100.2	1182	983	1.06579	0.354288
AT5G39980.1	2361	2162	33	4.98766
AT1G31360.4	2661	2462	0	0
AT1G31360.7	2330	2131	0	0
AT1G31360.3	2367	2168	0	0
AT1G31360.1	2400	2201	0	0
AT1G31360.5	2515	2316	0	0
AT1G31360.2	2305	2106	33.0637	5.13017
AT1G31360.8	1886	1687	10.9363	2.11833
AT1G31360.6	2482	2283	0	0
AT3G26750.1	2155	1956	19	3.17412
AT5G24650.1	1124	925	170	60.0545
AT4G16440.1	1753	1554	62	13.037
AT3G56800.1	1143	944	533	184.499
AT5G25230.1	3294	3095	0	0
AT5G25230.2	3082	2883	3.91906	0.444197
AT4G19140.1	1193	994	53	17.4232
AT2G38820.1	1843	1644	0	0
AT2G38820.2	1742	1543	19	4.0237
AT2G27760.1	1666	1467	20	4.4549
AT4G20480.1	1487	1288	46.6998	11.8478
AT4G20480.2	1265	1066	81.3002	24.9214
AT3G25160.1	1185	986	0	0
AT1G15415.1	557	358	2	1.82551
AT1G21190.1	720	521	69.4212	43.5405
AT4G36970.1	1592	1393	79	18.5317
AT1G29430.1	834	635	28.3517	14.5896
AT2G18520.1	1581	1382	27	6.38402
AT1G64100.3	2001	1802	0	0
AT1G64100.1	2555	2356	0	0
AT1G64100.2	2421	2222	3.50598	0.515589
AT1G19000.1	1355	1156	208.359	58.8969
AT1G19000.2	1809	1610	143.641	29.1535
AT1G78650.1	1767	1568	52	10.8367
AT2G26390.1	1539	1340	1	0.243856
AT5G36430.1	357	158	0	0
AT1G44980.1	741	542	0	0
AT4G38700.1	1069	870	5	1.87797
AT1G76350.3	2591	2392	0.000193058	2.63733e-05
AT1G76350.4	2478	2279	29.4516	4.22283
AT1G76350.1	3032	2833	100.813	11.6281
AT1G76350.2	2779	2580	36.7352	4.65266
AT5G65160.1	2417	2218	19	2.79918
AT5G54430.5	2532	2333	14.6621	2.05361
AT5G54430.2	2622	2423	6.34662	0.855908
AT5G54430.4	1147	948	0	0
AT5G54430.6	1024	825	59.9036	23.7267
AT5G54430.3	1752	1553	0	0
AT5G54430.1	1440	1241	202.088	53.2116
AT4G28088.1	395	196	0	0
AT5G16980.3	1403	1204	9.00087	2.44285
AT5G16980.1	2004	1805	6.00666	1.08741
AT5G16980.2	1696	1497	0	0
AT5G62730.2	2028	1829	2	0.357318
AT5G62730.1	2156	1957	0	0
AT3G42130.1	198	15.9266	0	0
AT3G55230.1	1160	961	42	14.2812
AT3G28640.1	1515	1316	9.08563	2.25599
AT3G43930.2	1786	1587	0	0
AT3G43930.3	1697	1498	0	0
AT3G43930.1	1707	1508	2	0.433378
AT4G38840.1	582	383	108	92.1432
AT2G34510.1	1680	1481	105.693	23.32
AT2G34510.2	2887	2688	38.3073	4.65683
AT5G60750.1	1481	1282	83	21.1557
AT1G29690.1	2268	2069	110	17.3728
AT3G07990.1	1807	1608	77	15.6474
AT1G75150.2	2861	2662	0	0
AT1G75150.1	2791	2592	28	3.52989
AT1G75150.3	2742	2543	0	0
AT3G61840.1	839	640	2	1.02115
AT5G26690.1	614	415	3	2.36217
AT4G15160.2	857	658	0.000128085	6.36078e-05
AT4G15160.1	1103	904	183	66.1486
AT3G12685.1	798	599	32	17.4567
AT4G29654.1	477	278	0	0
AT2G26620.1	1303	1104	0	0
AT1G55950.1	829	630	0	0
AT2G20825.1	1424	1225	3	0.800246
AT3G42670.1	3879	3680	26.9024	2.38881
AT3G42670.4	3885	3686	4.1454	0.367493
AT3G42670.3	4017	3818	0	0
AT3G42670.2	4126	3927	15.9522	1.32739
AT1G49015.1	684	485	0	0
AT1G30473.1	1532	1333	1.18597	0.290725
AT2G21290.1	800	601	108	58.7202
AT3G02290.3	2041	1842	0.0184091	0.00326574
AT3G02290.2	1353	1154	23.1025	6.54171
AT3G02290.5	1909	1710	11.6417	2.22463
AT3G02290.1	1758	1559	19.2374	4.03218
AT3G02290.4	1942	1743	0	0
AT3G02290.6	1580	1381	0	0
AT5G13200.2	1462	1263	0	0
AT5G13200.1	1326	1127	28.608	8.29473
AT4G38910.2	1086	887	15.0018	5.52661
AT4G38910.1	1441	1242	5.99817	1.5781
AT1G03700.1	837	638	1	0.512174
AT3G01490.2	1874	1675	1.3862e-05	2.70426e-06
AT3G01490.1	1963	1764	81	15.0046
AT1G22270.1	742	543	86	51.7532
AT1G32540.1	1790	1591	7.12054	1.46245
AT1G32540.2	1481	1282	0	0
AT1G32540.6	1143	944	0	0
AT1G32540.3	1312	1113	10.3498	3.0386
AT1G32540.7	2145	1946	0	0
AT1G32540.4	2024	1825	0	0
AT1G32540.5	1626	1427	15.5297	3.55613
AT1G05410.2	1657	1458	20.6931	4.63773
AT1G05410.1	1758	1559	46.3069	9.70595
AT5G08400.1	1797	1598	0	0
AT5G08400.2	1705	1506	46.807	10.156
AT5G42010.2	2812	2613	31	3.87669
AT5G42010.1	2949	2750	0	0
AT5G14590.1	1892	1693	199	38.4091
AT2G40925.1	1335	1136	0	0
AT5G08000.1	1168	969	48.6647	16.4108
AT5G08000.2	1355	1156	4.33532	1.22547
AT3G09140.1	1856	1657	0	0
AT3G09140.2	1772	1573	0	0
AT5G35570.1	2744	2545	119	15.2791
AT5G26850.2	3577	3378	69.1741	6.69148
AT5G26850.1	3284	3085	148.826	15.7638
AT5G26850.3	3629	3430	0	0
AT5G26850.4	3582	3383	0	0
AT5G64520.4	2230	2031	0	0
AT5G64520.10	1307	1108	3.08847e-06	9.10839e-07
AT5G64520.5	1451	1252	0	0
AT5G64520.8	754	555	0	0
AT5G64520.7	969	770	2.24691	0.953529
AT5G64520.2	1408	1209	0	0
AT5G64520.9	1336	1137	0	0
AT5G64520.3	1293	1094	6.75308	2.01708
AT5G64520.6	1406	1207	0	0
AT5G64520.11	1304	1105	0	0
AT5G64520.1	1536	1337	0	0
AT2G21160.1	1219	1020	629.658	201.717
AT2G21160.2	780	581	44.3417	24.9387
AT5G47260.1	2847	2648	0	0
AT1G43980.1	2134	1935	8	1.35098
AT5G57380.1	2221	2022	0	0
AT5G57380.2	1899	1700	0	0
AT5G14760.1	2594	2395	424	57.8494
AT5G62310.1	4029	3830	12	1.02381
AT1G26900.1	1870	1671	23	4.49769
AT5G59160.1	1733	1534	54.6084	11.6325
AT5G59160.2	1671	1472	21.8343	4.84696
AT5G59160.3	1424	1225	172.557	46.0294
AT1G73610.1	1352	1153	1	0.283406
AT2G24945.1	1400	1201	18	4.89743
AT1G05940.1	2023	1824	117.978	21.1355
AT1G05940.2	2108	1909	0	0
AT1G05940.4	2324	2125	30.0223	4.61661
AT1G05940.3	2067	1868	0	0
AT1G76640.1	613	414	0	0
AT4G29735.1	789	590	127	70.338
AT4G29735.2	721	522	0	0
AT1G13120.1	2570	2371	88	12.128
AT3G18560.1	1096	897	126	45.9004
AT1G65970.1	737	538	13.2898	8.07189
AT5G45277.1	207	19.5103	0	0
AT5G11460.1	1762	1563	31	6.48099
AT1G47128.1	1919	1720	1206	229.117
AT1G18910.1	4064	3865	161	13.6118
AT2G25625.2	738	539	0	0
AT2G25625.1	1057	858	0	0
AT4G21020.1	1101	902	0	0
AT5G18760.2	1810	1611	17.8828	3.62725
AT5G18760.1	1669	1470	34.1172	7.58394
AT2G36380.1	4708	4509	417	30.22
AT3G23890.1	5003	4804	293.043	19.9327
AT3G23890.2	4846	4647	0.00258468	0.00018175
AT5G49220.1	2047	1848	148	26.1697
AT2G30590.1	2110	1911	119.086	20.3628
AT3G10570.1	2096	1897	18	3.10058
AT5G16480.1	1201	1002	17.2759	5.63392
AT5G16480.2	1143	944	4.72414	1.63527
AT1G75630.2	1044	845	0	0
AT1G75630.1	982	783	268	111.844
AT1G61680.1	1710	1511	2	0.432518
AT1G61680.2	1862	1663	0	0
AT4G20953.1	769	570	6	3.43965
AT5G60850.1	1873	1674	130	25.3762
AT3G60710.2	1230	1031	0	0
AT3G60710.1	963	764	0	0
AT3G60710.3	1156	957	0	0
AT2G04037.1	589	390	0	0
AT1G03290.5	2058	1859	46.4473	8.1643
AT1G03290.1	4386	4187	55.4581	4.32813
AT1G03290.4	4443	4244	0	0
AT1G03290.2	4542	4343	0	0
AT1G03290.6	1992	1793	0.0624166	0.0113752
AT1G03290.3	2503	2304	6.03218	0.85552
AT1G18250.1	1232	1033	89.0517	28.1696
AT1G18250.2	1116	917	53.9483	19.2241
AT1G18620.3	4301	4102	0	0
AT1G18620.5	3209	3010	64.1166	6.96053
AT1G18620.1	3803	3604	60.0756	5.44692
AT1G18620.4	4020	3821	0	0
AT1G18620.2	3385	3186	1.80789	0.185423
AT1G50600.2	2231	2032	11.9529	1.92216
AT1G50600.3	2020	1821	0	0
AT1G50600.1	2061	1862	149.047	26.1566
AT2G44350.4	1513	1314	0	0
AT2G44350.2	1822	1623	0	0
AT2G44350.1	1819	1620	548.857	110.709
AT2G44350.3	1605	1406	8.14325	1.89257
AT1G12244.1	983	784	38	15.8382
AT2G29360.1	1076	877	213.987	79.7307
AT1G47660.1	828	629	0	0
AT2G23110.2	699	500	0	0
AT2G23110.1	614	415	0	0
AT5G22100.1	1485	1286	69	17.5326
AT5G38140.1	1142	943	23	7.96993
AT1G63050.1	1759	1560	63	13.1964
AT2G39360.1	3207	3008	39	4.23667
AT3G13840.1	1749	1550	0	0
AT5G60500.1	1029	830	0	0
AT5G51530.1	3834	3635	0	0
AT5G51530.2	3433	3234	0	0
AT5G44290.3	2770	2571	0	0
AT5G44290.1	2541	2342	11.9531	1.66776
AT5G44290.6	2375	2176	0	0
AT5G44290.4	2536	2337	139.005	19.4361
AT5G44290.5	2496	2297	17.468	2.48497
AT5G44290.7	2024	1825	5.98743	1.07205
AT5G44290.2	2752	2553	22.5866	2.89093
AT5G09380.1	767	568	9.59707	5.52114
AT5G09380.3	1213	1014	0	0
AT5G09380.2	1040	841	15.4029	5.98475
AT4G15420.1	1965	1766	67	12.3972
AT4G15420.2	2309	2110	0	0
AT4G24570.1	1192	993	34	11.1884
AT1G25410.1	1029	830	0	0
AT1G27130.1	1286	1087	191	57.4172
AT5G13030.1	2211	2012	376	61.0658
AT2G43390.1	651	452	8	5.78349
AT2G45600.1	1527	1328	12	2.95271
AT3G18300.1	2181	1982	4.13908	0.6824
AT3G18300.2	1080	881	3.16018	1.17212
AT3G03220.1	1442	1243	61	16.036
AT5G03450.1	2219	2020	50	8.0883
AT5G51220.3	895	696	18.3156	8.59905
AT5G51220.1	1497	1298	64.6844	16.2841
AT5G51220.2	1643	1444	0	0
AT5G47330.1	1573	1374	5	1.18911
AT1G31200.1	530	331	11	10.8593
AT5G17160.1	2103	1904	139	23.8554
AT1G04240.2	1355	1156	0	0
AT1G04240.1	1189	990	165.751	54.7092
AT1G70370.1	2458	2259	70.9634	10.2649
AT1G70370.2	2267	2068	624.037	98.6048
AT1G64170.1	2879	2680	66	8.04725
AT2G28500.1	1211	1012	3	0.968677
AT1G65340.1	1512	1313	0	0
AT2G41230.1	950	751	41.7855	18.1813
AT4G37730.1	1399	1200	18	4.90151
AT2G46750.1	2340	2141	84	12.8204
AT4G09795.1	269	70.019	0	0
AT5G36950.1	1963	1764	101	18.7095
AT3G11600.1	1099	900	31	11.2553
AT4G17060.1	1970	1771	82	15.1298
AT3G09440.3	2193	1994	3188.93	522.587
AT3G09440.2	3222	3023	0	0
AT3G09440.4	2484	2285	1067.57	152.668
AT3G09440.1	3138	2939	10.5279	1.17052
AT2G28430.1	525	326	35	35.0824
AT2G35260.1	1878	1679	592	115.215
AT1G54475.1	636	437	0	0
AT5G22608.3	670	471	0	0
AT5G22608.1	893	694	0	0
AT5G22608.2	706	507	11	7.08962
AT2G28720.1	1001	802	32	13.0381
AT5G03890.1	975	776	5	2.10546
AT5G03000.1	1065	866	0	0
AT5G05510.1	1679	1480	15	3.31183
AT1G78870.1	1123	924	5.50677	1.94744
AT1G78870.2	1083	884	175.746	64.9639
AT1G78870.3	1144	945	5.747	1.98723
AT1G78870.4	1235	1036	0	0
AT5G45113.1	1614	1415	1	0.230931
AT4G33200.1	5060	4861	31.8505	2.14106
AT4G33200.3	4960	4761	0	0
AT4G33200.2	4927	4728	25.6856	1.77521
AT4G33200.4	5019	4820	113.464	7.69217
AT1G19460.1	1251	1052	0	0
AT1G04620.1	2222	2023	102	16.4757
ATCG01040.1	987	788	2	0.829358
AT4G22680.1	1400	1201	5	1.3604
AT1G06440.1	1909	1710	6	1.14655
AT4G02485.1	910	711	9	4.13629
AT4G02485.2	965	766	0	0
AT4G39170.2	2219	2020	0	0
AT4G39170.1	2278	2079	192	30.1776
AT3G18535.3	2024	1825	14.9251	2.67234
AT3G18535.1	2010	1811	16.7256	3.01787
AT3G18535.2	2258	2059	17.3376	2.75151
AT3G09360.2	2275	2076	24.7727	3.89928
AT3G09360.3	2121	1922	0	0
AT3G09360.1	2225	2026	17.2273	2.77854
AT1G06340.1	820	621	1	0.526195
AT1G24996.1	450	251	78.8348	102.632
AT1G48500.1	1430	1231	5.18209	1.37558
AT1G48500.2	1509	1310	0	0
AT1G48500.3	1545	1346	3.81791	0.92687
AT4G14746.1	1081	882	35.9487	13.3184
AT4G14746.2	1308	1109	12.0513	3.55092
AT1G53610.1	285	86.0009	0	0
AT3G49310.1	1807	1608	81	16.4603
AT2G30900.1	1707	1508	3.52523	0.76388
AT2G30900.2	1685	1486	0	0
AT4G13230.1	730	531	0	0
AT1G67623.1	901	702	0	0
AT5G21950.6	1390	1191	0	0
AT5G21950.2	1985	1786	0	0
AT5G21950.7	1312	1113	0	0
AT5G21950.4	1978	1779	0	0
AT5G21950.3	1824	1625	0	0
AT5G21950.5	1924	1725	0	0
AT5G21950.1	1290	1091	10	2.99512
AT4G24275.1	900	701	34	15.8489
AT1G29050.1	1419	1220	103	27.5877
AT1G49160.5	2409	2210	0	0
AT1G49160.3	2466	2267	0	0
AT1G49160.1	2111	1912	22.7619	3.89008
AT1G49160.4	2420	2221	0	0
AT1G49160.6	2000	1801	0	0
AT1G49160.7	1859	1660	25.2381	4.96806
AT1G49160.2	2268	2069	0	0
AT5G25170.1	1559	1360	40.2888	9.6802
AT5G25170.2	1335	1136	7.71117	2.2181
AT5G01960.1	1968	1769	142	26.23
AT5G64000.2	1214	1015	0	0
AT5G64000.1	1236	1037	14	4.41151
AT5G18430.1	1406	1207	55	14.89
AT2G29960.3	1077	878	82.8566	30.8369
AT2G29960.1	1551	1352	8.19074	1.97963
AT2G29960.2	777	578	81.9526	46.3312
AT1G80360.1	1877	1678	55.0104	10.7125
AT1G80360.4	1797	1598	216.865	44.3457
AT1G80360.2	2042	1843	0	0
AT1G80360.3	1967	1768	35.1243	6.49178
AT5G61030.1	1510	1311	49.6591	12.3775
AT5G61030.2	1378	1179	77.3409	21.4355
AT2G46680.1	1474	1275	15.3614	3.93695
AT2G46680.2	1308	1109	14.6386	4.31325
AT1G52855.1	793	594	6	3.30068
AT1G60400.1	1212	1013	0	0
AT2G18280.1	1900	1701	198.618	38.1552
AT2G18280.2	1955	1756	76.3816	14.2136
AT1G18773.1	925	726	0	0
AT1G18773.2	1053	854	0	0
AT1G18773.3	905	706	5.36345	2.48244
AT1G18773.4	693	494	9.63655	6.3743
AT4G18490.5	2839	2640	2	0.247551
AT4G18490.2	2451	2252	0	0
AT4G18490.1	2454	2255	0	0
AT4G18490.3	2907	2708	0	0
AT4G18490.7	2516	2317	0	0
AT4G18490.6	2560	2361	0	0
AT4G18490.4	2896	2697	0	0
AT3G61460.1	1262	1063	168	51.6433
AT3G62210.1	1371	1172	15	4.18217
AT1G17120.1	2128	1929	87	14.7376
AT1G51510.1	1070	871	245	91.915
AT1G70090.2	1540	1341	94.5258	23.0335
AT1G70090.1	2122	1923	59.4742	10.1062
AT1G30825.1	1387	1188	36	9.90203
AT1G19250.1	1915	1716	3	0.571271
AT5G64260.1	1691	1492	104	22.7773
AT4G19160.1	2241	2042	57.9607	9.27504
AT4G19160.3	1743	1544	63.8877	13.521
AT4G19160.4	2434	2235	39.1709	5.72696
AT4G19160.2	2215	2016	134.981	21.8786
AT2G01710.2	1346	1147	17.9219	5.10574
AT2G01710.1	1282	1083	41.0781	12.3943
AT5G51540.1	2290	2091	37	5.78211
AT1G26780.2	1411	1212	1	0.26961
AT1G26780.1	847	648	0	0
AT5G23720.1	3156	2957	67.2045	7.42653
AT5G23720.2	3024	2825	25.7955	2.98375
AT5G23720.3	3166	2967	0	0
AT1G70980.1	2243	2044	44.2305	7.07097
AT4G25380.1	791	592	2	1.10394
AT2G47670.1	990	791	6	2.47864
AT4G08545.1	426	227	0	0
AT4G03930.1	1575	1376	2	0.474952
AT1G54385.3	2444	2245	0	0
AT1G54385.1	2111	1912	43.1681	7.37758
AT1G54385.2	2211	2012	41.8319	6.79388
AT1G21313.1	483	284	0	0
AT3G04890.2	1544	1345	28.4613	6.91465
AT3G04890.4	1617	1418	0	0
AT3G04890.1	1856	1657	0	0
AT3G04890.3	1725	1526	5.53873	1.18603
AT2G47570.1	695	496	0	0
AT1G18500.1	2496	2297	290	41.2549
AT3G21870.1	906	707	57	26.3447
AT1G34840.1	264	65.044	0	0
AT4G15850.1	2021	1822	34	6.09774
AT1G27950.1	982	783	859	358.484
AT3G46450.2	2085	1886	128.641	22.2883
AT3G46450.3	1947	1748	0	0
AT3G46450.1	2241	2042	52.359	8.37864
AT3G13860.1	2108	1909	174	29.7839
AT5G39820.1	1303	1104	3	0.887954
AT1G24110.1	1305	1106	0	0
AT1G36325.1	213	22.4695	0	0
AT3G09455.1	573	374	8.80311	7.69136
AT3G09455.2	435	236	22.1969	30.734
AT1G06310.1	2348	2149	5.1935	0.789699
AT3G55730.1	1587	1388	39	9.1815
AT5G17810.2	1176	977	0	0
AT5G17810.1	1110	911	1	0.358691
AT5G17810.3	1173	974	0	0
AT1G65180.1	2269	2070	11	1.73644
AT4G01150.2	911	712	13.3929	6.14655
AT4G01150.1	858	659	2298.61	1139.77
AT3G05460.1	681	482	0	0
AT1G67100.1	1035	836	0	0
AT1G50750.1	1251	1052	0	0
AT5G05900.1	1642	1443	9	2.03805
AT1G10040.2	1665	1466	3.16981	0.706542
AT1G10040.1	1771	1572	14.8302	3.08271
AT5G09550.1	1886	1687	0	0
AT3G09130.1	1194	995	0	0
AT3G61260.1	1131	932	226	79.2375
AT2G21727.1	514	315	0	0
AT4G35300.7	3609	3410	0	0
AT4G35300.3	2754	2555	21.5564	2.75691
AT4G35300.10	2702	2503	0	0
AT4G35300.1	2672	2473	84.0835	11.1103
AT4G35300.11	2638	2439	142.292	19.0637
AT4G35300.6	3326	3127	0	0
AT4G35300.8	2916	2717	0.223364	0.0268635
AT4G35300.2	2673	2474	21.2986	2.81313
AT4G35300.9	2808	2609	27.545	3.4499
AT4G35300.5	2471	2272	0.00125238	0.000180122
AT4G35300.4	2590	2391	0	0
AT4G07675.1	504	305	0	0
AT1G49210.1	876	677	0	0
AT4G24140.1	1928	1729	66	12.4735
AT5G48270.1	1547	1348	0	0
AT5G20340.1	1140	941	0	0
AT1G34120.2	2010	1811	0	0
AT1G34120.4	1996	1797	2.5151	0.457346
AT1G34120.5	1787	1588	15.6982	3.23026
AT1G34120.1	2080	1881	3.78672	0.657828
AT1G34120.3	2007	1808	0	0
AT1G58350.1	3255	3056	0	0
AT1G58350.4	2971	2772	54.0031	6.36596
AT1G58350.2	3427	3228	19.1641	1.93996
AT1G58350.3	2788	2589	49.8328	6.28959
AT2G02610.1	2202	2003	10	1.63139
AT5G44970.1	1170	971	0	0
AT3G17510.2	2276	2077	3.31565	0.521639
AT3G17510.1	2094	1895	285.684	49.2624
AT3G12390.1	913	714	476	217.845
AT4G12270.1	1426	1227	4	1.06526
AT2G30420.1	676	477	7	4.79532
AT5G18040.1	1187	988	44.2874	14.6474
AT5G18040.2	1279	1080	0	0
AT3G27200.1	940	741	19	8.37864
AT5G22570.1	1306	1107	2	0.590365
AT5G39160.1	1030	831	0	0
AT5G39160.2	816	617	0	0
AT5G39160.3	827	628	0	0
AT4G09070.1	660	461	0	0
AT3G27950.1	1355	1156	25	7.06676
AT5G42242.1	363	164	0	0
AT1G31320.1	1203	1004	28	9.11303
AT1G13230.1	1600	1401	0	0
AT1G31580.1	868	669	725	354.12
AT5G60800.2	1025	826	9.01972	3.56822
AT5G60800.1	1380	1181	9.98028	2.76141
AT2G39160.1	363	164	0	0
AT1G15030.2	1294	1095	23.8085	7.10488
AT1G15030.1	1670	1471	125.191	27.81
AT2G48150.1	921	722	3	1.35776
AT2G48150.2	1021	822	0	0
AT2G45150.3	1685	1486	35.5339	7.81381
AT2G45150.1	1813	1614	5.46606	1.10665
AT2G45150.2	1925	1726	0	0
AT2G03060.1	1861	1662	15.8588	3.11801
AT2G03060.7	1915	1716	0	0
AT2G03060.4	2219	2020	0	0
AT2G03060.3	1914	1715	0	0
AT2G03060.2	1337	1138	11.1412	3.19911
AT2G03060.5	1938	1739	0	0
AT2G03060.6	1924	1725	0	0
AT1G66740.1	1165	966	61	20.6344
AT3G55440.1	1638	1439	2236	507.749
AT4G21065.1	2018	1819	6.91635	1.24246
AT4G21065.2	1755	1556	3.08365	0.647581
AT3G48820.1	1789	1590	50.994	10.48
AT3G48820.2	1736	1537	0.00602686	0.00128131
AT5G03840.1	870	671	1	0.486985
AT1G70505.2	1547	1348	0	0
AT1G70505.3	1456	1257	12.5132	3.25291
AT1G70505.1	1077	878	0	0
AT1G70505.4	1721	1522	11.4868	2.46617
AT2G21860.1	1814	1615	196	39.6572
AT3G02260.4	15464	15265	705.605	15.1044
AT3G02260.2	15700	15501	176.083	3.7119
AT3G02260.3	15527	15328	345.064	7.35618
AT3G02260.1	15465	15266	0.24896	0.00532897
AT1G23800.1	1874	1675	68	13.2658
AT1G23800.2	1966	1767	0	0
AT5G37410.1	2012	1813	4	0.720942
AT5G37410.2	2113	1914	0	0
AT2G07040.1	2781	2582	0	0
AT5G65240.1	2730	2531	58	7.48814
AT5G65240.2	2808	2609	0	0
AT1G12290.2	3658	3459	3.8648	0.365103
AT1G12290.1	3108	2909	0	0
AT1G12290.3	2977	2778	0	0
AT1G12290.4	2763	2564	10.1352	1.29167
AT4G01335.1	742	543	0	0
AT4G01335.2	665	466	0	0
AT5G44930.3	1158	959	5.45686	1.85936
AT5G44930.1	2195	1996	44.9502	7.35885
AT5G44930.2	1626	1427	1.40802	0.322421
AT1G24250.1	906	707	0	0
AT5G44050.1	1892	1693	32	6.17634
AT1G02370.1	1986	1787	34	6.21717
AT1G55720.1	1449	1250	0	0
AT1G55720.2	1347	1148	0	0
AT3G43480.1	486	287	0	0
AT4G01810.2	3316	3117	0	0
AT4G01810.1	3195	2996	166	18.1053
AT4G01810.3	3201	3002	7.2396e-06	7.88029e-07
AT3G24320.2	3471	3272	14.1961	1.41773
AT3G24320.1	3819	3620	43.8039	3.95406
AT2G10975.1	580	381	0	0
AT1G28090.4	1957	1758	0	0
AT1G28090.2	2036	1837	0	0
AT1G28090.5	2021	1822	10.9721	1.96779
AT1G28090.1	1947	1748	45.8853	8.5777
AT1G28090.3	1692	1493	16.1426	3.53307
AT5G09995.3	987	788	19.3595	8.02796
AT5G09995.1	984	785	41.6405	17.3335
AT5G09995.2	958	759	2.06863e-07	8.90594e-08
AT1G04900.1	1734	1535	49	10.431
AT4G26040.1	369	170	0	0
AT3G07460.2	1038	839	168.173	65.4987
AT3G07460.1	1361	1162	109.827	30.8845
AT3G25100.1	2321	2122	39	6.00562
AT3G13510.1	2031	1832	243.295	43.3957
AT4G28250.4	863	664	0	0
AT4G28250.2	1309	1110	260.117	76.5744
AT4G28250.3	1508	1309	31.9575	7.97758
AT4G28250.1	1795	1596	137.926	28.2391
AT1G71290.1	600	401	0	0
AT5G15533.1	117	4.91545	0	0
AT3G03430.1	708	509	0	0
AT5G11970.1	976	777	89.9421	37.8251
AT2G43440.1	1359	1160	1	0.281696
AT4G12580.2	533	334	2	1.95669
AT4G12580.1	506	307	0	0
AT5G09410.2	3472	3273	0.000779217	7.77949e-05
AT5G09410.4	3071	2872	95.022	10.8113
AT5G09410.3	3396	3197	0	0
AT5G09410.1	3291	3092	99.9772	10.5657
AT4G31650.1	1482	1283	4.93039	1.25572
AT4G31650.2	2071	1872	19.0696	3.3287
AT3G25221.1	105	4.43819	0	0
AT4G29430.1	765	566	33	19.0518
AT4G16600.1	1908	1709	4	0.764815
AT4G12543.1	423	224	10.3624	15.1164
AT3G21560.1	1928	1729	445	84.1014
AT4G32370.1	1029	830	0	0
AT1G54570.1	2756	2557	49	6.26187
AT1G33265.1	882	683	60	28.7058
AT4G02160.1	767	568	1	0.575294
AT1G76650.3	713	514	1	0.635734
AT1G76650.1	963	764	0	0
AT1G76650.2	738	539	0	0
AT3G29790.1	435	236	0	0
AT3G61415.1	1586	1387	44	10.3661
AT3G61415.2	1358	1159	0	0
AT2G33110.1	1410	1211	2.48365	0.670169
AT2G33110.2	1556	1357	9.29452	2.23813
AT5G25900.1	1931	1732	131	24.7151
AT1G61410.1	1001	802	2.28194	0.929753
AT5G64813.2	1929	1730	0	0
AT5G64813.3	2002	1803	99	17.9423
AT5G64813.1	2013	1814	4.12943e-07	7.4386e-08
AT1G80490.2	3927	3728	0.0162832	0.00142725
AT1G80490.1	3891	3692	97.2489	8.60719
AT1G80490.3	3787	3588	225.003	20.4915
AT3G09790.1	2226	2027	3	0.483622
AT3G09790.2	2389	2190	0	0
AT4G15090.4	3320	3121	0	0
AT4G15090.2	3182	2983	0	0
AT4G15090.3	3526	3327	22.0173	2.16247
AT4G15090.5	3272	3073	1.01519e-07	1.0795e-08
AT4G15090.1	3111	2912	75.9827	8.52632
AT4G29870.1	669	470	54	37.5435
AT5G35390.1	2376	2177	0	0
AT2G29750.1	2005	1806	54	9.77045
AT3G20640.1	1984	1785	0	0
AT3G20640.4	1979	1780	12.9322	2.37406
AT3G20640.3	2205	2006	17.8286	2.90419
AT3G20640.2	2027	1828	10.2392	1.83032
AT4G18240.1	3395	3196	163	16.6655
AT5G64430.1	2261	2062	100	15.8471
AT4G31960.1	792	593	0	0
AT5G66350.1	2435	2236	0	0
AT5G66350.2	1803	1604	0	0
AT5G66350.3	1497	1298	14	3.52445
AT5G18030.1	839	640	15.3845	7.85492
AT5G52605.1	273	74.0093	0	0
AT5G43500.2	2441	2242	0	0
AT5G43500.3	2574	2375	0	0
AT5G43500.4	2421	2222	6.23023e-05	9.16217e-06
AT5G43500.1	2395	2196	45.9999	6.84484
AT1G10920.4	3355	3156	0	0
AT1G10920.3	3505	3306	0	0
AT1G10920.5	3237	3038	0	0
AT1G10920.2	2798	2599	29	3.64611
AT1G10920.1	2990	2791	0	0
AT5G52610.1	1056	857	0	0
AT5G48320.1	3076	2877	16	1.81727
AT1G33770.1	3187	2988	4.99259	0.545988
AT3G04600.2	1558	1359	0	0
AT3G04600.1	1602	1403	99.8294	23.2509
AT3G04600.3	1549	1350	78.1706	18.9212
AT4G20330.1	1154	955	85	29.084
AT3G49490.1	3132	2933	211	23.5076
AT1G22700.3	1153	954	87.3812	29.9301
AT1G22700.2	1314	1115	41.1932	12.0723
AT1G22700.1	1155	956	120.426	41.1623
AT2G38646.1	246	47.5399	0	0
AT5G21050.1	1068	869	1	0.376027
AT1G20620.4	2885	2686	0	0
AT1G20620.1	1996	1797	923.21	167.877
AT1G20620.7	2552	2353	5.20298	0.722552
AT1G20620.6	2784	2585	9.94699	1.25739
AT1G20620.5	1817	1618	519.64	104.945
AT1G20620.2	2000	1801	0	0
AT5G47660.1	1715	1516	53	11.4239
AT2G29580.1	1815	1616	45.1503	9.12973
AT2G47370.2	1326	1127	2.94017e-08	8.52484e-09
AT2G47370.1	1378	1179	66	18.2923
AT5G22200.1	1002	803	0	0
AT1G07290.1	1901	1702	11	2.11189
AT3G28335.1	381	182	0	0
AT5G26880.1	1082	883	199	73.6429
AT1G06750.1	2179	1980	0	0
AT1G06750.2	1917	1718	0	0
AT1G06750.3	1738	1539	1	0.212324
ATMG00840.1	366	167	0	0
AT5G01180.1	2143	1944	8.37652	1.40801
AT5G01180.3	1927	1728	0	0
AT5G01180.2	1942	1743	6.62348	1.24173
AT4G30064.1	435	236	0	0
AT3G53930.5	2048	1849	28.001	4.94852
AT3G53930.4	3050	2851	0	0
AT3G53930.2	2592	2393	42.4751	5.80003
AT3G53930.3	3107	2908	0	0
AT3G53930.1	2761	2562	0	0
AT2G04390.1	895	696	449.716	211.139
AT2G04860.1	2140	1941	5	0.841749
AT5G46770.1	848	649	0	0
AT2G19300.1	180	11.1077	0	0
AT1G64950.1	2052	1853	207.374	36.5693
AT4G19650.1	2276	2077	0	0
AT4G19650.2	2716	2517	21	2.7263
AT5G17550.1	1205	1006	102	33.1315
AT5G17550.2	1271	1072	0	0
AT4G00590.1	1413	1214	16.9998	4.57576
AT4G00590.2	1425	1226	0.000212049	5.65176e-05
AT4G36630.2	2887	2688	0	0
AT4G36630.1	3429	3230	139	14.0621
AT2G32765.1	825	626	25	13.0498
ATCG00870.1	234	36.8813	0.5	4.42999
AT4G14280.1	2559	2360	1	0.138461
AT3G49260.2	1623	1424	104.207	23.9125
AT3G49260.4	1781	1582	14.9896	3.09615
AT3G49260.1	1888	1689	37.0411	7.16625
AT3G49260.3	1740	1541	66.7623	14.1569
AT5G04030.1	231	34.449	0	0
AT3G10455.1	599	400	0	0
AT1G33780.1	1414	1215	90.0074	24.207
AT3G03530.1	1930	1731	24	4.53057
AT5G52080.1	108	4.54805	0	0
AT2G10557.1	174	9.99669	0	0
AT2G10440.1	2808	2609	0	0
AT2G10440.2	2538	2339	0	0
AT2G33290.2	2490	2291	0.145829	0.0207998
AT2G33290.4	2417	2218	7.23266	1.06555
AT2G33290.3	2428	2229	0.0247053	0.00362174
AT2G33290.1	2479	2280	36.5968	5.24501
AT2G18540.2	2412	2213	0	0
AT2G18540.1	2410	2211	0	0
AT4G04320.1	1949	1750	32.7315	6.11177
AT4G04320.2	1757	1558	71.2685	14.9475
AT3G15540.1	1010	811	27	10.8788
AT1G63140.4	1349	1150	0	0
AT1G63140.2	1296	1097	0	0
AT1G63140.3	1519	1320	1.93265	0.478429
AT1G63140.1	1434	1235	0	0
AT5G15380.1	1973	1774	0	0
AT4G24413.1	261	62.0706	4	21.0578
AT5G65540.1	2049	1850	62	10.9511
AT1G65050.1	1053	854	0	0
AT1G65050.2	856	657	0	0
AT1G10710.1	1413	1214	0	0
AT1G10710.2	1154	955	1	0.342165
AT3G16390.1	1664	1465	0	0
AT3G16390.2	1720	1521	30.5188	6.55658
AT3G23750.1	3562	3363	249	24.1942
AT3G24100.1	629	430	30	22.7977
AT1G71820.1	2986	2787	344	40.3329
AT1G71820.2	2993	2794	0	0
AT4G26030.1	690	491	0	0
AT1G74560.1	1161	962	230	78.1252
AT1G74560.3	1123	924	0	0
AT5G38317.1	384	185	0	0
AT2G02870.1	2460	2261	57.4427	8.30181
AT2G02870.3	2434	2235	0.836597	0.122314
AT2G02870.2	2111	1912	125.721	21.4861
AT3G58920.1	1413	1214	0	0
AT1G11040.1	1669	1470	0	0
AT2G21790.1	3000	2801	342	39.898
AT2G02950.1	2649	2450	42	5.60172
AT3G58370.1	909	710	0	0
AT1G35850.1	915	716	0	0
AT1G35850.2	774	575	0	0
AT5G59550.2	1943	1744	0	0
AT5G59550.1	1674	1475	60	13.2922
AT5G24940.1	1608	1409	0	0
AT3G58450.2	741	542	0	0
AT3G58450.1	754	555	0	0
AT4G14160.3	2691	2492	0	0
AT4G14160.1	2770	2571	40.4944	5.14672
AT4G14160.2	2933	2734	402.506	48.1074
AT4G39950.2	2137	1938	38.5033	6.49206
AT4G39950.1	1986	1787	232.497	42.5139
AT3G16600.1	1917	1718	0	0
AT5G23160.1	1005	806	0	0
AT3G23210.2	1518	1319	0	0
AT3G23210.1	1381	1182	118	32.6214
AT5G18230.3	3260	3061	0	0
AT5G18230.2	2922	2723	227.147	27.2582
AT5G18230.4	2995	2796	1.40023e-07	1.63645e-08
AT5G18230.1	3031	2832	207.853	23.9829
AT1G09100.1	1524	1325	80	19.7293
AT1G68550.2	1840	1641	54.0017	10.7532
AT1G68550.1	1830	1631	79.9983	16.0275
AT4G12040.1	1746	1547	79.9405	16.8855
AT4G12040.2	1276	1077	78.0595	23.6836
AT3G54270.1	1846	1647	15	2.97602
AT5G37150.1	2520	2321	0	0
AT3G21750.1	1961	1762	162	30.0433
AT2G04845.5	914	715	0	0
AT2G04845.3	944	745	0	0
AT2G04845.2	878	679	5.80959	2.79585
AT2G04845.1	849	650	22.1904	11.1555
AT2G04845.4	1009	810	0	0
AT1G17230.1	4342	4143	60	4.73232
AT1G17230.3	4396	4197	2.09777e-05	1.63327e-06
AT1G17230.2	4413	4214	0	0
AT1G30710.1	1876	1677	0	0
AT1G66855.1	464	265	0	0
AT3G51300.1	1111	912	5.06665	1.81537
AT4G10200.1	2305	2106	0	0
AT4G10200.2	2270	2071	0	0
AT1G69180.1	1131	932	0	0
AT4G05320.4	1625	1426	3.68055	0.843396
AT4G05320.8	1147	948	962.736	331.847
AT4G05320.3	1550	1351	2044.17	494.425
AT4G05320.2	2028	1829	0	0
AT4G05320.6	1713	1514	572.577	123.58
AT4G05320.1	1432	1233	1888.1	500.38
AT4G05320.5	1204	1005	0	0
AT4G05320.7	923	724	0	0
AT2G33735.2	704	505	13	8.41183
AT2G33735.1	718	519	0	0
AT2G29440.1	1333	1134	24	6.91571
AT3G07250.1	2282	2083	1	0.156873
AT4G16190.1	2144	1945	480	80.6418
AT2G30480.2	2451	2252	12.6823	1.84021
AT2G30480.13	2641	2442	0	0
AT2G30480.6	3553	3354	0	0
AT2G30480.10	2971	2772	0	0
AT2G30480.1	2479	2280	0	0
AT2G30480.7	3694	3495	0	0
AT2G30480.8	3504	3305	0	0
AT2G30480.9	3322	3123	0	0
AT2G30480.4	2078	1879	0	0
AT2G30480.5	2754	2555	0	0
AT2G30480.12	1995	1796	8.31769	1.51333
AT2G30480.3	3161	2962	0	0
AT2G30480.11	2925	2726	0	0
AT4G37190.2	1887	1688	0	0
AT4G37190.1	2075	1876	47	8.1866
AT2G48000.1	2123	1924	50	8.49187
AT5G47920.1	977	778	12	5.04011
AT2G36026.1	552	353	13	12.0339
AT3G06060.2	1664	1465	26.8807	5.99573
AT3G06060.1	1337	1138	73.1193	20.9956
AT1G79800.1	736	537	1	0.608505
AT4G12820.1	1552	1353	0	0
AT3G01740.1	1697	1498	123	26.8307
AT3G53000.1	1605	1406	37	8.59913
AT5G42810.1	1849	1650	107	21.1904
AT1G37140.2	675	476	0	0
AT1G37140.1	702	503	0	0
AT2G20210.2	2113	1914	0	0
AT2G20210.1	2181	1982	22	3.62708
AT5G04840.2	1667	1468	0	0
AT5G04840.1	1572	1373	31	7.37784
AT1G30160.2	1525	1326	5.99992	1.47856
AT1G30160.1	1538	1339	8.20368e-05	2.00201e-05
AT5G40400.1	2433	2234	26	3.80302
AT5G40400.2	2623	2424	0	0
AT1G80670.1	1612	1413	115	26.5946
AT5G64720.1	529	330	0	0
AT5G06770.4	1757	1558	16.9624	3.55762
AT5G06770.2	2169	1970	3.0362	0.503619
AT5G06770.5	1110	911	0	0
AT5G06770.1	1171	972	26.0014	8.74114
AT5G06770.3	1624	1425	0	0
AT5G06770.6	1078	879	0	0
AT3G59130.1	1323	1124	0	0
AT2G07772.1	540	341	0	0
AT5G54110.2	1918	1719	14.5677	2.7692
AT5G54110.1	1364	1165	129.432	36.304
AT4G18670.1	3333	3134	418.504	43.6354
AT4G15975.1	1371	1172	4	1.11525
AT3G26070.1	1450	1251	439	114.669
AT5G20635.1	1309	1110	7.64171	2.2496
AT5G20635.2	1866	1667	3.35829	0.658296
AT3G16540.1	1683	1484	0	0
AT3G57050.1	1850	1651	245.516	48.5928
AT3G57050.4	1637	1438	41.275	9.37922
AT3G57050.5	1455	1256	29.5024	7.67549
AT3G57050.3	1838	1639	0	0
AT3G57050.2	1805	1606	34.7062	7.06155
AT2G14365.1	383	184	0	0
AT3G50650.1	2105	1906	17	2.9145
AT3G60520.2	614	415	3.02885	2.38489
AT3G60520.1	822	623	17.9712	9.42597
AT3G17300.2	752	553	0	0
AT3G17300.3	784	585	5.91439	3.30364
AT3G17300.1	732	533	34.0856	20.8969
AT2G03710.2	1375	1176	0	0
AT2G03710.1	1341	1142	11	3.14749
AT2G03710.3	1451	1252	0	0
AT1G78070.3	2312	2113	30.3718	4.69688
AT1G78070.2	1735	1536	36.0071	7.66011
AT1G78070.1	2172	1973	184.621	30.5768
AT1G51550.1	2069	1870	17.5587	3.06824
AT2G17710.1	911	712	48	22.0292
AT5G26730.1	981	782	2	0.835722
AT2G32960.1	1355	1156	45	12.7202
AT4G19750.1	1089	890	2	0.734308
AT4G14240.1	2060	1861	67.3709	11.8294
AT4G14240.3	1625	1426	89.0417	20.4038
AT4G14240.2	1895	1696	1.58744	0.305851
AT4G09550.2	1038	839	0	0
AT4G09550.1	574	375	22	19.1703
AT2G46310.1	1557	1358	25	6.0156
AT2G48090.1	725	526	13.0555	8.11044
AT2G48090.2	1266	1067	3.94455	1.20801
AT2G20180.8	1391	1192	0	0
AT2G20180.3	1913	1714	2.37314	0.452429
AT2G20180.2	2088	1889	0	0
AT2G20180.5	1762	1563	0	0
AT2G20180.1	2051	1852	53.6269	9.46193
AT2G20180.7	1866	1667	0	0
AT2G20180.6	1903	1704	0	0
AT2G20180.4	1799	1600	0	0
AT2G38560.1	1772	1573	105	21.8122
AT5G15000.1	297	98.0001	0	0
AT3G21740.1	1589	1390	18	4.23152
AT4G21910.4	4044	3845	0	0
AT4G21910.1	2018	1819	13.3682	2.40148
AT4G21910.3	1832	1633	51.1787	10.241
AT4G21910.2	3965	3766	41.4531	3.59679
AT3G20010.8	3206	3007	0	0
AT3G20010.7	3428	3229	31.8672	3.22489
AT3G20010.2	4351	4152	1.36841e-08	1.07696e-09
AT3G20010.5	3638	3439	2.22567	0.211479
AT3G20010.1	3749	3550	1.12052e-08	1.03141e-09
AT3G20010.3	4277	4078	12.6543	1.01398
AT3G20010.6	3524	3325	4.16717	0.409532
AT3G20010.4	3825	3626	29.0856	2.62113
AT3G43415.1	369	170	0	0
AT3G03190.1	934	735	30.1196	13.3906
AT1G14980.1	1023	824	304.111	120.599
AT1G14980.2	1281	1082	2.88911	0.872519
AT1G73290.3	1709	1510	0	0
AT1G73290.2	1909	1710	0	0
AT1G73290.1	1517	1318	1.02412	0.253905
ATMG00600.1	321	122	0	0
AT5G51000.1	1137	938	0	0
AT4G29860.1	2025	1826	19	3.4001
AT4G00070.1	1140	941	1.15928e-07	4.02567e-08
AT4G00070.2	1127	928	1	0.35212
AT5G24760.1	1817	1618	45.715	9.23249
AT5G24760.3	1520	1321	102.174	25.274
AT5G24760.4	2099	1900	5.11129	0.879054
AT5G24760.2	1851	1652	0	0
AT2G21110.1	649	450	0	0
AT3G51220.1	834	635	9	4.63135
AT5G28450.1	628	429	8.19911	6.24522
AT5G23210.1	1996	1797	57.0476	10.3736
AT5G23210.3	2087	1888	0	0
AT5G23210.5	2088	1889	0	0
AT5G23210.2	1429	1230	37.9524	10.0826
AT5G23210.4	1410	1211	0	0
AT5G10336.1	220	26.5685	0	0
AT5G19610.1	4268	4069	0	0
AT3G57030.1	1839	1640	164	32.6767
AT1G79500.2	1398	1199	23.7445	6.47117
AT1G79500.3	1672	1473	32.2555	7.15548
AT1G79500.1	1496	1297	0	0
AT1G79500.4	1581	1382	0	0
AT1G72040.1	2159	1960	293	48.8484
AT1G07830.1	1113	914	73	26.0985
AT1G05630.2	3875	3676	100.372	8.92225
AT1G05630.3	3825	3626	37.5769	3.38635
AT1G05630.1	3982	3783	0	0
AT1G39070.1	3126	2927	0	0
AT5G59070.1	1746	1547	0	0
AT3G05090.1	2975	2776	133.122	15.67
AT3G05090.3	2546	2347	0	0
AT3G05090.2	3025	2826	62.8775	7.27046
AT3G44935.1	333	134	0	0
AT3G49920.4	591	392	0	0
AT3G49920.1	681	482	0	0
AT3G49920.3	1276	1077	12	3.64086
AT3G49920.2	1321	1122	0	0
AT3G53780.2	1754	1555	15.55	3.26767
AT3G53780.1	1654	1455	58.45	13.1268
AT3G53780.3	1922	1723	0	0
AT5G09690.2	1585	1386	3.68617	0.869061
AT5G09690.11	1762	1563	0	0
AT5G09690.8	1778	1579	0	0
AT5G09690.6	1915	1716	0	0
AT5G09690.13	1563	1364	0	0
AT5G09690.5	1986	1787	0	0
AT5G09690.10	1899	1700	0	0
AT5G09690.3	1558	1359	0	0
AT5G09690.12	1673	1474	0	0
AT5G09690.9	1684	1485	0	0
AT5G09690.4	1209	1010	9.4825	3.06789
AT5G09690.1	1760	1561	0	0
AT5G09690.7	1849	1650	0	0
AT5G09690.14	1126	927	1.83133	0.645542
AT1G11572.1	619	420	1	0.778017
AT5G66607.1	326	127	0.386947	0.995603
AT4G08310.1	1944	1745	112	20.973
AT3G28310.1	312	113	0	0
AT4G05200.2	2103	1904	12.3897	2.12635
AT4G05200.1	2108	1909	0.610251	0.104458
AT3G18600.1	2089	1890	224	38.728
AT1G78910.1	1639	1440	0	0
AT1G78910.2	1553	1354	10	2.41335
AT1G63340.1	1275	1076	0	0
AT1G25310.1	438	239	0	0
AT2G20340.1	1909	1710	45	8.59913
AT2G20340.2	1743	1544	0	0
AT5G49390.2	1327	1128	0	0
AT5G49390.1	3080	2881	16	1.81474
AT1G67455.2	919	720	0	0
AT1G67455.1	651	452	0	0
AT3G54040.1	1010	811	191.065	76.9836
AT3G54040.2	1180	981	51.9353	17.2994
AT4G17260.1	1453	1254	57	14.8531
AT1G08830.1	873	674	1429	692.803
AT1G08830.2	806	607	0.00230146	0.00123895
AT4G23530.1	1937	1738	45.5177	8.55794
AT5G23460.1	966	767	25	10.6508
AT1G14688.1	641	442	0	0
AT4G37400.1	1855	1656	30	5.91969
AT3G47100.1	537	338	0	0
AT1G23520.2	1089	890	0	0
AT1G23520.1	1103	904	0	0
AT1G23520.4	1085	886	0	0
AT1G23520.3	1184	985	0	0
AT5G60250.1	3246	3047	11	1.17966
AT2G01250.1	1200	1001	1764.39	575.968
AT2G01250.2	1002	803	224.611	91.4017
AT1G52710.2	1008	809	9.86585	3.98496
AT1G52710.1	680	481	16.1341	10.9607
AT4G20680.1	1149	950	0	0
AT1G55330.1	427	228	288	412.758
AT1G03860.2	1355	1156	0	0
AT1G03860.3	1400	1201	0	0
AT1G03860.1	1398	1199	269	73.3114
AT4G11090.1	1673	1474	40	8.86749
AT3G06050.2	1204	1005	7.91443	2.57331
AT3G06050.1	1015	816	226.086	90.5359
AT5G42530.1	598	399	121	99.0948
AT2G38770.1	4948	4749	260	17.89
AT3G02570.1	1540	1341	353	86.017
AT4G01600.3	698	499	3.67626	2.40738
AT4G01600.1	1121	922	3.79646	1.34551
AT4G01600.2	704	505	3.52729	2.28238
AT1G13410.1	2177	1978	9	1.48681
AT1G53935.1	760	561	0	0
AT5G65890.2	1793	1594	0	0
AT5G65890.3	1996	1797	0	0
AT5G65890.5	1426	1227	11.1228	2.96216
AT5G65890.4	1597	1398	10.4859	2.45096
AT5G65890.1	1827	1628	35.3913	7.10363
AT1G75830.1	435	236	0	0
AT5G22880.1	847	648	358	180.529
AT5G07900.1	1383	1184	46	12.6953
AT4G27130.1	960	761	157	67.4145
AT3G46290.1	3260	3061	206	21.9909
AT1G11710.1	2646	2447	28.079	3.74962
AT1G11710.2	2559	2360	2.92095	0.404437
AT2G30520.1	2148	1949	885.779	148.509
AT2G30520.3	2181	1982	412.91	68.0755
AT2G30520.2	2180	1981	142.311	23.4743
AT2G33685.1	60	3.2891	0	0
AT2G24040.2	685	486	0	0
AT2G24040.1	1039	840	24	9.3362
AT3G10090.1	538	339	86	82.8967
AT1G66210.1	2677	2478	0	0
AT2G19290.1	228	32.1317	0	0
AT2G23940.3	705	506	0	0
AT2G23940.1	1088	889	59	21.6865
AT2G23940.2	745	546	0	0
AT2G44640.1	1732	1533	140	29.8417
AT1G73600.2	1759	1560	1033.1	216.399
AT1G73600.1	1844	1645	29.9034	5.9401
AT1G21120.1	1407	1208	0	0
AT1G21120.2	1413	1214	29.5208	7.94599
AT2G04865.1	2657	2458	102	13.5599
AT2G04865.2	2936	2737	0	0
AT1G80970.1	1122	923	0	0
AT1G80970.2	1027	828	0	0
AT1G80970.4	1015	816	6	2.4027
AT1G80970.3	1318	1119	0	0
AT5G24230.2	1368	1169	0	0
AT5G24230.3	1436	1237	0	0
AT5G24230.1	1408	1209	35	9.45976
AT1G35170.3	1342	1143	0	0
AT1G35170.1	983	784	3.17921	1.32508
AT1G35170.4	1202	1003	0	0
AT1G35170.2	1561	1362	0	0
AT2G17000.2	2933	2734	0	0
AT2G17000.1	2550	2351	0	0
AT1G10280.1	1927	1728	39	7.37495
AT5G44920.2	1108	909	0	0
AT5G44920.1	1154	955	32.1849	11.0125
AT2G23460.1	3078	2879	214	24.289
AT2G31530.1	2101	1902	81	13.9159
AT3G14467.1	195	14.9308	0	0
AT5G64080.2	1010	811	0	0
AT5G64080.1	1022	823	71	28.1901
AT1G48590.1	917	718	0	0
AT1G48590.3	709	510	0	0
AT1G48590.2	805	606	0	0
AT1G48590.4	760	561	0	0
AT2G45700.1	2610	2411	79.5808	10.7857
AT2G45700.2	2555	2356	24.4192	3.38684
AT5G34885.1	711	512	0	0
AT2G06020.1	906	707	0	0
AT2G36660.1	1985	1786	6	1.09776
AT2G25470.1	2882	2683	0	0
AT2G25470.2	2880	2681	0	0
AT2G25470.3	3131	2932	10	1.11449
AT4G26370.3	1596	1397	0	0
AT4G26370.2	1527	1328	0	0
AT4G26370.1	1431	1232	117	31.0323
AT1G29120.3	2088	1889	0	0
AT1G29120.2	1932	1733	1.48583	0.280162
AT1G29120.4	1831	1632	15.0005	3.00348
AT1G29120.8	2008	1809	0.00241815	0.000436801
AT1G29120.1	2016	1817	63.9329	11.4976
AT1G29120.5	1959	1760	0	0
AT1G29120.6	2183	1984	12.5624	2.06904
AT1G29120.7	2085	1886	64.0159	11.0914
AT5G16330.1	729	530	0	0
AT4G09590.1	636	437	1	0.747751
AT3G61175.1	234	36.8813	0	0
AT1G19790.1	1680	1481	0	0
AT1G19790.2	1800	1601	6	1.22461
AT2G05260.1	1395	1196	33	9.01615
AT2G05260.2	1288	1089	0	0
AT2G36724.1	414	215	0	0
AT3G56891.2	479	280	0	0
AT3G56891.1	676	477	1	0.685046
AT2G41110.2	837	638	0	0
AT2G41110.1	885	686	290	138.138
AT1G76400.2	1721	1522	0	0
AT1G76400.1	2042	1843	220	39.0064
AT2G02890.1	1596	1397	0	0
AT4G19100.1	839	640	50.7489	25.911
AT4G19100.2	612	413	6.2511	4.94589
AT5G54560.1	1583	1384	0	0
AT3G24650.1	3109	2910	0	0
AT1G48700.2	1304	1105	0	0
AT1G48700.6	768	569	0	0
AT1G48700.4	979	780	0	0
AT1G48700.3	1045	846	0	0
AT1G48700.1	1174	975	0	0
AT1G48700.5	1313	1114	0	0
AT1G19400.4	1736	1537	4.90246	1.04227
AT1G19400.2	1538	1339	89.8954	21.9379
AT1G19400.3	1621	1422	0	0
AT1G19400.1	1919	1720	63.2021	12.0072
AT5G57770.2	1041	842	0	0
AT5G57770.1	1489	1290	19.2292	4.87092
AT4G24910.1	1480	1281	2	0.510175
AT5G40160.2	1041	842	19.8413	7.70011
AT5G40160.1	1583	1384	79.1587	18.6896
AT5G20447.1	99	4.23477	0	0
AT2G38630.1	2158	1959	1.87101e-05	3.12091e-06
AT2G38630.3	1979	1780	10.7302	1.96982
AT2G38630.2	2024	1825	43.2698	7.74747
AT5G19450.1	2177	1978	0	0
AT5G19450.2	2215	2016	217	35.1728
AT4G21580.1	1414	1215	101.78	27.373
AT4G21580.3	1304	1105	0.000648084	0.000191649
AT4G21580.2	1223	1024	43.2198	13.7918
AT1G08560.1	1386	1187	184.6	50.8183
AT4G23870.1	1006	807	12	4.85899
AT5G02120.1	526	327	413	412.706
AT4G27280.1	1207	1008	54	17.5054
AT5G51915.1	174	9.99669	0	0
AT2G29800.1	1565	1366	0	0
AT3G17340.2	3499	3300	47	4.65396
AT3G17340.1	3739	3540	118	10.8922
AT5G50400.1	2335	2136	32.1203	4.91379
AT5G50400.2	2202	2003	55.8797	9.11615
AT4G13410.3	2175	1976	0	0
AT4G13410.1	2034	1835	86	15.3144
AT4G13410.2	2373	2174	0	0
AT2G01610.1	1108	909	9	3.23532
AT3G43910.1	588	389	0	0
AT4G02570.3	2653	2454	168.675	22.4603
AT4G02570.1	2812	2613	213.982	26.7593
AT4G02570.2	2718	2519	326.98	42.4161
AT4G02570.4	2793	2594	32.3633	4.07682
AT5G02360.1	1029	830	8.19161	3.225
AT4G23010.1	1576	1377	168.712	40.0361
AT4G23010.2	1547	1348	0	0
AT4G23010.3	1685	1486	8.14441	1.79093
AT3G44326.1	1285	1086	3	0.902672
AT1G63960.1	306	107	0	0
AT1G63960.2	622	423	0	0
AT5G56060.1	590	391	0	0
AT2G30890.1	1083	884	25.4748	9.41665
AT1G29395.1	1021	822	38.9744	15.4934
AT5G61940.4	3654	3455	3.7373	0.353466
AT5G61940.1	3333	3134	0	0
AT5G61940.2	3825	3626	0	0
AT5G61940.3	3662	3463	0.262701	0.0247883
AT4G37680.2	1801	1602	1.52877e-05	3.11831e-06
AT4G37680.4	2018	1819	15.6045	2.80321
AT4G37680.5	1860	1661	0	0
AT4G37680.1	1632	1433	196.363	44.7766
AT4G37680.3	2039	1840	0	0
AT3G15200.1	1572	1373	3	0.713985
AT5G43690.1	1374	1175	13	3.6153
AT3G01415.1	705	506	0	0
AT4G22220.1	1021	822	383	152.253
AT1G11560.1	1193	994	0	0
AT5G20090.4	959	760	0	0
AT5G20090.1	908	709	89.6206	41.3047
AT5G20090.3	696	497	18.8066	12.365
AT5G20090.2	687	488	120.573	80.7361
AT3G54440.3	3613	3414	4.44671e-05	4.25612e-06
AT3G54440.1	3790	3591	96.5322	8.78406
AT3G54440.2	3604	3405	134.468	12.9044
AT1G26798.1	551	352	0	0
AT3G04710.2	1689	1490	85.5419	18.7599
AT3G04710.1	1800	1601	0	0
AT3G04710.3	2499	2300	19.4581	2.76447
AT5G53140.2	2324	2125	0	0
AT5G53140.1	2171	1972	769	127.426
AT4G32915.1	809	610	118	63.2107
AT4G25225.2	537	338	3	2.9003
AT4G25225.1	451	252	0	0
AT4G19370.1	1152	953	10	3.42883
AT2G10970.1	844	645	0	0
AT5G51160.1	1696	1497	13	2.83766
AT1G47990.1	1230	1031	3	0.950826
AT3G56960.1	3434	3235	0	0
AT3G56960.2	3804	3605	20.8501	1.88991
AT2G27270.1	845	646	0	0
AT1G03530.1	2921	2722	125	15.0058
AT3G02680.1	1928	1729	17	3.21286
AT1G09270.3	2094	1895	44.365	7.65015
AT1G09270.1	2181	1982	207.026	34.1318
AT1G09270.2	2100	1901	63.6091	10.9339
AT1G17420.1	3086	2887	29	3.28239
AT5G65140.1	1837	1638	62.6971	12.5075
AT5G65140.3	1988	1789	8.80192	1.6077
AT5G65140.2	1206	1007	2.50099	0.81156
AT4G32990.1	1178	979	4	1.33511
AT4G32990.2	1486	1287	0	0
AT3G06085.1	234	36.8813	0	0
AT1G16445.1	1003	804	14	5.68997
AT1G53400.1	925	726	61	27.4556
AT3G50930.1	2656	2457	30	3.98983
AT5G49600.1	544	345	0	0
AT3G17940.1	1449	1250	136	35.5523
AT4G11730.1	2442	2243	0	0
AT3G07890.3	2246	2047	0	0
AT3G07890.2	2178	1979	0	0
AT3G07890.5	2090	1891	0	0
AT3G07890.4	1943	1744	94.2	17.6499
AT3G07890.1	2023	1824	22.8	4.08459
AT5G07660.1	3457	3258	14	1.40416
AT2G43180.3	1705	1506	24.6766	5.35425
AT2G43180.4	1760	1561	0	0
AT2G43180.1	1717	1518	11.3234	2.43749
AT2G43180.2	1715	1516	0	0
AT3G02020.1	5106	4907	381	25.3716
AT5G17380.1	2072	1873	383	66.8189
AT5G28300.1	2552	2353	175	24.3027
AT1G69880.1	797	598	15	8.1965
AT5G55370.1	1065	866	0	0
AT1G04250.1	1317	1118	281	82.1302
AT5G53130.1	2653	2454	186	24.7672
AT5G17080.1	897	698	0	0
AT1G08210.4	1716	1517	4.76466	1.02632
AT1G08210.1	1713	1514	46.2353	9.97899
AT1G08210.3	1751	1552	0	0
AT1G08210.2	1756	1557	0	0
AT1G20683.1	210	20.9285	0	0
AT5G05000.3	1684	1485	6.92545	1.52391
AT5G05000.2	1142	943	63.3257	21.9435
AT5G05000.1	1346	1147	75.7488	21.58
AT4G22430.1	1381	1182	0	0
AT4G09500.1	1616	1417	0	0
AT4G09500.2	1739	1540	61	12.9434
AT2G33180.1	1117	918	112	39.867
AT5G38090.1	441	242	0	0
AT1G75350.1	849	650	804	404.186
AT3G26760.1	1359	1160	15	4.22544
AT2G28990.1	3087	2888	16	1.81034
AT2G28990.2	3237	3038	0	0
AT2G47060.5	1520	1321	17.7633	4.39398
AT2G47060.3	1385	1186	22.0864	6.08526
AT2G47060.6	1772	1573	15.14	3.1451
AT2G47060.4	1500	1301	9.23425	2.31933
AT2G47060.1	1675	1476	0	0
AT2G47060.2	1454	1255	82.7761	21.5526
AT2G29450.1	1270	1071	495	151.027
AT2G23610.2	1017	818	70.6444	28.2204
AT2G23610.1	1602	1403	62.3556	14.523
AT5G40380.1	2694	2495	43.3674	5.67977
AT5G40380.2	2569	2370	67.6326	9.32494
AT5G40380.3	1820	1621	0	0
AT3G05240.1	1698	1499	0	0
AT3G28730.1	2238	2039	222	35.5774
AT5G02065.1	2181	1982	15	2.47301
AT3G59410.3	5311	5112	131.378	8.39792
AT3G59410.5	3907	3708	0	0
AT3G59410.1	4322	4123	0	0
AT3G59410.4	4410	4211	0	0
AT3G59410.2	4300	4101	0	0
AT4G39840.1	2049	1850	333	58.8181
AT5G22080.2	1246	1047	19.9272	6.21925
AT5G22080.1	1203	1004	70.0728	22.8063
AT1G10586.1	771	572	0	0
AT1G10586.2	628	429	0	0
AT4G23120.1	1083	884	0	0
AT1G64630.1	2201	2002	78	12.7312
AT5G55780.1	2190	1991	3	0.492366
AT2G35605.1	699	500	64	41.8262
AT2G27090.1	2726	2527	113	14.6121
AT2G27090.2	2749	2550	0	0
AT5G43830.1	1213	1014	368	118.59
AT5G01270.1	3110	2911	118.149	13.2625
AT5G01270.2	2790	2591	2.85081	0.359533
AT1G31370.1	582	383	0	0
AT5G15660.1	1317	1118	1	0.292278
AT3G54770.1	1166	967	22.3353	7.54751
AT3G54770.2	897	698	9.91484	4.64161
AT3G54770.3	1823	1624	4.74987	0.955728
AT4G10190.1	1104	905	0	0
AT4G19860.1	1961	1762	149	27.6324
AT1G61620.1	1345	1146	115	32.7908
AT3G16850.1	1883	1684	351	68.1088
AT5G50480.1	914	715	0	0
AT1G31710.1	2452	2253	133	19.2898
AT3G45810.1	3119	2920	0	0
AT2G41680.1	1815	1616	814	164.597
AT1G24120.1	1846	1647	99	19.6417
AT1G23950.3	1333	1134	17.4416	5.02588
AT1G23950.2	1365	1166	47.9707	13.4436
AT1G23950.5	1274	1075	0	0
AT1G23950.4	1242	1043	0	0
AT1G23950.1	1454	1255	0	0
AT2G20860.1	1679	1480	16.6292	3.67154
AT2G20860.3	1748	1549	0	0
AT2G20860.2	1590	1391	387.371	90.9993
AT5G02420.1	820	621	9	4.73576
AT2G43310.1	788	589	3	1.66435
AT1G22300.3	1606	1407	10.5376	2.44729
AT1G22300.1	1444	1245	333.18	87.4476
AT1G22300.2	1185	986	440.283	145.913
AT4G35655.1	667	468	0	0
AT5G06000.1	1099	900	31	11.2553
AT3G24760.1	1777	1578	24	4.96984
AT3G24760.2	1788	1589	0	0
AT1G79080.1	2114	1915	63	10.75
AT1G12730.1	1949	1750	0	0
AT1G12730.2	1789	1590	13	2.67168
AT2G41850.1	1748	1549	1	0.210954
AT3G02673.1	304	105	0.419889	1.30672
AT4G07400.1	1846	1647	20	3.96803
AT5G64040.1	1018	819	1593.05	635.602
AT5G64040.2	854	655	2099.95	1047.62
AT2G22010.2	5143	4944	7.3091	0.483085
AT2G22010.1	4631	4432	188.691	13.912
AT1G47580.1	888	689	48	22.7646
AT3G02960.1	741	542	0	0
AT4G35200.1	903	704	2	0.928316
AT1G64235.1	662	463	0	0
AT4G00360.1	2215	2016	1029	166.787
AT5G23780.1	1511	1312	6	1.49436
AT5G23780.2	1946	1747	0	0
AT3G51110.1	2244	2045	46	7.35026
AT1G47940.1	843	644	0	0
AT1G11370.1	1237	1038	0	0
AT1G66480.1	1182	983	21	6.98078
AT2G38790.1	1076	877	0	0
AT1G77690.1	2329	2130	163	25.0061
AT1G69340.2	2288	2089	0	0
AT1G69340.1	2149	1950	177	29.6604
AT1G51840.1	1061	862	0	0
AT1G51840.3	1272	1073	0	0
AT1G51840.4	971	772	9.27886e-08	3.92749e-08
AT1G51840.5	959	760	6	2.57974
AT1G51840.2	1364	1165	0	0
AT1G04660.1	1406	1207	1	0.270727
AT2G20650.1	2264	2065	34.6333	5.48039
AT2G20650.2	2469	2270	3.70098	0.532756
AT4G09150.2	3732	3533	144.849	13.3971
AT4G09150.1	3792	3593	85.1513	7.74413
AT1G04450.1	1057	858	0	0
AT2G22450.1	2095	1896	19	3.27457
AT5G54470.1	1152	953	41	14.0582
AT4G23730.2	2376	2177	15.6076	2.3427
AT4G23730.3	1716	1517	59.1891	12.7495
AT4G23730.1	2121	1922	5.2033	0.884634
AT1G29680.1	854	655	0	0
AT4G14950.3	1974	1775	59.3083	10.9183
AT4G14950.2	1935	1736	0	0
AT4G14950.1	2107	1908	28.6917	4.91379
AT5G47910.1	3603	3404	381	36.5741
AT1G79160.1	1273	1074	82	24.9487
AT1G02390.1	2074	1875	16	2.78841
AT5G48790.1	1190	991	220.721	72.7792
AT5G48790.3	873	674	2.69491	1.30654
AT5G48790.2	1324	1125	17.5845	5.10759
AT5G20830.1	3490	3291	0	0
AT5G20830.2	3082	2883	28.83	3.26767
AT5G20830.3	2882	2683	221.17	26.9367
AT5G04960.1	2151	1952	48	8.03526
AT1G62320.5	2337	2138	0	0
AT1G62320.2	3134	2935	0	0
AT1G62320.3	3067	2868	12	1.36723
AT1G62320.1	2664	2465	0	0
AT1G62320.4	2403	2204	0	0
AT2G25870.1	2222	2023	348	56.2111
AT3G44840.1	1128	929	0	0
AT3G30820.1	1218	1019	0	0
AT4G20935.1	261	62.0706	1	5.26444
AT4G20250.1	284	85.0011	0	0
AT5G50460.1	909	710	190	87.4447
AT3G07320.1	1963	1764	170	31.4912
AT3G19184.2	1103	904	1	0.361468
AT3G19184.1	1285	1086	0	0
AT1G13960.2	1753	1554	1.56427e-06	3.28927e-07
AT1G13960.1	2261	2062	86	13.6285
AT5G62573.1	231	34.449	0	0
AT1G21900.1	1146	947	97	33.4703
AT4G36290.1	2366	2167	63.5062	9.57625
AT4G37100.1	2975	2776	100	11.7711
AT4G30750.1	1337	1138	89	25.5556
AT1G65295.1	1348	1149	127	36.1179
AT2G31140.1	1009	810	77	31.063
AT2G43110.1	1166	967	127.694	43.1502
AT2G43110.2	1353	1154	8.30594	2.35191
AT5G01570.4	978	779	0	0
AT5G01570.2	878	679	3.77222	1.81537
AT5G01570.5	841	642	0	0
AT5G01570.1	698	499	1.22778	0.804003
AT5G01570.3	1000	801	0	0
AT3G61110.1	723	524	664	414.071
AT2G22260.7	1795	1596	0	0
AT2G22260.3	1752	1553	0	0
AT2G22260.8	1685	1486	0	0
AT2G22260.6	1552	1353	6.99953	1.69048
AT2G22260.1	1670	1471	0	0
AT2G22260.5	1594	1395	0	0
AT2G22260.9	1365	1166	0.000466826	0.000130826
AT2G22260.2	1825	1626	0	0
AT2G22260.4	1715	1516	0	0
AT4G34170.1	882	683	0	0
AT5G65925.1	810	611	16	8.55691
AT1G50370.1	1678	1479	200.836	44.3723
AT3G31402.1	1182	983	0	0
AT3G31402.2	936	737	0	0
AT4G11670.2	3717	3518	0	0
AT4G11670.4	3568	3369	69.9368	6.78333
AT4G11670.1	3513	3314	0	0
AT4G11670.3	3681	3482	0	0
AT4G03540.1	854	655	6	2.99329
AT4G09310.1	1539	1340	63.4736	15.4784
AT1G23390.1	1952	1753	138	25.7238
AT1G04400.2	2422	2223	149.397	21.9605
AT1G04400.1	2661	2462	20.6025	2.73445
AT3G29330.2	784	585	14	7.82007
AT3G29330.1	664	465	9.58299e-07	6.7342e-07
AT5G22150.1	1100	901	0	0
AT5G22150.2	957	758	0	0
AT2G07637.1	475	276	0	0
AT5G48690.1	1309	1110	4	1.17754
AT5G48690.2	1313	1114	0	0
AT5G48690.3	1380	1181	0	0
AT3G06700.3	423	224	414.496	604.66
AT3G06700.2	458	259	66.1171	83.4166
AT3G06700.1	750	551	367.227	217.782
AT3G17070.1	1424	1225	34.4354	9.18559
AT3G17070.2	1649	1450	5.56464	1.25403
AT1G20810.1	1033	834	145.791	57.1218
AT1G20810.2	1064	865	8.20941	3.10123
AT5G05635.1	255	56.1701	1.4903	8.66979
AT2G41130.1	1562	1363	34	8.1512
AT2G16676.1	1878	1679	0	0
AT5G13940.2	2173	1974	0	0
AT5G13940.1	2598	2399	1	0.13621
AT1G75440.1	892	693	23.6074	11.1315
AT2G20616.1	636	437	0	0
AT3G52890.3	3244	3045	0.000472507	5.0706e-05
AT3G52890.1	3207	3008	35.6342	3.87104
AT3G52890.4	3929	3730	10.4509	0.915551
AT3G52890.2	3329	3130	124.914	13.0409
AT1G23490.1	1227	1028	691.558	219.823
AT5G59150.1	1180	981	61.9775	20.6445
AT5G59150.2	1892	1693	19.0225	3.67154
AT5G19750.1	1232	1033	188	59.4697
AT5G65830.1	1584	1385	31	7.31392
AT2G34680.1	5829	5630	452	26.2342
AT2G34680.2	6027	5828	0	0
AT2G39330.3	1757	1558	2.0092	0.421399
AT2G39330.1	1928	1729	0	0
AT2G39330.2	1958	1759	0	0
AT3G12290.1	1221	1022	279	89.2055
AT1G17700.1	880	681	11	5.27818
AT5G11900.1	1168	969	119	40.1293
AT2G13500.1	1017	818	0	0
AT3G58415.2	776	577	0	0
AT3G58415.1	791	592	0	0
AT3G19700.1	3460	3261	5.13531	0.514582
AT3G60510.3	1573	1374	14.3559	3.41415
AT3G60510.1	1807	1608	0	0
AT3G60510.2	1691	1492	12.6441	2.76921
AT2G46530.2	2413	2214	20.5031	3.02609
AT2G46530.3	2171	1972	10.8348	1.79536
AT2G46530.1	2624	2425	9.66206	1.30196
AT3G46630.1	1298	1099	126	37.4637
AT2G30780.1	2369	2170	67.4611	10.1586
AT2G30780.2	2176	1977	23.5389	3.8906
AT3G62610.1	1374	1175	8	2.2248
AT5G49840.3	2844	2645	12.8145	1.58312
AT5G49840.2	2927	2728	0	0
AT5G49840.1	2144	1945	40.4388	6.79387
AT5G49840.4	1495	1296	2.74671	0.692541
AT1G02990.2	4499	4300	0.74662	0.0567374
AT1G02990.1	4426	4227	0	0
AT1G02990.4	4602	4403	39.2538	2.91321
AT1G02990.6	4387	4188	6.21222	0.484706
AT1G02990.5	4752	4553	0	0
AT1G02990.3	4379	4180	55.7873	4.36112
AT1G18040.1	1662	1463	41	9.15752
AT3G01230.1	781	582	0	0
AT3G49930.1	1081	882	6	2.22291
AT3G60670.1	1175	976	2	0.669605
AT2G11035.1	882	683	4	1.91372
AT1G48670.1	1697	1498	0	0
AT1G48670.2	1967	1768	10	1.84823
AT5G38830.1	1980	1781	276	50.6388
AT1G11740.1	2224	2025	13	2.09776
AT4G39690.1	2578	2379	223	30.6301
AT4G14096.1	1890	1691	38.9075	7.51844
AT4G14096.2	1902	1703	0.0116006	0.00222588
AT5G22555.1	595	396	9	7.42653
AT1G10640.1	2123	1924	118	20.0408
AT2G37840.1	2716	2517	70.1157	9.10271
AT2G37840.3	2193	1994	9.31778	1.52695
AT2G37840.2	3088	2889	24.0904	2.7248
AT2G41740.1	3664	3465	542	51.1134
AT2G41740.2	3894	3695	0	0
AT5G46580.1	2202	2003	278	45.3526
AT3G49210.2	2013	1814	53	9.54722
AT3G49210.1	2092	1893	0	0
AT3G21865.1	1443	1244	193	50.6962
AT1G66110.1	1154	955	0	0
AT2G34555.1	1297	1098	0	0
AT3G18775.1	294	95.0001	0	0
AT3G56290.1	1061	862	897	340.035
AT2G36690.1	1396	1197	40.478	11.05
AT2G36690.2	1189	990	1.52198	0.502358
AT2G45680.1	1648	1449	128	28.8656
AT5G15160.1	788	589	12	6.65739
AT5G06090.1	1877	1678	9	1.75262
AT1G76020.2	1174	975	4.13235	1.38494
AT1G76020.1	1028	829	36.8677	14.5321
AT1G76020.3	875	676	0	0
AT3G51580.2	1963	1764	84	15.5603
AT3G51580.1	1988	1789	8.09057e-06	1.47777e-06
AT3G07810.1	2740	2541	75.8845	9.75859
AT3G07810.2	2451	2252	182.115	26.4251
AT4G23400.1	1328	1129	522	151.083
AT5G54190.2	1610	1411	0	0
AT5G54190.1	1578	1379	4	0.947838
AT1G17620.1	1468	1269	178	45.8349
AT1G48745.1	890	691	30	14.1867
AT4G24590.5	1404	1205	0	0
AT4G24590.3	1266	1067	3.62256	1.1094
AT4G24590.2	1445	1246	5.05216	1.32494
AT4G24590.1	1205	1006	18.327	5.95294
AT4G24590.4	1210	1011	22.9983	7.43332
AT3G07630.1	1570	1371	118.98	28.3579
AT3G07630.2	1508	1309	0.0203054	0.00506887
AT3G07630.3	1636	1437	0	0
AT2G03505.2	1044	845	0	0
AT2G03505.1	1250	1051	0	0
AT2G03505.3	1267	1068	2.99107	0.915152
AT2G03505.4	988	789	10.011	4.1461
AT1G33430.1	1379	1180	0	0
AT1G33430.2	1541	1342	0	0
AT1G33430.3	927	728	2	0.897712
AT3G44190.2	1690	1491	0	0
AT3G44190.1	1620	1421	209	48.0608
AT5G46085.1	149	6.9214	0	0
AT4G20900.2	1305	1106	0	0
AT4G20900.1	1353	1154	0	0
AT3G45260.1	2021	1822	69	12.3748
AT3G45260.2	1987	1788	0	0
AT5G11520.1	1794	1595	298	61.0512
AT3G11100.1	1633	1434	53	12.0772
AT5G51545.1	915	716	104	47.4634
AT1G36922.2	626	427	0	0
AT1G36922.1	594	395	0	0
AT3G47980.1	1391	1192	47	12.8843
AT5G01881.1	429	230	10.617	15.0839
AT4G22550.1	1073	874	25	9.34689
AT5G48870.1	520	321	86	87.5451
AT2G31830.1	3992	3793	0	0
AT2G31830.3	3728	3529	0	0
AT2G31830.2	3655	3456	7.05138	0.666713
AT2G05655.2	257	58.1281	0	0
AT2G05655.1	383	184	1	1.77591
AT3G09162.2	907	708	16	7.38457
AT3G09162.1	923	724	0	0
AT1G67180.3	2094	1895	0	0
AT1G67180.1	1637	1438	9	2.04513
AT1G67180.4	1974	1775	0	0
AT1G67180.7	1972	1773	0	0
AT1G67180.2	1911	1712	0	0
AT1G67180.5	1730	1531	0	0
AT1G67180.6	1721	1522	0	0
AT1G53050.1	2997	2798	192.964	22.5355
AT1G53050.2	2823	2624	28.0359	3.49131
AT4G26420.1	1312	1113	0	0
AT4G26420.3	894	695	0	0
AT4G26420.2	1189	990	0	0
AT5G27020.1	781	582	2	1.12291
AT5G18290.1	1195	996	9.5311	3.12696
AT5G18290.2	986	787	16.4689	6.83799
AT5G40320.1	1849	1650	2	0.396081
AT4G19850.2	707	508	0	0
AT4G19850.1	810	611	0	0
AT4G19850.3	726	527	0	0
AT2G14810.1	201	17.0167	0	0
AT3G20330.2	2083	1884	7.13457	1.23744
AT3G20330.1	1858	1659	169.865	33.4578
AT2G13126.1	183	11.741	0	0
AT1G15530.1	1971	1772	18	3.3193
AT5G27930.2	1918	1719	33.4486	6.35829
AT5G27930.1	2059	1860	0	0
AT5G27930.3	2857	2658	2.55139	0.313661
AT4G39400.1	4375	4176	607	47.497
AT4G08780.1	1177	978	28.788	9.61857
AT1G78280.1	3355	3156	86	8.9043
AT3G07660.1	3400	3201	310	31.6457
AT4G30530.1	1215	1016	486	156.308
AT2G34830.1	1367	1168	4.18351	1.1704
AT2G34830.2	1852	1653	6.81649	1.34749
AT2G01750.1	3159	2960	34.3387	3.7908
AT2G01750.2	2339	2140	14.174	2.1643
AT5G55710.1	1013	814	149	59.8136
AT1G41920.1	1491	1292	0	0
AT1G07570.3	1796	1597	0	0
AT1G07570.4	1801	1602	0	0
AT1G07570.2	1800	1601	93.4532	19.074
AT1G07570.5	1702	1503	19.39	4.21559
AT1G07570.1	1771	1572	43.1567	8.97087
AT4G25400.1	1020	821	9	3.5821
AT4G25400.2	1009	810	0	0
AT5G23240.1	1713	1514	0	0
AT2G34900.2	1508	1309	24.8842	6.21187
AT2G34900.1	1603	1404	59.1158	13.7586
AT1G04530.1	1524	1325	333	82.1234
AT1G70670.1	1083	884	61	22.5484
AT5G56240.3	3833	3634	41.5788	3.73874
AT5G56240.2	3674	3475	0	0
AT5G56240.1	3520	3321	132.606	13.0477
AT5G56240.4	3425	3226	46.815	4.74197
AT5G21125.1	381	182	0	0
AT3G24463.1	1287	1088	23	6.90776
AT3G49810.1	2728	2529	133	17.1847
AT3G05060.1	2106	1907	475	81.3919
AT1G79560.1	3521	3322	302.567	29.7618
AT1G79560.3	3279	3080	1.24113e-05	1.31676e-06
AT1G79560.2	3328	3129	65.4332	6.83331
AT3G29190.1	1987	1788	1	0.182756
AT5G45780.2	2274	2075	0	0
AT5G45780.1	2274	2075	38	5.98417
AT3G13677.3	697	498	0	0
AT3G13677.2	924	725	14	6.30999
AT3G13677.1	516	317	0	0
AT1G29990.1	853	654	92	45.9672
AT1G75920.2	1481	1282	0	0
AT1G75920.3	1106	907	0	0
AT1G75920.1	1207	1008	0	0
AT1G75920.4	1664	1465	0	0
AT4G20070.1	1980	1781	171	31.374
AT4G20070.2	1913	1714	0	0
AT5G09620.1	2313	2114	138.623	21.4274
AT5G09620.2	1947	1748	86.377	16.1471
AT1G07645.1	676	477	0	0
AT5G39570.1	1512	1313	445.129	110.78
AT5G39570.2	1848	1649	731.871	145.028
AT1G74530.2	1382	1183	0	0
AT1G74530.3	1398	1199	6.76814	1.84454
AT1G74530.1	1377	1178	36.3431	10.0813
AT1G74530.4	1124	925	37.8887	13.3846
AT5G41010.1	690	491	53	35.2722
AT1G10480.1	1660	1461	17	3.80222
AT2G33480.3	1322	1123	12.244	3.56273
AT2G33480.1	1296	1097	5.52152	1.64471
AT2G33480.2	1045	846	47.2345	18.2443
AT1G73480.1	2334	2135	65	9.94841
AT3G08550.1	2475	2276	153	21.9663
AT5G24120.2	2128	1929	9.11754	1.54449
AT5G24120.3	2165	1966	0	0
AT5G24120.1	2092	1893	549.882	94.92
AT1G11730.1	1695	1496	9	1.96584
AT5G29000.3	1602	1403	5.14282e-07	1.19779e-07
AT5G29000.1	1580	1381	39	9.22804
AT5G29000.2	2234	2035	0	0
AT5G29000.4	1208	1009	0	0
AT5G25130.1	1759	1560	19.0494	3.9902
AT3G53320.1	2084	1885	41	7.1074
AT1G79000.2	5936	5737	0	0
AT1G79000.1	6214	6015	200.5	10.8922
AT1G79000.3	5974	5775	161.5	9.13816
AT2G28060.1	966	767	35.6012	15.1673
AT2G28060.3	1083	884	0	0
AT2G28060.4	975	776	0	0
AT2G28060.2	1231	1032	13.3988	4.24251
AT1G24485.2	1555	1356	0	0
AT1G24485.4	1364	1165	0	0
AT1G24485.3	1725	1526	0	0
AT1G24485.1	1495	1296	3	0.756405
AT2G34350.2	1804	1605	2	0.407186
AT2G34350.1	1849	1650	0	0
AT3G11740.1	800	601	0	0
AT5G19250.1	928	729	278	124.611
AT3G44780.1	647	448	0	0
AT1G72700.2	4829	4630	0	0
AT1G72700.3	4392	4193	0.48069	0.0374609
AT1G72700.1	4579	4380	262.519	19.5851
AT2G14530.1	1595	1396	54	12.64
AT2G04560.1	1578	1379	10	2.36959
AT4G37010.2	937	738	16.0435	7.10363
AT4G37010.1	845	646	6.95652	3.51883
AT1G27390.2	1263	1064	0	0
AT1G27390.1	1159	960	188	63.9919
AT2G17180.1	1022	823	0	0
AT3G26618.1	2055	1856	122	21.4793
AT1G18330.2	1793	1594	87.4997	17.9373
AT1G18330.1	1898	1699	48.5429	9.3362
AT3G26520.1	1290	1091	3577	1071.35
AT3G43470.1	1377	1178	0	0
AT3G03090.1	2077	1878	65	11.3098
ATMG01060.1	324	125	0	0
AT4G22240.1	1415	1216	488.595	131.297
AT1G22460.1	2247	2048	5	0.797771
AT3G57810.3	1567	1368	0	0
AT3G57810.4	1680	1481	8.74531	1.92956
AT3G57810.1	1531	1332	0	0
AT3G57810.2	1366	1167	47.2547	13.2316
AT3G53360.2	2496	2297	7	0.995808
AT3G53360.1	2769	2570	0	0
AT1G12665.1	519	320	0	0
AT5G47030.1	1228	1029	832	264.208
AT1G28470.1	1471	1272	21	5.39474
AT5G67245.1	697	498	6.00905	3.94289
AT5G60370.2	1734	1535	27.1466	5.7789
AT5G60370.1	1735	1536	12.8534	2.73443
AT5G47770.1	1604	1405	464	107.915
AT4G32150.1	1363	1164	278	78.0423
AT4G03370.1	888	689	0	0
AT4G35950.1	1160	961	143.77	48.8859
AT5G58430.1	2392	2193	168	25.0328
AT1G31630.1	1020	821	0	0
AT1G34350.1	883	684	43.4143	20.7403
AT1G34350.2	894	695	6.58573	3.0964
AT1G65845.1	777	578	100	56.5341
AT4G33150.4	3606	3407	0.00116779	0.000112003
AT4G33150.2	3712	3513	0	0
AT4G33150.1	3576	3377	29.9858	2.90151
AT4G33150.3	2112	1913	29.013	4.95582
AT5G65210.4	1921	1722	9.35474	1.77516
AT5G65210.2	2434	2235	0	0
AT5G65210.1	2025	1826	33.4684	5.98924
AT5G65210.3	1684	1485	98.5717	21.6902
AT5G65210.7	1591	1392	36.4823	8.5641
AT5G65210.6	1900	1701	33.9098	6.51417
AT5G65210.5	1611	1412	56.2131	13.0089
AT1G78700.1	1626	1427	73.7512	16.8882
AT4G04570.2	2554	2355	156.767	21.7522
AT4G04570.3	2836	2637	0	0
AT4G04570.1	2341	2142	167.233	25.5118
AT3G53090.2	3579	3380	44.7632	4.32755
AT3G53090.1	3731	3532	23.2368	2.14978
AT5G11040.1	4033	3834	264	22.5004
AT1G48900.1	1936	1737	232.887	43.811
AT1G48900.2	1681	1482	0	0
AT5G15960.1	829	630	94.0025	48.757
AT1G56310.1	1964	1765	35.9432	6.65442
AT1G56310.2	1821	1622	0.0568212	0.0114472
AT5G19830.1	1085	886	9	3.3193
AT1G09070.1	1606	1407	478	111.013
AT5G39290.1	940	741	0	0
AT5G46990.1	838	639	0	0
AT4G32160.1	3190	2991	85	9.28626
AT5G51710.2	2124	1925	25.4192	4.31488
AT5G51710.1	2291	2092	37.5808	5.87007
AT4G09610.1	529	330	0	0
AT1G03780.3	2539	2340	21.9835	3.06986
AT1G03780.1	2504	2305	0	0
AT1G03780.2	2660	2461	61.0165	8.10166
AT4G09965.1	672	473	0	0
AT1G21200.2	1700	1501	5.52994	1.20387
AT1G21200.1	2034	1835	27.4701	4.89172
AT3G50150.1	1703	1504	1	0.217265
AT3G50150.2	1842	1643	0	0
AT5G22510.1	2760	2561	120.721	15.4032
AT5G22510.2	2463	2264	131.279	18.9478
AT2G01630.3	1994	1795	11.3727	2.07031
AT2G01630.2	1583	1384	0	0
AT2G01630.1	1933	1734	71.6273	13.498
AT3G46880.2	477	278	2	2.35084
AT3G46880.1	491	292	0	0
AT5G13825.1	590	391	0	0
AT5G57530.1	1146	947	22	7.59121
AT4G08670.1	947	748	0	0
AT4G26740.1	1106	907	1	0.360272
AT1G63320.1	618	419	1.0598	0.826508
AT5G03390.1	1665	1466	17	3.78925
AT3G58800.1	1515	1316	20	4.96607
AT2G34270.1	1219	1020	0	0
AT1G74088.2	666	467	0	0
AT1G74088.1	915	716	8	3.65103
AT4G02050.1	2021	1822	20.532	3.68232
AT4G02050.2	1808	1609	60.468	12.2803
AT1G27620.1	1754	1555	15	3.15209
AT4G25570.2	1228	1029	56.8794	18.0625
AT4G25570.1	1029	830	378.121	148.864
AT2G13980.1	516	317	0	0
AT3G13403.1	174	9.99669	0	0
AT3G58070.1	1168	969	16	5.39554
AT1G50050.1	681	482	0	0
AT1G50050.2	780	581	10	5.62422
AT1G01820.1	1262	1063	128	39.3473
AT5G54000.1	929	730	0	0
AT5G54000.2	1243	1044	0	0
AT1G68380.1	1343	1144	0	0
AT1G47800.1	1164	965	0	0
AT1G44770.1	1276	1077	21.6791	6.57754
AT1G44770.2	1194	995	57.3209	18.8247
AT3G62150.1	4264	4065	17.4742	1.40467
AT3G62150.2	4323	4124	70.7064	5.60246
AT3G62150.3	4246	4047	0	0
AT3G29035.1	1433	1234	15	3.97205
AT2G43540.1	974	775	29	12.2274
AT2G11045.1	414	215	0	0
AT1G77815.1	303	104	0	0
AT3G19613.1	636	437	0	0
AT1G31260.1	1095	896	0	0
AT5G66270.1	2044	1845	46	8.14704
AT5G53890.1	3792	3593	127	11.5501
AT3G48185.1	960	761	12	5.1527
AT2G33350.2	1875	1676	0	0
AT2G33350.5	1643	1444	0	0
AT2G33350.4	1646	1447	0	0
AT2G33350.3	1951	1752	0	0
AT2G33350.1	1738	1539	0	0
AT2G36800.1	1958	1759	91.8264	17.0585
AT5G51350.1	3176	2977	40	4.39056
AT1G21210.1	2990	2791	22	2.57574
AT5G26900.1	1335	1136	0	0
AT1G25300.1	819	620	0	0
AT1G24610.1	1800	1601	159	32.4522
AT1G66345.1	1635	1436	8	1.82043
AT1G49670.2	2833	2634	0	0
AT1G49670.1	2348	2149	236	35.8851
AT1G07410.1	1148	949	15	5.16492
AT2G06510.2	2009	1810	11.507	2.07742
AT2G06510.1	2151	1952	27.493	4.60235
AT4G36650.1	1891	1692	48	9.26999
AT4G36650.2	1601	1402	0	0
AT2G46090.1	1408	1209	97	26.217
AT3G59760.3	1805	1606	120.981	24.6155
AT3G59760.1	1544	1345	27.8289	6.76101
AT3G59760.2	1553	1354	160.403	38.7109
AT5G22790.1	2565	2366	61	8.42468
AT1G26910.2	941	742	26.8328	11.8168
AT1G26910.1	940	741	68.2252	30.086
AT3G07920.1	862	663	0	0
AT1G53780.3	2354	2155	62.3692	9.45718
AT1G53780.4	3515	3316	108.904	10.7317
AT1G53780.1	2513	2314	32.6252	4.60711
AT1G53780.2	2144	1945	0	0
AT4G17505.1	969	770	0	0
AT1G42970.1	1854	1655	7789.45	1537.97
AT5G25610.1	1727	1528	1698	363.122
AT2G13820.3	753	554	0	0
AT2G13820.1	739	540	82.4056	49.8656
AT2G13820.2	1085	886	1.5944	0.588034
AT2G13550.1	1519	1320	6.04119	1.4955
AT2G13550.2	1082	883	21.9588	8.12618
AT5G62500.1	1474	1275	37	9.48265
AT3G04560.1	1825	1626	54	10.852
AT4G13110.1	1330	1131	12	3.46703
AT4G37550.1	2034	1835	0	0
AT4G37550.5	1720	1521	0	0
AT4G37550.3	1514	1315	108.237	26.8961
AT4G37550.6	1615	1416	51.6389	11.9166
AT4G37550.2	2147	1948	0	0
AT4G37550.4	1537	1338	0	0
AT1G15290.1	5534	5335	604.691	37.0371
AT1G15290.2	5361	5162	489.309	30.9744
AT3G66658.1	2155	1956	69.7778	11.657
AT3G66658.2	2371	2172	40.2222	6.05124
AT1G09580.1	1093	894	37	13.5239
ATMG00860.1	477	278	0	0
AT1G49720.3	1316	1117	0	0
AT1G49720.2	1675	1476	0	0
AT1G49720.1	1695	1496	11	2.4027
AT3G52580.1	896	697	351	164.556
AT3G22920.1	835	636	0	0
AT5G35740.1	750	551	64	37.9548
AT2G31620.1	768	569	0	0
AT3G06630.6	3105	2906	0	0
AT3G06630.7	3615	3416	0	0
AT3G06630.5	3321	3122	0	0
AT3G06630.1	3227	3028	4.72141e-07	5.09511e-08
AT3G06630.3	3558	3359	0	0
AT3G06630.4	3409	3210	0	0
AT3G06630.2	3182	2983	13.7745	1.5089
AT2G03140.4	7576	7377	0	0
AT2G03140.1	7209	7010	9.27451	0.432326
AT2G03140.7	7551	7352	0	0
AT2G03140.5	7231	7032	0	0
AT2G03140.12	6091	5892	25.8583	1.43409
AT2G03140.9	6993	6794	0	0
AT2G03140.6	4869	4670	0	0
AT2G03140.2	5768	5569	0	0
AT2G03140.11	5935	5736	134.115	7.64022
AT2G03140.10	7426	7227	0	0
AT2G03140.8	7528	7329	0	0
AT2G03140.3	7174	6975	49.7524	2.33082
AT1G23970.2	1331	1132	23.5877	6.8089
AT1G23970.1	1316	1117	0	0
AT1G13330.1	1020	821	6	2.38807
AT4G23260.1	1980	1781	26.2617	4.81833
AT4G23260.2	2084	1885	30.6551	5.31411
AT2G20160.1	676	477	0	0
AT1G68050.1	2168	1969	8	1.32765
AT1G66800.1	1214	1015	3	0.965814
AT4G01870.2	2236	2037	1.81415e-07	2.91019e-08
AT4G01870.1	2199	2000	250	40.8459
AT3G18520.3	2298	2099	0	0
AT3G18520.2	2082	1883	51.3107	8.90422
AT3G18520.4	2215	2016	0	0
AT3G18520.1	2185	1986	115.689	19.035
AT3G22870.1	1242	1043	0	0
AT5G24880.1	1629	1430	2	0.457017
AT5G60060.1	1283	1084	1	0.301446
AT4G34090.2	810	611	35.9289	19.215
AT4G34090.1	2275	2076	79.7921	12.5595
AT4G34090.3	1398	1199	51.4855	14.0315
AT1G12270.1	1944	1745	217	40.6352
AT2G35040.2	2054	1855	1.58491e-07	2.7919e-08
AT2G35040.1	2042	1843	420	74.4667
AT2G20390.1	993	794	45	18.5195
AT2G20390.2	832	633	0	0
AT5G24190.1	1016	817	0	0
AT2G32590.1	2279	2080	49	7.69788
AT1G50930.1	817	618	0	0
AT1G50930.2	646	447	1	0.731023
AT1G09470.3	1365	1166	4.72897	1.32528
AT1G09470.1	1237	1038	31.271	9.84426
AT1G09470.2	1494	1295	0	0
AT1G77260.1	2626	2427	150	20.1957
AT1G78570.1	2572	2373	1464	201.596
AT2G03930.2	495	296	0	0
AT1G76740.1	4890	4691	21	1.46282
AT4G14270.2	973	774	9	3.79962
AT4G14270.1	1060	861	0	0
AT5G22110.2	1592	1393	0	0
AT5G22110.1	1931	1732	35	6.60326
AT4G31600.1	1588	1389	49	11.5274
AT4G31600.2	1633	1434	0	0
AT2G25320.2	5624	5425	0	0
AT2G25320.3	5521	5322	133.383	8.18965
AT2G25320.1	5122	4923	66.6165	4.42171
AT3G09890.1	1135	936	58	20.2484
AT3G09890.2	1113	914	0	0
AT3G11180.1	1874	1675	0	0
AT3G11180.2	1443	1244	2	0.525349
AT1G17520.4	1357	1158	0	0
AT1G17520.2	1558	1359	7.42623	1.78561
AT1G17520.3	1540	1341	3.14976e-08	7.67515e-09
AT1G17520.1	1375	1176	23.5738	6.55028
AT5G13020.3	1821	1622	20.8399	4.19839
AT5G13020.1	2129	1930	201.16	34.0583
AT5G13020.2	1624	1425	0	0
AT4G37660.1	775	576	63.9138	36.2585
AT3G60290.1	1605	1406	10.0189	2.32849
AT4G31510.1	1183	984	13	4.31705
AT1G56690.1	2363	2164	9	1.35901
AT4G01480.2	1062	863	0	0
AT4G01480.1	1097	898	210	76.4155
AT1G20760.1	3497	3298	206	20.4106
AT1G76240.1	1228	1029	67	21.2764
AT5G44110.2	1075	876	120.6	44.9866
AT5G44110.1	1208	1009	353.037	114.332
AT5G44110.4	1253	1054	8.76823	2.71838
AT5G44110.3	1070	871	105.639	39.6319
AT2G23300.1	2981	2782	39	4.58085
AT4G12150.1	1074	875	0	0
AT5G42310.1	2593	2394	265	36.171
AT3G09730.2	1421	1222	0	0
AT3G09730.3	1709	1510	10	2.16402
AT3G09730.1	1683	1484	0	0
AT1G34480.1	1863	1664	1	0.196374
AT2G36290.2	2024	1825	5.69466	1.01963
AT2G36290.1	1730	1531	231.305	49.3684
AT3G53820.1	668	469	0	0
AT4G28040.2	1453	1254	1.99946	0.521018
AT4G28040.4	1603	1404	0	0
AT4G28040.3	1515	1316	0	0
AT4G28040.5	1462	1263	0.000543798	0.000140693
AT4G28040.1	1506	1307	0	0
AT3G54080.1	1756	1557	82.2555	17.2629
AT3G56190.1	1654	1455	185.182	41.5885
AT3G56190.2	1489	1290	164.75	41.7325
AT3G24540.1	1793	1594	4.01886	0.82386
AT4G04500.1	2133	1934	0	0
AT4G04500.3	2206	2007	0	0
AT4G04500.2	1633	1434	3	0.683613
AT3G27860.1	2339	2140	7	1.06886
AT3G27860.2	2148	1949	0	0
AT2G04041.1	564	365	0	0
AT1G68330.1	1747	1548	13	2.74417
AT2G30050.1	1360	1161	195	54.8834
AT5G10100.4	1340	1141	20.1853	5.78079
AT5G10100.1	1486	1287	33.4989	8.50531
AT5G10100.2	1639	1440	110.447	25.0628
AT5G10100.3	1484	1285	0	0
AT5G37440.1	1352	1153	5	1.41703
AT5G18320.1	1736	1537	0	0
AT1G04780.1	3161	2962	205	22.6156
AT2G44198.1	99	4.23477	0	0
AT3G16857.2	2669	2470	86.7294	11.4738
AT3G16857.1	2670	2471	72.6125	9.60234
AT3G16857.3	2245	2046	24.6581	3.93815
AT5G51770.1	2311	2112	60	9.28316
AT5G01770.3	5105	4906	0	0
AT5G01770.5	4436	4237	63.0232	4.86049
AT5G01770.2	5214	5015	32.9768	2.1487
AT5G01770.1	4448	4249	0	0
AT5G01770.4	5071	4872	0	0
AT2G02090.1	2734	2535	126	16.2417
AT1G73090.1	1206	1007	34	11.0329
AT1G73090.2	1225	1026	0	0
AT3G55160.3	6955	6756	138.999	6.72297
AT3G55160.1	6791	6592	4.33076e-05	2.14677e-06
AT3G55160.2	6975	6776	0.000758118	3.65596e-05
AT4G02400.1	2726	2527	199	25.7327
AT5G61230.1	1335	1136	166	47.7494
AT1G24095.1	1001	802	7	2.85208
AT1G24095.2	868	669	0	0
AT3G09640.1	1068	869	0	0
AT3G09640.2	985	786	1	0.415734
AT1G15200.3	1757	1558	32.4361	6.80298
AT1G15200.2	1631	1432	0	0
AT1G15200.4	1673	1474	0	0
AT1G15200.1	1616	1417	138.564	31.9535
AT5G41200.1	993	794	0	0
AT3G55430.1	1944	1745	310	58.0503
AT3G10640.2	1266	1067	5.16696	1.58237
AT3G10640.1	1118	919	62.833	22.3414
AT3G22961.1	958	759	0	0
AT2G41050.4	1794	1595	10.0424	2.05738
AT2G41050.5	1767	1568	0	0
AT2G41050.2	1144	945	20.7696	7.18183
AT2G41050.3	1832	1633	6.91485	1.38368
AT2G41050.1	1680	1481	8.27312	1.82538
AT5G47810.1	1748	1549	28	5.9067
AT1G36623.1	164	8.51793	0	0
AT3G21100.1	2487	2288	25.1489	3.59171
AT3G21100.3	2367	2168	0	0
AT3G21100.2	2502	2303	0	0
AT3G21100.4	2352	2153	45.8511	6.95896
AT3G12775.1	1089	890	0	0
AT1G74480.1	897	698	0	0
AT3G04943.1	246	47.5399	0	0
AT1G54140.1	876	677	45	21.7201
AT1G66600.1	1020	821	3	1.19403
AT5G60690.1	3544	3345	229	22.3706
AT5G25520.5	4051	3852	23.8071	2.01957
AT5G25520.3	4192	3993	28.3209	2.31764
AT5G25520.4	4081	3882	1.32129e-05	1.1122e-06
AT5G25520.1	3825	3626	14.2844	1.28728
AT5G25520.6	3648	3449	1.22553e-05	1.1611e-06
AT5G25520.7	2713	2514	0	0
AT5G25520.2	3618	3419	134.588	12.8631
AT5G49500.2	1864	1665	0	0
AT5G49500.1	1705	1506	12.1132	2.62828
AT3G26190.1	1536	1337	0	0
AT5G15250.1	2067	1868	0	0
AT5G15250.2	2210	2011	0	0
AT4G10150.1	1123	924	6	2.12186
AT1G72240.1	719	520	3	1.88519
AT4G27500.1	2436	2237	895.508	130.81
AT4G27500.2	1804	1605	63.4921	12.9266
AT5G03340.1	2854	2655	143.905	17.7113
AT1G09170.5	3787	3588	0.343339	0.0312686
AT1G09170.2	3862	3663	0	0
AT1G09170.8	2337	2138	0	0
AT1G09170.6	3731	3532	0	0
AT1G09170.7	3593	3394	0	0
AT1G09170.4	3776	3577	11.6567	1.06486
AT1G09170.1	3196	2997	0	0
AT1G09170.3	3856	3657	0	0
AT5G39270.1	954	755	0	0
AT1G49630.5	3495	3296	56.9922	5.65024
AT1G49630.2	4216	4017	13.5171	1.09957
AT1G49630.1	3699	3500	51.6232	4.81965
AT1G49630.3	3576	3377	25.4621	2.46377
AT1G49630.4	2916	2717	16.4053	1.97303
AT5G26140.3	1022	823	1.70393	0.676536
AT5G26140.2	705	506	0	0
AT5G26140.1	539	340	1.29607	1.24562
AT4G02660.1	11439	11240	42	1.22102
AT4G02660.3	11374	11175	1.67239e-08	4.89022e-10
AT4G02660.2	11618	11419	5.57118e-07	1.59425e-08
AT1G07880.1	1640	1441	8.73333	1.98041
AT1G07880.2	1535	1336	22.2667	5.44612
AT1G79030.2	1688	1489	29.6866	6.51485
AT1G79030.1	2840	2641	57.3134	7.0913
AT1G11930.1	1102	903	77.6274	28.0909
AT1G11930.2	1314	1115	68.3726	20.0376
AT4G33240.7	6220	6021	0	0
AT4G33240.1	6178	5979	0	0
AT4G33240.6	6478	6279	0	0
AT4G33240.4	5919	5720	238.245	13.6103
AT4G33240.2	6116	5917	42.9277	2.37069
AT4G33240.3	5946	5747	52.827	3.00367
AT4G33240.5	5955	5756	1.54931e-06	8.79538e-08
AT4G32130.1	1147	948	180	62.0444
AT4G01245.1	357	158	0	0
AT1G10730.1	1820	1621	20.243	4.08066
AT5G19990.2	2228	2029	5.49597	0.885116
AT5G19990.3	1821	1622	278.32	56.0702
AT5G19990.1	1838	1639	91.0798	18.1586
AT4G05350.1	621	422	0	0
AT5G46350.1	1375	1176	2	0.555726
AT5G26810.1	1154	955	0	0
AT5G38747.1	853	654	3	1.49893
AT1G22170.1	1413	1214	43.3761	11.6754
AT1G22170.2	1331	1132	8.62385	2.48939
AT1G21520.1	909	710	14	6.4433
AT3G03670.1	1285	1086	4	1.20356
AT1G52950.1	1729	1530	0	0
AT4G29490.1	1820	1621	96	19.352
AT5G16700.1	1467	1268	0	0
AT1G01280.1	1602	1403	0	0
AT4G09000.1	1305	1106	1490.79	440.454
AT4G09000.2	1458	1259	12.5598	3.25983
AT2G20830.4	1840	1641	18.5795	3.69969
AT2G20830.1	2010	1811	24.9161	4.49573
AT2G20830.3	1195	996	0	0
AT2G20830.5	1808	1609	0	0
AT2G20830.6	1713	1514	101.504	21.9076
AT2G20830.2	1608	1409	0.000541784	0.000125647
AT1G29410.6	1461	1262	7.10271e-07	1.83909e-07
AT1G29410.2	1768	1569	0	0
AT1G29410.3	1705	1506	0	0
AT1G29410.5	1534	1335	0	0
AT1G29410.7	1507	1308	20.7392	5.18112
AT1G29410.4	1669	1470	0	0
AT1G29410.1	1632	1433	0	0
AT4G06534.1	1628	1429	14	3.20136
AT3G07450.1	496	297	0	0
AT5G47040.1	3259	3060	406	43.3554
AT1G79060.1	2039	1840	57	10.1227
AT3G14172.2	4458	4259	106.551	8.17501
AT3G14172.3	4468	4269	0	0
AT3G14172.1	4830	4631	12.4489	0.878406
AT3G14160.1	1960	1761	30	5.56673
AT1G43890.2	885	686	122.497	58.3496
AT1G43890.1	1030	831	74.5034	29.2964
AT1G43890.3	978	779	0	0
AT1G75360.1	1579	1380	0	0
AT1G75360.2	1422	1223	4	1.06874
AT5G39130.1	864	665	0	0
AT1G06360.2	1290	1091	29.4865	8.83154
AT1G06360.1	1253	1054	101.514	31.4718
AT2G26100.2	1770	1571	19.1585	3.98496
AT2G26100.1	1688	1489	35.8415	7.86556
AT5G40010.1	1859	1660	4	0.787391
AT2G32790.1	812	613	0	0
AT3G22400.1	3128	2929	52	5.80126
AT5G35560.2	2888	2689	50.6679	6.15716
AT5G35560.1	2966	2767	63.3321	7.47916
AT2G47530.1	800	601	3	1.63112
AT5G53230.1	1161	962	0	0
AT1G21160.1	4186	3987	114.502	9.38437
AT5G08680.1	2289	2090	1241.42	194.093
AT1G77860.1	1056	857	1	0.381292
AT1G77860.2	1434	1235	0	0
AT3G02580.1	1386	1187	170	46.799
AT1G66045.1	435	236	0	0
AT2G37210.1	1171	972	10	3.3618
AT2G37210.2	1086	887	1.38771e-07	5.11228e-08
AT5G65280.1	2046	1847	22.6163	4.00123
AT5G65280.2	1556	1357	2.38367	0.573991
AT3G09070.1	2735	2536	105	13.5294
AT2G03350.1	853	654	119	59.4576
AT5G59940.1	2259	2060	6	0.951749
AT4G11330.1	1786	1587	61	12.56
AT1G09950.1	1333	1134	3	0.864463
AT5G48620.5	3666	3467	0	0
AT5G48620.3	3857	3658	15.5802	1.39177
AT5G48620.2	3928	3729	0	0
AT5G48620.4	3687	3488	0	0
AT5G48620.1	4140	3941	0	0
AT5G48620.6	3409	3210	148.816	15.149
AT5G41100.2	2216	2017	46.0302	7.4572
AT5G41100.1	2304	2105	23.9698	3.72092
AT3G06090.1	299	100	0	0
AT4G03000.6	3270	3071	2.98041	0.317128
AT4G03000.5	2976	2777	0	0
AT4G03000.2	3083	2884	29.3554	3.32607
AT4G03000.1	2861	2662	104.918	12.8789
AT4G03000.3	3163	2964	0	0
AT4G03000.4	3048	2849	8.74644	1.00318
AT2G19750.1	659	460	246	174.749
AT4G06583.1	296	97.0001	0	0
AT4G06583.2	504	305	0	0
AT4G31440.1	1140	941	18	6.25059
AT1G70340.1	2422	2223	34.4727	5.06727
AT4G11750.1	1161	962	0	0
AT2G06010.1	1143	944	52	17.9999
AT1G02700.1	1356	1157	8	2.25941
AT2G17020.2	1876	1677	39.8344	7.76182
AT2G17020.1	2347	2148	50.1656	7.6315
AT2G17020.3	2352	2153	0	0
AT5G44620.1	2783	2584	3	0.379374
AT5G18790.1	482	283	21.361	24.6646
AT5G66055.2	1785	1586	11.3748	2.34358
AT5G66055.1	1706	1507	149.625	32.4437
AT1G23110.2	984	785	0	0
AT1G23110.5	1144	945	0	0
AT1G23110.3	1090	891	0	0
AT1G23110.6	1061	862	4	1.51632
AT1G23110.1	1354	1155	0	0
AT1G23110.4	1149	950	0	0
AT1G23110.7	1288	1089	0	0
AT1G20970.1	5065	4866	357	23.9737
AT4G26770.1	1845	1646	3	0.595566
AT5G67580.1	1460	1261	28.0222	7.26149
AT5G67580.2	1370	1171	35.9778	10.0396
AT4G24175.2	1340	1141	0	0
AT4G24175.1	1242	1043	18	5.63932
AT2G46990.2	988	789	0	0
AT2G46990.1	877	678	0	0
AT3G44753.1	1441	1242	1.36484	0.359085
AT3G44753.2	531	332	0.635165	0.625154
AT1G33355.1	28	2.80846	0	0
AT1G30455.1	765	566	0	0
AT3G26160.1	1524	1325	0	0
AT3G27620.1	1346	1147	2	0.569777
AT4G34320.1	1887	1688	0	0
AT4G34320.2	1376	1177	4	1.11051
AT2G40800.1	1785	1586	120.521	24.8312
AT2G40800.2	2329	2130	10.4789	1.60758
AT5G28410.1	510	311	0	0
AT1G77390.1	1727	1528	7	1.49697
AT3G62960.1	684	485	15	10.1062
AT3G16940.1	3403	3204	0.382214	0.038981
AT3G16940.3	3072	2873	120.557	13.7118
AT3G16940.2	3271	3072	47.0609	5.00585
AT3G15110.1	1036	837	99	38.6499
AT4G18790.1	2038	1839	0	0
AT1G20923.1	213	22.4695	0	0
AT5G28320.1	2784	2585	54.922	6.94264
AT4G39540.1	1294	1095	21.8143	6.50977
AT4G39540.3	1192	993	0	0
AT4G39540.2	1154	955	90.1857	30.8583
AT3G15160.2	1832	1633	49.5563	9.91633
AT3G15160.1	2134	1935	38.4437	6.49206
AT4G37280.1	1331	1132	93	26.8457
AT5G18930.1	1648	1449	12	2.70615
AT3G27330.1	3147	2948	20	2.21687
AT5G61830.2	1054	855	26.8679	10.2685
AT5G61830.1	1478	1279	24.1321	6.16542
AT5G57840.1	1592	1393	33	7.74107
AT1G62940.1	1699	1500	0	0
AT5G65660.1	1436	1237	140	36.9825
AT5G02530.2	1009	810	0	0
AT5G02530.1	1275	1076	240	72.8849
AT2G27880.1	3381	3182	2	0.205385
AT1G21864.1	470	271	0	0
AT3G03620.1	1738	1539	0	0
AT3G03620.2	1759	1560	0	0
AT3G05610.1	2557	2358	0	0
AT1G01305.1	617	418	0	0
AT1G16890.2	932	733	300.548	133.983
AT1G16890.1	855	656	0	0
AT1G16890.3	1019	820	5.45174	2.1725
AT5G27945.1	1287	1088	0	0
AT5G27720.1	987	788	151	62.6165
AT4G34440.1	2582	2383	0	0
AT4G34440.2	2327	2128	2	0.307112
AT5G61980.1	3701	3502	28.4053	2.65046
AT4G38420.3	1994	1795	89.2282	16.2434
AT4G38420.1	2085	1886	51.2313	8.87629
AT4G38420.2	2073	1874	14.5406	2.53542
AT3G09480.1	742	543	6	3.61069
AT3G54360.2	1572	1373	7.56582	1.80063
AT3G54360.1	1730	1531	261.434	55.7989
AT3G58770.1	2858	2659	7	0.860237
AT1G43810.1	354	155	0	0
AT1G52900.1	749	550	0	0
AT1G20740.1	801	602	0	0
AT1G20740.2	1018	819	0	0
AT5G37830.1	4440	4241	340	26.1968
AT4G12700.1	2206	2007	68	11.0713
AT3G43750.1	1041	842	0	0
AT5G46290.3	1936	1737	34.2768	6.4482
AT5G46290.2	1716	1517	208.604	44.9341
AT5G46290.1	2015	1816	611.119	109.963
AT5G45390.1	1338	1139	951	272.832
AT2G21190.1	1333	1134	134	38.6127
AT3G53230.1	3153	2954	120	13.2742
AT1G05805.1	1795	1596	54	11.056
AT3G25640.1	1095	896	15	5.47043
AT3G25640.2	1228	1029	0	0
AT3G43660.1	824	625	0	0
AT4G02195.1	1227	1028	21	6.6752
AT3G07840.1	1296	1097	0	0
AT3G49045.1	378	179	0	0
AT2G23620.1	1111	912	8	2.86638
AT3G04410.1	231	34.449	0	0
AT3G58660.1	1595	1396	274	64.1362
AT5G56160.3	2200	2001	0	0
AT5G56160.2	2323	2124	0	0
AT5G56160.1	2222	2023	11	1.77679
AT5G56000.1	2449	2250	231.008	33.5493
AT2G36390.1	2801	2602	177	22.2282
AT1G49330.1	1173	974	1	0.33549
AT1G76260.1	1488	1289	53	13.4357
AT4G20400.1	3427	3228	80.4988	8.14881
AT4G20400.2	3026	2827	94.5012	10.9232
AT2G02493.1	653	454	0	0
AT1G70000.2	1393	1194	87.3927	23.9171
AT1G70000.1	1724	1525	4.60725	0.987212
AT5G42610.1	1047	848	4	1.54135
AT4G02530.2	998	799	520.635	212.924
AT4G02530.3	758	559	0	0
AT4G02530.1	1050	851	16.3654	6.28398
AT4G09880.1	246	47.5399	0	0
AT4G04415.1	438	239	0	0
AT1G06430.2	2681	2482	13.8948	1.82932
AT1G06430.3	2291	2092	549.939	85.8996
AT1G06430.1	2433	2234	192.166	28.1082
AT1G43080.1	1215	1016	0	0
AT4G38310.1	412	213	0	0
AT1G22130.1	1270	1071	0	0
AT5G19890.1	1372	1173	3	0.835722
AT5G19590.2	1632	1433	11.4953	2.62128
AT5G19590.1	1096	897	205.505	74.8631
AT3G48380.3	2149	1950	6.60585e-07	1.10696e-07
AT3G48380.2	2098	1899	5.74926	0.989294
AT3G48380.1	2206	2007	111.251	18.1131
AT1G24460.2	5610	5411	237.339	14.3328
AT1G24460.1	5737	5538	82.6605	4.87734
AT1G60815.1	246	47.5399	0	0
AT5G13430.1	1298	1099	525.703	156.308
AT3G55210.1	1142	943	0	0
AT5G06660.1	1177	978	118	39.4259
AT3G24550.1	2540	2341	306.981	42.8498
AT1G26930.1	1699	1500	29.5403	6.43519
AT1G26930.2	1547	1348	26.4597	6.41407
AT1G49510.1	1343	1144	109	31.1343
AT1G49510.3	1230	1031	0	0
AT1G49510.2	1548	1349	0	0
AT2G47310.1	2080	1881	30	5.2116
AT4G12340.1	995	796	94	38.5881
AT1G35510.1	2337	2138	135	20.6331
AT2G28270.1	997	798	0	0
AT5G23840.1	1021	822	0	0
AT5G23840.2	906	707	1	0.462188
AT3G52860.1	648	449	21	15.2831
AT1G77850.1	2315	2116	36.4261	5.62516
AT1G77850.2	2835	2636	16.5739	2.05456
AT2G39740.1	2314	2115	39.1	6.04095
AT2G39740.2	1894	1695	0	0
AT2G39740.3	1726	1527	39.4853	8.44957
AT3G04330.1	794	595	3	1.64757
AT1G22910.1	2267	2068	5.22441	0.825515
AT1G22910.2	2287	2088	0	0
AT1G22910.4	1812	1613	41.0536	8.31679
AT1G22910.3	1478	1279	61.722	15.7691
AT3G14980.2	4224	4025	24.6318	1.99972
AT3G14980.5	4000	3801	32.3506	2.78114
AT3G14980.4	4330	4131	0	0
AT3G14980.1	4154	3955	0.00408042	0.00033713
AT3G14980.6	3707	3508	10.5105	0.979047
AT3G14980.3	4218	4019	27.0572	2.1999
AT2G22905.1	772	573	1	0.570274
AT3G63520.1	1931	1732	785	148.102
AT1G80140.1	1011	812	0	0
AT1G64280.1	2614	2415	117	15.831
AT1G04540.1	2446	2247	17	2.4722
AT1G56440.2	1813	1614	1.8589e-05	3.76349e-06
AT1G56440.1	1843	1644	34	6.75795
AT5G63040.2	1683	1484	25.5862	5.63392
AT5G63040.1	1509	1310	48.4138	12.0764
AT4G11460.3	2271	2072	19.4456	3.0667
AT4G11460.2	2315	2116	0	0
AT4G11460.1	2103	1904	12.5544	2.1546
AT1G31960.1	522	323	0	0
AT5G06630.1	1544	1345	126.928	30.8372
AT3G28290.1	1672	1473	12	2.66205
AT2G39230.1	3166	2967	8	0.881071
AT2G25850.1	3435	3236	0.0451591	0.00456011
AT2G25850.5	3926	3727	0	0
AT2G25850.3	3086	2887	34.3243	3.88502
AT2G25850.9	3805	3606	0	0
AT2G25850.2	3549	3350	0.00976572	0.000952572
AT2G25850.8	3691	3492	32.5289	3.04393
AT2G25850.4	3433	3234	0.091829	0.00927851
AT2G25850.7	3812	3613	0	0
AT2G25850.6	3842	3643	0	0
AT2G17140.2	2908	2709	0	0
AT2G17140.1	3215	3016	23	2.49192
AT3G11900.1	1645	1446	143	32.3151
AT3G11900.2	1774	1575	0	0
AT3G49670.1	3609	3410	605.968	58.0676
AT3G43440.1	1224	1025	39	12.4331
AT3G43440.2	818	619	0	0
AT5G27050.1	363	164	0	0
AT5G55508.1	144	6.5079	0	0
AT3G01180.1	3023	2824	323	37.3746
AT2G36790.1	1694	1495	48.0484	10.5021
AT1G27980.1	2092	1893	102	17.6071
AT3G29185.2	1937	1738	33.6273	6.32237
AT3G29185.1	1451	1252	162.373	42.3787
AT2G22520.2	624	425	0	0
AT2G22520.1	558	359	0	0
AT1G52220.4	1001	802	26.0623	10.6188
AT1G52220.1	921	722	267.896	121.246
AT1G52220.3	677	478	29.7405	20.331
AT1G52220.2	761	562	229.301	133.324
AT2G32460.1	1905	1706	0	0
AT2G32460.2	1760	1561	0	0
AT3G26770.1	1202	1003	26	8.47053
AT1G03150.1	809	610	54	28.9269
AT2G03822.1	174	9.99669	0	0
AT3G03730.1	1182	983	0	0
AT5G14930.2	2082	1883	33.8669	5.87711
AT5G14930.1	620	421	2.4042	1.86606
AT5G14930.3	1526	1327	11.7289	2.88818
AT2G34050.1	1159	960	48	16.3384
AT4G00440.5	3057	2858	83.943	9.59756
AT4G00440.2	3708	3509	67.2124	6.25899
AT4G00440.3	3867	3668	40.8446	3.63868
AT4G00440.1	4153	3954	0	0
AT4G00440.4	4054	3855	0	0
AT1G31120.1	3263	3064	81	8.63843
AT1G54095.1	1256	1057	1	0.309146
AT2G35650.1	2001	1802	24.6392	4.46798
AT2G35650.2	2117	1918	0	0
AT2G35650.3	1973	1774	14.0859	2.59459
AT2G35650.4	1816	1617	35.2749	7.12843
AT5G66880.2	1314	1115	0	0
AT5G66880.1	1635	1436	48	10.9226
AT1G73190.1	1179	980	0	0
AT5G48450.1	1918	1719	0	0
AT5G48450.2	2239	2040	84	13.4551
AT2G30660.2	1397	1198	7.5	2.0457
AT2G30660.1	1397	1198	7.5	2.0457
AT5G63520.1	2072	1873	53	9.24648
AT4G02610.1	1001	802	33	13.4455
AT2G20700.1	691	492	2	1.32832
AT3G61220.3	1132	933	0	0
AT3G61220.1	1244	1045	152	47.5298
AT3G61220.2	1024	825	41	16.2393
AT2G37440.3	1901	1702	20.9991	4.03162
AT2G37440.2	1947	1748	0	0
AT2G37440.1	1916	1717	0.000886078	0.000168632
AT2G30766.2	1050	851	173.902	66.7751
AT2G30766.1	1995	1796	526.845	95.855
ATCG00730.1	483	284	7	8.05412
AT1G22550.1	1943	1744	35	6.55783
ATMG00370.1	600	401	0	0
AT2G04300.2	2679	2480	0	0
AT2G04300.1	2658	2459	0	0
AT4G02200.2	1053	854	32.0657	12.2693
AT4G02200.1	1203	1004	42.4633	13.8203
AT4G02200.3	1245	1046	0	0
AT5G18920.1	784	585	6.27386	3.50443
AT5G18920.2	995	796	2.72614	1.11911
AT5G35940.1	1667	1468	9	2.00334
AT1G75130.1	1717	1518	46	9.90203
AT5G28680.2	2641	2442	0	0
AT5G28680.1	3139	2940	0	0
AT3G19250.1	1703	1504	9.2351	2.00647
AT1G11530.1	652	453	23	16.5908
AT3G19950.1	1365	1166	82.0786	23.0022
AT3G19950.3	1459	1260	0	0
AT3G19950.2	2512	2313	1.92138	0.271441
AT1G08410.1	2267	2068	152	24.0177
AT5G02880.2	5200	5001	44.355	2.89817
AT5G02880.1	5068	4869	141.645	9.50604
AT1G22010.1	492	293	0	0
AT3G21450.1	813	614	0	0
AT4G22690.1	2392	2193	282.462	42.0881
AT2G27250.3	552	353	0	0
AT2G27250.1	783	584	0	0
AT2G27250.2	616	417	0	0
AT1G50140.5	3171	2972	2.19616e-05	2.41464e-06
AT1G50140.2	3364	3165	38.8636	4.01243
AT1G50140.4	3237	3038	0.526151	0.0565927
AT1G50140.1	3396	3197	140.431	14.3535
AT1G50140.3	3265	3066	0.0142107	0.00151454
AT1G63330.2	1934	1735	4.11124	0.774305
AT1G63330.1	1715	1516	0	0
AT1G63330.3	1926	1727	0	0
AT1G65790.2	2032	1833	0	0
AT1G65790.3	2891	2692	0	0
AT1G65790.1	2825	2626	0	0
AT2G35690.1	2412	2213	51	7.53056
AT1G61540.1	1209	1010	0	0
AT1G65580.2	3804	3605	0	0
AT1G65580.1	3787	3588	148	13.4787
AT5G57040.1	861	662	206	101.683
AT5G43120.2	1941	1742	0	0
AT5G43120.1	1767	1568	0	0
AT2G36880.1	1772	1573	2677.89	556.291
AT2G36880.2	1709	1510	791.11	171.198
AT4G26800.2	2171	1972	0	0
AT4G26800.3	1878	1679	3	0.58386
AT4G26800.1	1842	1643	0	0
ATMG00740.1	303	104	0	0
AT3G07150.1	745	546	0	0
AT4G28068.1	105	4.43819	0	0
AT1G35580.1	2066	1867	596.162	104.342
AT1G35580.3	1997	1798	3.85883	0.701301
AT1G35580.2	2264	2065	174.979	27.6889
AT2G45640.2	856	657	31.5391	15.6864
AT2G45640.1	872	673	111.461	54.1185
AT1G47271.1	818	619	5	2.63948
AT5G36960.1	811	612	5	2.66967
AT2G25670.1	1796	1597	209.115	42.7877
AT2G25670.2	1904	1705	232.77	44.6108
AT3G61200.1	943	744	77	33.8186
AT5G52160.1	624	425	0	0
AT5G05040.1	647	448	0	0
AT2G44050.1	1091	892	236	86.4541
AT4G38800.1	1178	979	416	138.851
AT4G01650.2	921	722	16.4237	7.43315
AT4G01650.3	1106	907	15.3228	5.5204
AT4G01650.1	1279	1080	4.25343	1.28693
AT1G65910.1	2313	2114	9	1.39116
AT3G11750.1	864	665	9	4.42241
AT4G28005.1	348	149	0	0
AT3G60070.1	2223	2024	7.28039	1.17539
AT3G60070.2	2234	2035	0.0144501	0.00232031
AT3G60070.5	1808	1609	26.7418	5.43092
AT3G60070.4	1886	1687	0	0
AT3G60070.3	2147	1948	0	0
AT3G60070.6	1550	1351	1.96334	0.474873
AT2G27600.1	1900	1701	363	69.7334
AT5G63010.1	1304	1105	32	9.46294
AT4G38640.1	2197	1998	128	20.934
AT3G04040.1	949	750	11	4.79258
AT4G33080.2	1890	1691	0	0
AT4G33080.1	2267	2068	250.413	39.5681
AT4G16350.1	951	752	12	5.21437
AT4G16350.2	912	713	0	0
AT4G36840.2	1531	1332	17.1062	4.1965
AT4G36840.1	1757	1558	6.89381	1.44587
AT5G43410.1	396	197	0	0
AT2G19510.1	430	231	0	0
AT1G56380.1	1167	968	0	0
AT1G56380.2	1200	1001	0	0
AT5G58490.1	1258	1059	141	43.5072
AT5G38195.1	420	221	0	0
AT1G16470.2	1196	997	0	0
AT1G16470.1	1139	940	223	77.5203
AT1G30250.1	809	610	0	0
AT5G54160.1	1497	1298	1261	317.452
AT3G61180.1	1803	1604	87	17.7237
AT5G04660.1	1773	1574	0	0
AT2G07565.1	785	586	0	0
AT3G05746.1	362	163	0	0
AT4G26288.1	719	520	1.0675	0.670816
AT2G24210.1	2016	1817	0	0
AT3G02065.2	1829	1630	0	0
AT3G02065.3	1779	1580	49.125	10.1598
AT3G02065.1	1939	1740	10.875	2.04229
AT5G11412.1	851	652	0	0
AT5G56250.1	3438	3239	48.585	4.90151
AT5G56250.2	3238	3039	66.415	7.14124
AT3G13730.1	1997	1798	22.375	4.06641
AT3G13730.2	2222	2023	6.62502	1.07011
AT4G36020.2	1729	1530	0	0
AT4G36020.3	1548	1349	153.955	37.2925
AT4G36020.1	1660	1461	13.0446	2.91756
AT3G09863.1	132	5.68809	0	0
AT5G43760.1	2217	2018	659.296	106.757
AT5G44650.1	1232	1033	349	110.399
AT3G51940.1	1757	1558	17	3.56549
AT3G51940.2	1924	1725	0	0
AT1G51520.2	1971	1772	7	1.29084
AT1G51520.1	2110	1911	0	0
AT4G36470.1	1533	1334	43	10.533
AT3G16980.1	607	408	0	0
AT3G50470.1	1188	989	2	0.660803
AT3G21200.1	1185	986	261	86.4972
AT4G20850.1	4539	4340	1027	77.3248
AT1G08670.1	980	781	5	2.09198
AT1G08670.2	1163	964	0	0
AT2G19385.1	1253	1054	60	18.6015
AT1G64090.2	1666	1467	0	0
AT1G64090.1	1595	1396	440	102.993
AT2G03890.2	2530	2331	49.8259	6.98476
AT2G03890.1	3093	2894	226.174	25.5378
AT5G44280.1	2063	1864	21.8012	3.82184
AT5G44280.3	1550	1351	4.19883	1.01557
AT5G44280.2	1984	1785	0	0
AT2G18470.2	2536	2337	0	0
AT2G18470.3	2741	2542	0	0
AT2G18470.1	2397	2198	2.99422	0.445138
AT2G18470.4	2409	2210	0.0057775	0.000854252
AT3G28415.1	3666	3467	0	0
AT3G28415.2	3690	3491	0	0
AT2G43890.1	2060	1861	36.4515	6.40041
AT3G58630.1	1528	1329	41.6634	10.244
AT3G58630.2	2355	2156	2.33663	0.354144
AT4G13985.1	1380	1181	0	0
AT1G71270.1	2471	2272	178.987	25.7425
AT2G47115.1	986	787	0	0
AT3G13300.1	4621	4422	375.524	27.7496
AT3G13300.2	4516	4317	249.349	18.874
AT3G13300.3	4950	4751	23.8094	1.63758
AT1G75940.1	1904	1705	0	0
AT1G65250.1	1633	1434	11.1606	2.54317
AT1G03280.1	1966	1767	113.786	21.0422
AT1G03280.2	2312	2113	11.2078	1.73325
AT1G03280.3	1948	1749	0.00608933	0.00113767
AT1G10155.1	2367	2168	32.992	4.97264
AT1G34047.1	581	382	0	0
AT1G34047.2	502	303	0	0
AT5G12010.1	1978	1779	197	36.185
AT5G08160.1	1651	1452	221	49.7352
AT5G08160.2	1448	1249	1.15491e-07	3.0215e-08
AT1G26690.1	995	796	31	12.7259
AT1G61190.3	4692	4493	14.5871	1.06089
AT1G61190.1	2904	2705	212.568	25.6784
AT1G61190.4	3271	3072	83.9624	8.93104
AT1G61190.2	4887	4688	0	0
AT5G37380.9	1827	1628	2.64023e-05	5.2994e-06
AT5G37380.3	1829	1630	4.67362	0.936924
AT5G37380.5	1907	1708	0	0
AT5G37380.1	1935	1736	0	0
AT5G37380.6	2516	2317	0	0
AT5G37380.2	1864	1665	0.0083623	0.00164116
AT5G37380.7	2473	2274	3.65653	0.525433
AT5G37380.4	1851	1652	67.6615	13.3835
AT5G37380.8	1993	1794	0	0
AT1G64390.1	2762	2563	1128	143.813
AT3G27300.5	2067	1868	0	0
AT3G27300.2	2134	1935	0	0
AT3G27300.4	2080	1881	0	0
AT3G27300.3	1920	1721	42.5036	8.07019
AT3G27300.1	2057	1858	108.496	19.0813
AT5G22130.1	1902	1703	34.9771	6.71132
AT5G22130.3	1663	1464	0.0228745	0.00510561
AT5G22130.2	1962	1763	0	0
AT3G01470.1	1440	1241	557	146.663
AT1G28230.1	1455	1256	8	2.08132
AT2G47980.1	3696	3497	310	28.9671
AT1G74040.2	2207	2008	25.303	4.11763
AT1G74040.3	1550	1351	0	0
AT1G74040.1	2261	2062	123.697	19.6024
AT3G06330.3	1788	1589	0	0
AT3G06330.2	1705	1506	0	0
AT3G06330.1	1734	1535	52.0339	11.0768
AT3G06330.4	1675	1476	22.9661	5.0844
AT5G06220.3	2767	2568	81.0003	10.3069
AT5G06220.1	2888	2689	158.91	19.3107
AT5G06220.2	3154	2955	116.109	12.8394
AT1G28120.1	1425	1226	144	38.3805
AT5G55010.1	508	309	6	6.34499
AT3G15700.1	1434	1235	4	1.05836
AT3G15700.2	1262	1063	0	0
AT1G67680.1	2571	2372	323.806	44.6075
AT3G22200.2	1880	1681	0	0
AT3G22200.1	1850	1651	274.894	54.4073
AT1G02630.1	1783	1584	0	0
AT1G02630.2	1605	1406	0	0
AT5G41280.1	1235	1036	21	6.62366
AT2G46570.1	2310	2111	9.87602	1.52873
AT2G46570.2	1455	1256	0.123984	0.0322564
AT1G29830.3	2235	2036	5.07687	0.814811
AT1G29830.1	2337	2138	0	0
AT1G29830.2	2245	2046	0.0183155	0.00292517
AT3G13530.1	8033	7834	176.461	7.36045
AT2G07665.1	380	181	0	0
AT2G17442.7	1447	1248	1.8326	0.479834
AT2G17442.3	831	632	0	0
AT2G17442.2	872	673	0	0
AT2G17442.5	766	567	2.1674	1.24909
AT2G17442.8	807	608	0	0
AT2G17442.1	841	642	0	0
AT2G17442.6	844	645	0	0
AT2G17442.4	811	612	0	0
AT2G37640.1	1670	1471	74.0791	16.4559
AT2G37640.2	1114	915	106.921	38.1838
AT1G02640.1	2773	2574	49	6.22051
AT2G40000.1	1847	1648	76	15.0694
AT2G42850.1	1948	1749	0	0
AT2G42850.2	2051	1852	6	1.05864
AT4G34412.1	776	577	22.9788	13.0134
AT1G23350.1	1245	1046	1	0.312397
AT4G26701.1	549	350	0	0
AT3G57660.1	5013	4814	0	0
AT3G57660.2	5610	5411	271	16.3655
AT5G01560.1	3170	2971	52	5.71925
AT2G41210.1	2863	2664	15	1.8399
AT2G37340.4	1498	1299	2.01892	0.507865
AT2G37340.6	1313	1114	3.77183e-07	1.10638e-07
AT2G37340.2	1320	1121	10.9431	3.18986
AT2G37340.3	1398	1199	8.85378	2.41295
AT2G37340.5	1358	1159	24.855	7.00759
AT2G37340.1	1180	981	185.329	61.7324
AT3G28710.1	1544	1345	424.507	103.134
AT1G66245.1	864	665	0	0
AT2G31985.1	957	758	1	0.431091
AT1G19310.1	1076	877	19	7.07933
AT1G33990.1	1536	1337	230	56.2127
AT2G18938.1	789	590	4	2.21537
AT4G04470.2	627	428	40.3	30.768
AT4G04470.1	1667	1468	36.7	8.16918
AT2G14900.1	715	516	30	18.9981
AT5G52520.1	2029	1830	273	48.7472
AT5G42360.1	2261	2062	48.9807	7.76201
AT2G34000.1	813	614	2	1.06439
AT3G12130.1	1437	1238	77.1019	20.3509
AT3G12130.2	1376	1177	34.8981	9.68867
AT1G73660.1	4101	3902	286	23.9506
AT4G22280.1	1507	1308	0.000192219	4.80205e-05
AT4G22280.2	1496	1297	3.12172	0.786488
AT2G26770.1	2024	1825	63.5108	11.3716
AT2G26770.3	2058	1859	59.2649	10.4173
AT2G26770.2	1996	1797	114.224	20.7706
AT3G22022.1	204	18.2087	0	0
AT2G20900.2	1973	1774	83.4092	15.3638
AT2G20900.1	2021	1822	0	0
AT2G20900.4	1854	1655	28.2494	5.57763
AT2G20900.3	2065	1866	17.3414	3.03676
AT4G00950.1	1292	1093	26	7.77305
AT1G69588.1	884	685	5	2.38516
AT1G79850.1	710	511	1117	714.28
AT5G40060.1	4001	3802	45	3.86758
AT5G40060.2	3735	3536	0	0
AT1G46768.3	925	726	4.88496	2.19868
AT1G46768.2	1057	858	6.11504	2.3289
AT1G46768.1	1124	925	0	0
AT4G13070.1	1817	1618	29	5.85677
AT5G36450.1	604	405	0	0
AT3G61580.1	1951	1752	740	138.018
AT3G54670.1	4314	4115	164	13.023
AT5G59080.1	3477	3278	8.76471	0.873709
AT5G59080.2	2729	2530	30.2353	3.9051
AT4G03156.1	234	36.8813	0	0
AT2G25370.2	1812	1613	0	0
AT2G25370.1	1812	1613	0	0
AT3G24040.1	1573	1374	96	22.8309
AT5G34882.1	348	149	0	0
AT1G63300.1	3529	3330	72	7.06524
AT5G57560.1	1590	1391	120	28.1898
AT5G02400.1	2469	2270	20	2.87901
AT3G02320.1	2225	2026	74	11.9352
AT1G73540.1	1097	898	34	12.372
AT3G02677.1	502	303	0	0
AT4G32720.1	1734	1535	262.842	55.9532
AT4G32720.2	1699	1500	58.1578	12.6694
AT4G13968.1	270	71.016	0	0
AT2G34260.2	1281	1082	37.6644	11.3748
AT2G34260.1	1576	1377	9.33559	2.21537
AT3G24860.1	1060	861	16	6.07233
AT5G03490.1	1869	1670	29	5.6744
AT3G45440.1	2037	1838	0	0
AT3G45440.4	2185	1986	8	1.31628
AT3G45440.2	2487	2288	0	0
AT3G45440.3	2573	2374	0	0
AT1G26530.1	1339	1140	6.02933	1.72823
AT1G21528.1	463	264	0	0
AT5G36360.1	357	158	0	0
AT5G53250.1	745	546	42	25.1359
AT4G20110.2	2405	2206	0	0
AT4G20110.1	2378	2179	140	20.9947
AT3G15630.1	1011	812	31	12.4751
AT1G75770.1	987	788	13	5.39083
AT2G02835.1	597	398	0	0
AT5G51190.1	965	766	0	0
AT5G64890.1	675	476	2	1.37297
AT4G16810.1	1105	906	0	0
AT3G47870.1	1581	1382	0	0
AT1G72990.4	2476	2277	13.3573	1.91688
AT1G72990.2	2624	2425	26.285	3.54188
AT1G72990.3	2619	2420	0	0
AT1G72990.1	2627	2428	6.35771	0.855639
AT2G10920.1	427	228	0	0
AT2G40095.2	1538	1339	0	0
AT2G40095.1	1352	1153	10.2706	2.91075
AT2G40095.3	1310	1111	2.7294	0.802771
AT1G72100.1	1690	1491	0	0
AT2G37690.1	2462	2263	100	14.4396
AT3G21250.3	4924	4725	0.0268369	0.00185596
AT3G21250.2	5013	4814	33.4107	2.26787
AT3G21250.1	4861	4662	0.120516	0.00844718
AT3G21250.6	4695	4496	216.183	15.7121
AT3G21250.4	4903	4704	141.259	9.81264
AT3G21250.5	4751	4552	8.18064e-05	5.8725e-06
AT3G55513.1	335	136	0	0
AT2G41240.2	775	576	58.2408	33.0403
AT2G41240.1	1157	958	82.7592	28.2286
AT4G22485.1	1971	1772	2084.86	384.461
AT3G24506.1	1047	848	76	29.2857
AT1G74170.1	3626	3427	38.9406	3.71302
AT1G74170.2	3274	3075	2.05941	0.218844
AT1G51890.5	2973	2774	3.20625	0.377684
AT1G51890.4	2710	2511	13.3152	1.73277
AT1G51890.3	3107	2908	0	0
AT1G51890.2	3136	2937	0	0
AT1G51890.1	3070	2871	29.4785	3.35514
AT1G38065.1	1741	1542	0	0
AT1G38065.2	1794	1595	72.3636	14.8251
AT5G06250.5	1294	1095	0	0
AT5G06250.4	1330	1131	0	0
AT5G06250.1	870	671	3.15473	1.53631
AT5G06250.3	1219	1020	3.56339	1.14157
AT5G06250.2	1666	1467	3.28188	0.731023
AT5G39750.1	1068	869	0	0
AT1G33640.1	409	210	0	0
AT2G27080.2	1202	1003	0	0
AT2G27080.1	1217	1018	31	9.95067
AT5G52110.2	1419	1220	15.587	4.17484
AT5G52110.1	1112	913	31.5534	11.2931
AT5G44680.1	1722	1523	110	23.601
AT1G60900.1	2131	1932	248	41.9453
AT3G51800.2	1581	1382	521.416	123.286
AT3G51800.1	1705	1506	69.2955	15.0355
AT3G51800.3	1395	1196	256.288	70.0222
AT1G77930.2	1699	1500	0	0
AT1G77930.3	1359	1160	17.8318	5.02316
AT1G77930.1	1274	1075	119.168	36.2235
AT1G10380.1	1374	1175	37.1177	10.3224
AT1G10380.2	1515	1316	12.8823	3.19871
AT2G23410.1	1079	880	8	2.97061
AT1G26170.1	3581	3382	121	11.691
AT1G08165.1	776	577	4	2.26528
AT1G14350.4	1481	1282	0	0
AT1G14350.3	1692	1493	0	0
AT1G14350.1	2010	1811	110.552	19.9474
AT1G14350.2	2157	1958	22.4481	3.74632
AT5G62623.1	356	157	0	0
AT1G32975.1	363	164	0	0
AT4G39920.1	1610	1411	46	10.6529
AT1G19270.2	2237	2038	25.6548	4.11342
AT1G19270.1	2434	2235	11.3452	1.65872
ATMG00730.1	1447	1248	2.37339	0.621431
AT4G16855.1	565	366	0	0
AT4G16855.2	538	339	2	1.92783
AT5G58070.1	1272	1073	291.824	88.8709
AT5G26170.1	1082	883	6	2.22039
AT3G50910.1	2110	1911	179.07	30.6197
AT4G11970.7	1021	822	4.58891	1.82421
AT4G11970.4	1698	1499	0	0
AT4G11970.3	1691	1492	0	0
AT4G11970.6	1090	891	0	0
AT4G11970.5	1352	1153	2.20041e-05	6.2361e-06
AT4G11970.2	1586	1387	16.3261	3.84631
AT4G11970.1	1931	1732	12.085	2.28
AT1G06510.1	1252	1053	69	21.4121
AT5G25960.1	1080	881	0	0
AT4G02340.1	1313	1114	80	23.4662
AT1G09500.2	1814	1615	0	0
AT1G09500.1	1421	1222	0	0
AT1G09500.3	983	784	1	0.416795
AT3G23030.1	1060	861	156	59.2052
AT3G23030.2	1358	1159	0	0
AT5G43170.1	702	503	19.4088	12.6086
AT3G01930.2	2185	1986	58.423	9.61265
AT3G01930.3	1486	1287	0	0
AT3G01930.1	2530	2331	22.577	3.16492
AT1G35330.1	1044	845	1	0.386707
AT1G26630.1	967	768	2517.15	1070.99
AT1G26630.2	919	720	49.8495	22.6239
AT4G37970.1	1337	1138	6.05263	1.73796
AT4G37970.2	1412	1213	0	0
AT4G37970.3	1354	1155	0	0
AT4G37970.4	1341	1142	5.94737	1.70176
AT3G44810.1	1347	1148	0	0
AT3G11250.1	1341	1142	203	58.0856
AT2G14692.1	594	395	0	0
AT4G00953.1	495	296	1.19355	1.31761
AT5G48390.1	2889	2690	2	0.24295
AT4G18980.1	1049	850	0	0
AT5G41810.2	1269	1070	29.8188	9.10636
AT5G41810.1	1418	1219	8.18121	2.19307
AT5G53290.1	1568	1369	36	8.59285
AT1G62560.1	1897	1698	160.434	30.8743
AT1G62560.2	2284	2085	13.5658	2.12607
AT2G38140.1	610	411	744	591.52
AT2G28120.1	2150	1951	8	1.3399
AT1G62990.1	1521	1322	42	10.3814
AT3G47010.2	1949	1750	0	0
AT3G47010.3	1736	1537	4.26957	0.907712
AT3G47010.1	1966	1767	30.7304	5.68291
AT3G47010.4	1394	1195	0	0
AT2G29940.1	4786	4587	17	1.21104
AT5G28310.1	702	503	0	0
AT2G26200.2	1928	1729	0	0
AT2G26200.1	2137	1938	77	12.983
AT3G50160.1	2015	1816	2	0.359876
AT1G30740.1	1604	1405	0	0
AT1G30740.2	1745	1546	0	0
AT3G13750.1	3493	3294	546	54.1636
AT5G10250.2	2084	1885	3	0.520054
AT5G10250.1	2031	1832	0	0
AT2G39730.3	1928	1729	6456.65	1220.26
AT2G39730.1	1977	1778	14484.7	2662.06
AT2G39730.2	1988	1789	16474.6	3009.14
AT4G11770.1	1191	992	0	0
AT5G27610.1	3433	3234	30	3.03123
AT1G20070.1	1139	940	125	43.4531
AT1G17610.2	1571	1372	0	0
AT1G17610.1	3307	3108	5.46441	0.574514
AT5G09520.1	815	616	22	11.6703
AT3G18820.1	1078	879	249	92.5654
AT5G35926.1	1944	1745	8	1.49807
AT5G35926.2	2026	1827	0	0
AT1G51870.1	2514	2315	2	0.282304
AT1G51870.2	3017	2818	0	0
AT2G26430.4	1594	1395	50.6964	11.8752
AT2G26430.1	1703	1504	30.0782	6.53496
AT2G26430.2	1582	1383	19.2253	4.54245
AT2G26430.3	1673	1474	0	0
AT1G21770.1	572	373	86.8049	76.0455
AT5G55250.2	1349	1150	0	0
AT5G55250.1	1443	1244	17	4.46547
AT3G28720.2	2487	2288	9.65669e-05	1.37915e-05
AT3G28720.1	2459	2260	133	19.2301
AT5G56450.1	1563	1364	18	4.31218
AT1G50260.1	2601	2402	20.4136	2.77706
AT1G50260.2	2248	2049	28.5864	4.55886
AT4G14380.1	1195	996	2	0.656159
AT1G79680.1	2595	2396	2	0.272761
AT5G35770.1	1793	1594	1	0.204998
AT3G60415.1	983	784	28	11.6703
AT5G35950.1	1335	1136	0	0
AT5G15910.2	1111	912	3.8787e-05	1.38973e-05
AT5G15910.1	1369	1170	127	35.4696
AT4G36820.1	1372	1173	1	0.278574
AT3G05340.1	2704	2505	13.5826	1.7718
AT3G53730.1	1131	932	254	89.0546
AT4G10310.1	1930	1731	16	3.02038
AT3G45645.1	192	14.0216	0	0
AT3G57170.2	2633	2434	0	0
AT3G57170.1	2577	2378	69	9.48147
AT1G51860.2	2767	2568	11.2301	1.42898
AT1G51860.1	3219	3020	46.7699	5.06055
AT1G07840.1	1383	1184	75.5597	20.8534
AT1G07840.3	1410	1211	9.4902	2.56077
AT1G07840.2	1433	1234	22.9501	6.07726
AT1G77890.3	1818	1619	10.811	2.182
AT1G77890.2	2275	2076	0	0
AT1G77890.5	1759	1560	17.189	3.60052
AT1G77890.4	2257	2058	0	0
AT1G77890.1	2323	2124	0	0
AT5G04460.4	3032	2833	0	0
AT5G04460.2	2970	2771	0	0
AT5G04460.1	3331	3132	0	0
AT5G04460.3	3112	2913	33.5192	3.76003
AT5G04460.5	3386	3187	11.4338	1.17233
AT5G04460.6	2759	2560	37.0469	4.7288
AT2G05920.1	3026	2827	1173	135.585
AT1G75490.1	1489	1290	8	2.02646
AT1G25682.2	1392	1193	10.945	2.99786
AT1G25682.1	1283	1084	49.055	14.7874
AT1G62740.1	1983	1784	281	51.4695
AT1G56260.1	1017	818	11	4.39418
AT1G56260.2	1106	907	0	0
AT1G55340.1	1284	1085	62.919	18.9492
AT1G55340.2	1254	1055	43.081	13.3435
AT3G24350.1	1533	1334	115	28.1696
AT3G24350.2	1511	1312	0	0
AT5G26630.1	809	610	1	0.535684
AT1G31620.1	336	137	0	0
AT3G19150.3	1277	1078	0	0
AT3G19150.1	1185	986	22	7.29095
AT3G19150.2	814	615	0	0
AT4G02541.1	141	6.28195	0	0
AT1G58310.1	1518	1319	0	0
AT4G14805.1	661	462	0	0
AT4G35780.1	2288	2089	93	14.5473
AT3G19170.1	3734	3535	446.661	41.2883
AT3G19170.2	3457	3258	704.339	70.643
AT2G46290.1	1362	1163	17	4.77648
AT3G21110.2	1840	1641	0	0
AT3G21110.3	1667	1468	43.8108	9.752
AT3G21110.1	1747	1548	68.1892	14.394
AT2G29570.1	1183	984	107.17	35.5889
AT1G67710.2	2274	2075	0	0
AT1G67710.1	2193	1994	21	3.44138
AT1G67710.3	2267	2068	0	0
AT3G45670.1	1140	941	0	0
AT2G37170.1	1205	1006	814.943	264.708
AT2G37170.2	1345	1146	40.9286	11.6703
AT5G39370.1	393	194	0	0
AT1G53760.1	1266	1067	74	22.6624
AT1G53760.2	1115	916	0	0
AT1G72390.2	4588	4389	0.0096347	0.000717317
AT1G72390.1	4707	4508	238.99	17.3235
AT4G28850.1	1181	982	3	0.99827
AT1G65590.1	2271	2072	122	19.2401
AT1G74280.1	1472	1273	24.8949	6.3903
AT1G03770.4	2054	1855	0	0
AT1G03770.6	1473	1274	5.2518	1.34703
AT1G03770.3	1751	1552	16.7482	3.52626
AT1G03770.1	1815	1616	0	0
AT1G03770.5	1976	1777	0	0
AT1G03770.2	1659	1460	0	0
AT5G40780.2	1900	1701	0	0
AT5G40780.1	1897	1698	64.2486	12.3642
AT5G40780.3	1712	1513	127.751	27.5908
AT1G59530.1	519	320	0	0
AT4G20870.1	1102	903	140	50.6616
AT4G20870.2	1221	1022	0	0
AT2G31550.1	1205	1006	0	0
AT1G04200.2	3102	2903	16.8642	1.89827
AT1G04200.3	2440	2241	32.293	4.70874
AT1G04200.1	2760	2561	101.843	12.9945
AT2G13510.1	855	656	0	0
AT1G79370.1	1641	1442	0	0
AT5G62660.1	1140	941	0	0
AT1G80860.2	1099	900	35.5263	12.8987
AT1G80860.1	1023	824	18.4737	7.32596
AT1G61180.2	3414	3215	55.1143	5.60172
AT1G61180.1	3239	3040	20.4979	2.20331
AT4G29020.1	921	722	509.647	230.659
AT4G29020.2	666	467	71.3529	49.9268
AT1G12805.1	560	361	12	10.8621
AT1G60030.1	2309	2110	5	0.77433
AT2G30370.2	1361	1162	0	0
AT2G30370.1	1057	858	4.45839	1.69797
AT2G30370.3	979	780	2.54161	1.06476
AT1G74790.1	2759	2560	328	41.867
AT1G09390.1	1498	1299	40	10.0621
AT1G45201.1	2040	1841	340.038	60.3549
AT1G45201.3	2305	2106	39.7358	6.16542
AT1G45201.2	1933	1734	26.2258	4.94218
AT2G36900.1	1881	1682	17.8304	3.46396
AT2G36900.3	1488	1289	0	0
AT2G36900.2	1315	1116	36.1696	10.5905
AT4G18780.1	3347	3148	56	5.81288
AT5G03800.1	2913	2714	31	3.73242
AT3G17365.1	1049	850	26	9.99523
AT3G17365.2	1093	894	0	0
AT5G15880.1	1429	1230	77	20.4562
AT5G38386.1	1272	1073	0	0
AT5G38386.2	1474	1275	0	0
AT3G46330.2	2919	2720	3.34435	0.401773
AT3G46330.1	2991	2792	38.4576	4.50096
AT1G22940.1	1774	1575	90	18.6724
AT1G22720.1	660	461	0	0
AT2G32410.2	1969	1770	0	0
AT2G32410.1	1971	1772	53	9.77351
AT2G32410.3	2142	1943	0	0
AT5G51010.1	886	687	172.603	82.0976
AT4G18680.1	708	509	0	0
AT1G80560.1	1461	1262	198	51.2677
AT2G23096.1	899	700	0	0
AT1G76790.1	1370	1171	40	11.162
AT5G23150.3	4792	4593	10.8637	0.772891
AT5G23150.1	5131	4932	133.754	8.8618
AT5G23150.2	5202	5003	46.3823	3.02943
AT5G04430.1	1585	1386	467.827	110.296
AT5G04430.2	1648	1449	303.173	68.3692
AT1G72840.3	4094	3895	4.58645e-05	3.84775e-06
AT1G72840.2	4049	3850	28.5184	2.42049
AT1G72840.4	3374	3175	1.48155	0.152479
AT1G72840.1	4122	3923	1.23091e-08	1.02529e-09
AT5G20995.1	409	210	0	0
AT3G50290.1	1585	1386	2	0.471525
AT1G19210.1	895	696	0	0
AT5G12390.1	1193	994	25.9526	8.53166
AT5G14300.1	750	551	0	0
AT4G27230.1	785	586	115.386	64.3417
AT4G27230.2	641	442	71.6143	52.9439
AT3G53290.1	1224	1025	0	0
AT4G30010.1	915	716	478	218.149
AT1G68990.2	3270	3071	0	0
AT1G68990.1	3674	3475	130	12.2244
AT1G05290.1	1126	927	0	0
AT1G76670.1	1723	1524	391.909	84.0308
AT1G76670.2	1789	1590	24.0909	4.95102
AT2G34060.1	1353	1154	32	9.06113
AT5G01900.1	1085	886	4	1.47525
AT5G41750.2	4910	4711	32.5576	2.25828
AT5G41750.1	4217	4018	0	0
AT3G03160.1	987	788	101	41.8826
AT5G06580.1	2055	1856	95	16.7257
AT2G43100.1	1198	999	300	98.1283
AT4G01450.4	1579	1380	30.4644	7.2136
AT4G01450.2	1677	1478	60.8625	13.4559
AT4G01450.3	1392	1193	39.0061	10.6839
AT4G01450.1	1361	1162	27.667	7.78026
AT1G03630.1	1787	1588	122.85	25.2791
AT1G03630.2	1379	1180	418.15	115.795
AT3G26660.1	383	184	0	0
AT2G11815.1	411	212	0	0
AT2G38120.1	2252	2053	371.396	59.1135
AT2G38120.2	2727	2528	28.6039	3.69731
AT5G41530.1	429	230	0	0
AT4G21300.1	2735	2536	20	2.57703
AT3G30520.1	1194	995	0	0
AT2G40765.1	543	344	200	189.981
AT3G51230.1	1144	945	24	8.29885
AT5G50650.1	1673	1474	27.5	6.0964
AT2G37410.1	1273	1074	211.545	64.3632
AT2G37410.2	1009	810	144.455	58.2753
AT2G24540.1	1342	1143	74	21.1555
AT4G37640.1	3708	3509	245	22.815
AT1G71250.1	1284	1085	0	0
AT5G01440.1	914	715	0	0
AT5G43240.4	1676	1477	0	0
AT5G43240.3	1868	1669	0	0
AT5G43240.1	1697	1498	0	0
AT5G43240.2	1434	1235	0	0
AT1G73160.1	1701	1502	5	1.08777
AT2G29400.1	1486	1287	227	57.6349
AT2G28370.1	1199	1000	148	48.3615
AT1G06230.3	3523	3324	25.5047	2.50725
AT1G06230.1	3316	3117	232.363	24.3595
AT1G06230.4	3217	3018	0	0
AT1G06230.2	3602	3403	70.1324	6.73434
AT2G22590.1	1624	1425	20	4.58621
AT4G28530.1	1594	1395	0	0
AT4G28530.2	1357	1158	4	1.12873
AT1G29025.1	2198	1999	50	8.17326
AT5G49120.1	759	560	3.00737	1.75484
AT1G51580.1	1954	1755	73	13.592
AT5G51585.1	711	512	6.92713	4.42101
AT2G02010.1	1904	1705	59	11.3075
AT2G02010.2	2194	1995	0	0
AT4G16390.1	2460	2261	297	42.9234
AT4G16510.2	1168	969	17.8412	6.01643
AT4G16510.1	1882	1683	7.22318	1.40243
AT1G01290.1	2021	1822	14.6699	2.63098
AT1G01290.2	1400	1201	25.3301	6.8918
AT1G72020.1	790	591	470	259.866
AT1G70475.1	363	164	4.06468	8.0988
AT1G01620.1	1549	1350	495	119.815
AT1G01620.2	1279	1080	911	275.634
AT3G60245.1	672	473	1730	1195.15
AT5G12350.1	3963	3764	145.32	12.6158
AT1G02550.1	729	530	0	0
AT5G42500.1	957	758	17.304	7.45961
AT1G55830.2	1974	1775	29.2582	5.38627
AT1G55830.1	1976	1777	0	0
AT1G55830.3	1792	1593	12.7418	2.61368
AT2G25560.1	2702	2503	48	6.26641
AT1G79180.2	1211	1012	0	0
AT1G79180.1	1368	1169	6	1.67716
AT5G02230.1	1199	1000	46.7888	15.289
AT5G02230.2	1933	1734	8.07764	1.52221
AT5G02230.3	1289	1090	3.13357	0.939403
AT3G52820.1	1828	1629	12	2.40712
AT5G28615.1	450	251	0	0
AT1G57830.1	560	361	0	0
AT2G27520.1	1083	884	0	0
AT3G14600.1	1037	838	763	297.522
AT3G12460.1	1037	838	2	0.779874
AT3G54560.2	829	630	14.5531	7.54838
AT3G54560.1	891	692	131.447	62.0701
AT4G11780.1	1713	1514	16	3.45329
AT3G04390.1	240	42.049	0	0
AT3G08560.1	747	548	0	0
AT1G59171.2	277	78.0044	0	0
AT1G59171.1	1155	956	0	0
AT2G03580.1	435	236	0	0
AT1G62210.1	860	661	0	0
AT5G57090.2	2801	2602	131	16.4514
AT5G57090.1	2965	2766	0	0
AT2G14850.1	1417	1218	36	9.65814
AT3G03340.2	1772	1573	0	0
AT3G03340.1	1718	1519	115.74	24.8979
AT3G03340.3	1749	1550	0	0
AT2G36680.4	806	607	0.0105069	0.0056562
AT2G36680.2	946	747	21.8225	9.54603
AT2G36680.3	1220	1021	11.167	3.57394
AT2G36680.1	1152	953	0	0
AT2G05360.1	1077	878	0	0
AT3G17470.3	2013	1814	10.5578	1.90183
AT3G17470.1	1963	1764	43.4421	8.04732
AT3G17470.2	1983	1784	0.000103991	1.90475e-05
AT5G10910.1	1567	1368	84	20.0646
AT3G24515.3	1524	1325	0	0
AT3G24515.4	1515	1316	0	0
AT3G24515.1	1463	1264	6	1.55111
AT3G24515.2	1572	1373	0	0
AT1G77720.1	2826	2627	62	7.71205
AT2G46810.2	2480	2281	11.1841	1.6022
AT2G46810.3	2123	1924	7.54958	1.2822
AT2G46810.4	2445	2246	0	0
AT2G46810.1	1415	1216	60.2663	16.1949
AT4G38300.1	834	635	8.29835	4.27028
AT5G56640.2	1303	1104	0	0
AT5G56640.1	1328	1129	0	0
AT3G28540.1	2075	1876	0	0
AT3G28540.2	1641	1442	12	2.71928
ATMG00513.1	1446	1247	1	0.262043
AT5G44300.1	607	408	0	0
AT1G02860.3	1065	866	0	0
AT1G02860.1	1517	1318	24	5.95024
AT1G02860.2	1511	1312	0	0
AT5G11150.1	1364	1165	36.9005	10.3501
AT5G11150.2	1143	944	15.0995	5.22673
AT2G01620.1	1029	830	52	20.4722
AT1G67970.1	1719	1520	8	1.71983
AT5G13740.1	2392	2193	568.812	84.7556
AT5G13740.2	1652	1453	246.188	55.3656
AT5G18400.1	1294	1095	2.42725e-05	7.24334e-06
AT5G18400.2	1296	1097	86.6052	25.7974
AT5G18400.3	1182	983	46.3315	15.4014
AT4G38150.3	1680	1481	16.274	3.59068
AT4G38150.1	1589	1390	2.0085	0.472167
AT4G38150.2	1026	827	20.7175	8.18598
AT4G00300.1	1751	1552	200	42.1092
AT5G27800.1	1029	830	0	0
AT5G40620.1	677	478	0	0
AT1G73950.1	2035	1836	51	9.07686
AT1G73950.2	1824	1625	0	0
AT5G38990.1	2980	2781	149.564	17.5737
AT1G66120.1	1854	1655	1	0.197442
AT1G14690.2	2526	2327	54.37	7.63487
AT1G14690.1	2609	2410	76.63	10.3901
AT4G39360.1	850	651	0	0
AT3G26000.1	2386	2187	148	22.1132
AT4G31685.1	587	388	0	0
AT5G62130.3	2826	2627	26.2842	3.26943
AT5G62130.1	1866	1667	111.172	21.7921
AT5G62130.4	1945	1746	60.5438	11.3309
AT5G62130.2	2039	1840	0	0
AT5G51450.2	2745	2546	18.5511	2.38094
AT5G51450.1	2254	2055	35.4489	5.63676
AT2G01360.1	549	350	0	0
AT4G39925.1	429	230	2.76803	3.93262
AT1G13160.1	2654	2455	234	31.146
AT1G68723.1	566	367	3.94475	3.5123
AT1G42960.1	845	646	361	182.605
AT3G08620.2	1077	878	17.3627	6.4619
AT3G08620.1	1426	1227	27.6373	7.3602
AT1G12970.1	1886	1687	10	1.93697
AT4G20210.1	2035	1836	17	3.02562
AT1G24240.1	975	776	34.5	14.5277
AT1G24240.2	1053	854	0	0
AT1G78050.1	1553	1354	121	29.2015
ATMG00210.1	558	359	0.349638	0.318245
AT1G54890.1	1501	1302	38	9.53698
AT3G24360.1	1523	1324	0	0
AT3G24360.4	1714	1515	0	0
AT3G24360.3	1411	1212	7	1.88727
AT3G24360.6	1167	968	0	0
AT3G24360.5	1095	896	0	0
AT3G24360.2	1503	1304	0	0
AT5G50250.1	1136	937	177	61.7266
AT3G55130.1	2615	2416	220.795	29.8628
AT2G16050.1	1157	958	11	3.75202
AT2G17770.1	1056	857	0	0
AT2G17770.3	1313	1114	0	0
AT2G17770.2	960	761	0	0
AT2G45460.4	3125	2926	18.0617	2.01708
AT2G45460.2	3186	2987	0	0
AT2G45460.1	2963	2764	6.93827	0.82026
AT2G45460.3	3117	2918	0	0
AT5G52090.1	2031	1832	0	0
AT3G44920.1	2664	2465	0	0
AT4G01420.1	615	416	0	0
AT4G01420.2	841	642	0	0
AT1G05005.1	684	485	0	0
AT4G07960.2	2652	2453	10	1.33211
AT4G07960.1	2710	2511	0	0
AT1G65680.1	1096	897	3	1.09287
AT5G39240.1	610	411	6	4.77032
AT1G51720.2	2653	2454	0	0
AT1G51720.3	2401	2202	0	0
AT1G51720.4	1767	1568	0	0
AT1G51720.1	2497	2298	125	17.7745
AT4G01915.3	768	569	2.01079	1.15476
AT4G01915.2	1447	1248	30.6828	8.03377
AT4G01915.1	1364	1165	0	0
AT4G01915.4	1364	1165	0	0
AT2G32440.1	1953	1754	73.9639	13.7793
AT2G32440.2	1787	1588	28.0361	5.76907
AT3G52115.1	2199	2000	20	3.26767
AT5G23670.2	1979	1780	0	0
AT5G23670.1	2072	1873	155	27.0416
AT3G25010.2	2834	2635	0	0
AT3G25010.1	2692	2493	8.56419	1.12254
AT1G75750.1	760	561	269	156.685
AT1G75750.2	607	408	0	0
AT3G15940.1	2565	2366	12.0788	1.6682
AT3G15940.2	2675	2476	134.921	17.8061
AT5G15500.2	1614	1415	0	0
AT5G15500.1	1893	1694	0	0
AT2G44970.1	1850	1651	194.923	38.5794
AT2G44970.3	2045	1846	0	0
AT2G44970.2	1825	1626	0.0766064	0.0153951
AT2G18240.1	1324	1125	20.1794	5.86129
AT2G18240.2	1101	902	15.8206	5.73133
AT2G22610.2	3339	3140	2.78613e-06	2.89942e-07
AT2G22610.1	3402	3203	80.6423	8.22705
AT2G22610.3	3385	3186	9.35772	0.95976
AT3G22330.1	2338	2139	171	26.123
AT2G27660.1	2512	2313	96	13.5623
AT1G28005.1	689	490	0	0
AT2G04630.1	945	746	111	48.6208
AT5G55800.1	1737	1538	0	0
AT3G08820.1	2276	2077	11	1.73059
AT2G16220.1	1224	1025	0	0
AT1G65210.1	747	548	0	0
AT1G35500.1	417	218	0	0
AT1G25460.1	1256	1057	14	4.32804
AT3G11440.1	2140	1941	0	0
AT3G11440.2	2233	2034	0	0
AT3G11440.4	2009	1810	14	2.52748
AT3G11440.3	2089	1890	0	0
AT1G46264.1	1589	1390	56	13.1647
AT1G33010.1	1086	887	0	0
AT1G80960.1	1731	1532	5	1.06647
AT1G80960.6	1514	1315	0	0
AT1G80960.5	1730	1531	0	0
AT1G80960.3	1599	1400	0	0
AT1G80960.4	2366	2167	0	0
AT1G80960.2	1779	1580	0	0
AT5G42825.1	994	795	0	0
AT1G55240.1	1285	1086	2	0.601781
AT2G12646.3	1219	1020	0	0
AT2G12646.2	1228	1029	35	11.1145
AT2G12646.1	1247	1048	2.64342e-08	8.24219e-09
AT1G78940.2	2473	2274	0	0
AT1G78940.1	2507	2308	16	2.26528
AT1G78940.3	2725	2526	0	0
AT1G67650.1	2225	2026	4.1942	0.676469
AT1G65890.1	1945	1746	9.89732	1.8523
AT2G04137.1	264	65.044	0	0
AT5G40650.1	1142	943	93.9443	32.5535
AT5G40650.2	1989	1790	5.55065	1.01328
AT3G61035.2	1508	1309	0	0
AT3G61035.3	1400	1201	0	0
AT3G61035.1	1261	1062	0	0
AT3G61035.4	1303	1104	0	0
AT4G02780.1	2675	2476	2	0.263948
AT5G15690.1	585	386	0	0
AT4G15233.6	4393	4194	0	0
AT4G15233.7	4255	4056	29.0868	2.34335
AT4G15233.4	4381	4182	0	0
AT4G15233.1	4301	4102	6.93627e-05	5.52546e-06
AT4G15233.8	4265	4066	1.72184	0.138377
AT4G15233.3	4775	4576	0	0
AT4G15233.5	4194	3995	0	0
AT4G15233.2	4376	4177	0	0
AT5G19110.1	1491	1292	5	1.26458
AT5G19110.2	1636	1437	0	0
AT5G47000.1	1531	1332	0	0
AT2G42005.1	1730	1531	1	0.213434
ATCG00340.1	2205	2006	94	15.3121
AT5G12040.1	1628	1429	169.54	38.7684
AT5G12040.2	1608	1409	31.4603	7.29609
AT5G38610.1	769	570	14	8.02586
AT1G32530.1	2484	2285	96	13.7285
AT2G13660.1	856	657	15	7.46044
AT3G28243.1	114	4.78619	0	0
AT3G26210.1	2189	1990	34	5.58296
AT2G20560.1	1533	1334	42	10.288
AT1G18860.1	1885	1686	22	4.26387
AT1G66235.1	985	786	0	0
AT1G66235.2	999	800	0	0
AT5G06780.2	1489	1290	21.1031	5.34558
AT5G06780.1	1683	1484	45.8969	10.1062
AT3G48000.1	2161	1962	733	122.08
AT1G18830.3	3067	2868	0	0
AT1G18830.1	2963	2764	6	0.709335
AT1G18830.2	3384	3185	0	0
AT2G32730.1	3517	3318	743	73.173
AT5G43590.1	1449	1250	1	0.261414
AT5G43590.2	1724	1525	0	0
AT2G39865.1	147	6.75012	0	0
AT3G59170.1	1422	1223	0	0
AT1G44790.1	931	732	80	35.7123
AT2G40935.4	1008	809	0	0
AT2G40935.7	1100	901	0	0
AT2G40935.5	943	744	0	0
AT2G40935.6	917	718	4.70484e-07	2.14121e-07
AT2G40935.1	907	708	4.62622	2.13517
AT2G40935.9	981	782	0	0
AT2G40935.3	756	557	3.93378	2.30777
AT2G40935.2	982	783	10.44	4.3569
AT2G40935.8	859	660	0	0
AT5G44600.1	1274	1075	30	9.11908
AT4G16120.1	2609	2410	94	12.7453
AT4G36420.1	929	730	92	41.1816
AT4G36450.1	1651	1452	0	0
AT2G20605.1	346	147	0	0
AT5G43530.1	4084	3885	9	0.756989
AT4G21550.1	2283	2084	16	2.50877
AT4G21550.2	2397	2198	0	0
AT4G21550.3	1793	1594	0	0
AT3G30720.1	654	455	3	2.15451
AT3G30720.3	534	335	0	0
AT3G30720.2	684	485	0	0
AT4G09440.1	534	335	0	0
AT1G63690.1	2415	2216	36.3279	5.35684
AT1G63690.2	2049	1850	132.672	23.434
AT2G16660.1	2215	2016	296.124	47.9978
AT2G16660.2	2990	2791	67.8758	7.94682
AT3G10220.1	1109	910	94	33.754
AT1G23000.2	1578	1379	24.9282	5.90697
AT1G23000.1	1773	1574	8.07179	1.67573
AT1G14700.1	1350	1151	31.0619	8.81843
AT1G14700.4	1464	1265	13.1513	3.39717
AT1G14700.3	1768	1569	0	0
AT1G14700.2	1243	1044	11.7868	3.68921
AT1G31170.5	1160	961	0	0
AT1G31170.2	532	333	16.6411	16.3297
AT1G31170.3	570	371	13.665	12.0357
AT1G31170.4	866	667	0	0
AT1G31170.1	1400	1201	20.6939	5.63038
AT1G27660.1	2066	1867	21.0385	3.68221
AT1G19050.1	943	744	60	26.3522
AT5G63490.2	1909	1710	16.5884	3.1699
AT5G63490.1	2089	1890	53.4116	9.23448
AT5G38250.1	2099	1900	0	0
AT1G19670.1	1454	1255	106	27.5995
AT5G26670.4	1325	1126	29.2235	8.48071
AT5G26670.2	2083	1884	0	0
AT5G26670.1	1999	1800	22.3956	4.06563
AT5G26670.3	1519	1320	22.3809	5.54042
AT5G44360.1	1775	1576	0	0
AT5G44360.2	1906	1707	0	0
AT5G43285.1	287	88.0006	0	0
AT1G08030.1	2013	1814	79	14.2308
AT1G08030.2	1804	1605	2.32636e-06	4.73632e-07
AT1G66330.2	1713	1514	91.5204	19.7529
AT1G66330.1	1610	1411	220.48	51.0599
AT3G04920.2	1135	936	3.80998	1.3301
AT3G04920.1	938	739	759.19	335.695
AT5G25140.1	1915	1716	38.9506	7.41712
AT2G18196.1	1215	1016	13	4.18108
AT2G18196.2	1910	1711	0	0
AT1G16225.3	1075	876	4	1.49209
AT1G16225.1	724	525	0	0
AT1G16225.2	1097	898	0	0
AT1G03610.2	1974	1775	0	0
AT1G03610.1	1897	1698	79	15.2029
AT1G26450.1	1148	949	32	11.0185
AT1G03160.3	2905	2706	22.4061	2.70569
AT1G03160.2	2948	2749	0	0
AT1G03160.4	2806	2607	2.55425	0.320156
AT1G03160.1	2940	2741	138.04	16.4563
AT1G20060.9	2962	2763	1.90792e-07	2.25641e-08
AT1G20060.3	3181	2982	18.8139	2.06162
AT1G20060.6	3085	2886	0	0
AT1G20060.10	2864	2665	9.18612	1.12635
AT1G20060.2	3274	3075	0	0
AT1G20060.5	3093	2894	0	0
AT1G20060.4	3078	2879	0	0
AT1G20060.1	2981	2782	0	0
AT1G20060.7	2997	2798	0	0
AT1G20060.8	3007	2808	0	0
AT3G42310.1	246	47.5399	0	0
AT4G02950.1	957	758	1	0.431091
AT1G20880.1	2242	2043	30	4.79834
AT1G20880.3	1496	1297	0	0
AT1G20880.2	2219	2020	0	0
AT1G07820.1	978	779	110.882	46.5118
AT1G07820.2	859	660	104.879	51.9257
AT2G46505.1	1291	1092	216	64.6353
AT3G16130.1	1879	1680	0	0
AT3G61117.1	129	5.5143	0	0
AT5G61100.1	819	620	0	0
AT5G61100.2	1028	829	1	0.39417
AT3G25012.1	315	116	0	0
AT3G12900.1	1416	1217	360	96.6608
AT5G38010.1	1703	1504	23.7623	5.16272
AT5G28950.1	447	248	0	0
AT4G01070.1	2030	1831	477.729	85.2573
AT4G01070.2	1564	1365	9.27092	2.21936
AT4G04972.1	728	529	0	0
AT4G14200.1	2694	2495	94	12.3111
AT2G34040.1	2183	1984	180.605	29.7459
AT2G34040.3	2269	2070	0	0
AT2G34040.2	1436	1237	18.3949	4.85922
AT5G23020.1	1829	1630	373	74.7755
AT3G07050.1	2078	1879	423	73.5617
AT1G08510.1	2241	2042	402	64.3293
AT2G46980.3	2773	2574	0	0
AT2G46980.5	3255	3056	0	0
AT2G46980.6	3077	2878	29.0903	3.3029
AT2G46980.2	3073	2874	0	0
AT2G46980.4	3549	3350	0	0
AT2G46980.1	1593	1394	2.9097	0.682063
AT4G14060.1	828	629	4	2.07801
AT1G70920.2	1187	988	0	0
AT1G70920.1	1099	900	1	0.363075
AT5G61865.1	1751	1552	11	2.316
AT2G25964.1	649	450	17	12.3445
AT5G27530.1	1377	1178	0	0
AT1G26180.2	1528	1329	8.77498	2.15754
AT1G26180.1	1436	1237	83.225	21.9848
AT5G25470.3	1056	857	2	0.762584
AT5G25470.1	1351	1152	0	0
AT5G25470.2	1204	1005	0	0
AT4G11390.2	1839	1640	0	0
AT4G11390.1	1612	1413	1	0.231258
AT1G34360.2	2376	2177	9.80373	1.47154
AT1G34360.3	1816	1617	0	0
AT1G34360.1	1972	1773	44.1963	8.14545
AT2G05753.1	303	104	0	0
AT2G30170.6	1205	1006	0	0
AT2G30170.1	1137	938	49.79	17.3451
AT2G30170.4	1263	1064	8.66404	2.66083
AT2G30170.3	1165	966	14.2277	4.81279
AT2G30170.7	1202	1003	30.4756	9.92864
AT2G30170.2	539	340	6.84261	6.5763
AT2G30170.5	1207	1008	6.01644e-08	1.95037e-08
AT4G02080.1	901	702	241	112.181
AT5G28830.1	1408	1209	29	7.83809
AT3G61010.3	2077	1878	0.0458367	0.00797547
AT3G61010.1	2403	2204	73.1053	10.8387
AT3G61010.2	1853	1654	42.8488	8.46529
AT5G38380.2	1311	1112	0	0
AT5G38380.1	1603	1404	53	12.3352
AT1G53025.1	2485	2286	9.44628	1.35028
AT1G53025.2	2243	2044	19.5537	3.12598
AT5G44550.1	961	762	92	39.4522
AT5G14050.1	2055	1856	220	38.7332
AT5G46810.1	1127	928	0	0
AT2G24810.1	582	383	0	0
AT1G55380.1	2104	1905	11.2011	1.92135
AT2G16060.1	989	790	204	84.3804
AT3G54320.5	1291	1092	0.00388192	0.00116161
AT3G54320.3	1835	1636	17.2274	3.44093
AT3G54320.4	1964	1765	0	0
AT3G54320.1	1470	1271	15.6246	4.01701
AT3G54320.2	1302	1103	25.144	7.449
AT2G30560.1	659	460	0	0
AT1G75910.1	1296	1097	0	0
AT5G18748.1	210	20.9285	0	0
AT4G04480.1	1203	1004	0	0
AT3G46735.2	361	162	0.512468	1.03369
AT3G46735.1	1189	990	0	0
AT2G33700.1	2350	2151	145	22.0275
AT1G47640.1	1180	981	170	56.6263
AT4G04790.3	2651	2452	0	0
AT4G04790.1	2663	2464	18	2.3871
AT4G04790.2	2734	2535	0	0
AT5G04830.2	1216	1017	111.413	35.7976
AT5G04830.1	960	761	174.587	74.9662
AT5G22040.3	1125	926	16.4097	5.79064
AT5G22040.2	1879	1680	20.5386	3.99484
AT5G22040.1	1352	1153	9.05177	2.56533
AT2G17800.1	1458	1259	157	40.7486
AT2G17800.2	1360	1161	0	0
AT5G14210.1	3935	3736	129.528	11.3291
AT5G14210.3	3786	3587	0	0
AT5G14210.2	3903	3704	72.2222	6.37144
AT1G21850.1	1656	1457	0	0
AT4G00620.1	1862	1663	89	17.4878
AT2G27120.2	6486	6287	1.08119e-05	5.6195e-07
AT2G27120.1	6426	6227	0.652916	0.0342623
AT2G27120.3	6429	6230	0.375593	0.0197001
AT1G30790.1	1354	1155	0	0
AT2G15560.1	2208	2009	115	18.7049
AT2G15560.2	2027	1828	0	0
AT4G12495.1	282	83.0016	7.08299	27.8849
AT3G50260.1	969	770	9	3.81936
AT2G17690.1	1625	1426	0	0
AT1G31070.1	2098	1899	0	0
AT1G31070.2	2031	1832	135	24.0795
AT5G25420.1	1260	1061	0	0
AT3G47530.1	2003	1804	9	1.63021
AT1G48170.1	1120	921	40.7431	14.4555
AT2G28550.4	2387	2188	18.6507	2.78539
AT2G28550.6	1942	1743	138.06	25.8826
AT2G28550.1	2235	2036	192.589	30.9095
AT2G28550.3	2280	2081	36.9234	5.79786
AT2G28550.5	2169	1970	234.778	38.943
AT2G28550.2	2493	2294	0	0
AT1G54360.4	1581	1382	7.871	1.86106
AT1G54360.3	1658	1459	27.8081	6.22807
AT1G54360.1	1663	1464	95.6921	21.3586
AT1G54360.6	1625	1426	5.6288	1.28984
AT1G54360.5	1535	1336	0	0
AT1G54360.2	1716	1517	0	0
AT4G02140.1	1742	1543	4	0.847096
AT4G02140.2	1629	1430	0	0
AT1G72150.1	2361	2162	694	104.892
AT3G46110.3	1596	1397	2.81724	0.65897
AT3G46110.2	1643	1444	0	0
AT3G46110.1	1531	1332	6.18276	1.51676
AT3G48440.1	1982	1783	47	8.6136
AT4G12880.1	903	704	168.119	78.0339
AT4G12880.2	568	369	45.8806	40.6295
AT4G32770.1	1958	1759	172	31.9522
AT1G71530.2	2964	2765	0	0
AT1G71530.3	1305	1106	0	0
AT1G71530.4	1086	887	0	0
AT1G71530.1	2813	2614	30	3.7502
AT5G61250.2	1918	1719	32.1608	6.1135
AT5G61250.1	1920	1721	8.46437	1.60713
AT5G61250.3	1719	1520	8.37481	1.8004
AT5G49525.1	620	421	2	1.55234
AT2G28330.1	1016	817	23	9.19907
AT5G08520.1	2022	1823	47.3894	8.49441
AT5G16690.2	2594	2395	0	0
AT5G16690.1	2438	2239	40	5.83773
AT4G02970.1	813	614	84	44.7043
AT4G09980.1	3419	3220	160.999	16.3383
AT4G09980.2	3369	3170	0.000797556	8.22129e-05
AT5G27960.1	963	764	0	0
AT2G44800.1	1258	1059	9	2.77706
AT5G50300.2	2150	1951	0	0
AT5G50300.1	2061	1862	24	4.21182
AT1G68570.1	2086	1887	94.35	16.3384
AT1G68570.2	1866	1667	28.65	5.616
AT2G25220.1	1764	1565	5.74394	1.19932
AT2G25220.3	1836	1637	0	0
AT2G25220.5	1597	1398	13.2561	3.09846
AT2G25220.6	1614	1415	0	0
AT2G25220.4	1712	1513	0	0
AT2G25220.2	1573	1374	0	0
AT5G08110.3	3741	3542	0	0
AT5G08110.1	3577	3378	5.10524	0.493849
AT5G08110.2	3573	3374	19.8948	1.92678
AT1G03840.2	1590	1391	8.64565	2.03099
AT1G03840.1	1923	1724	10.3544	1.96257
AT1G21738.1	234	36.8813	0	0
AT3G04250.1	879	680	0	0
AT3G66654.5	1419	1220	0	0
AT3G66654.1	1268	1069	77.4248	23.6669
AT3G66654.3	1567	1368	0	0
AT3G66654.2	1338	1139	0.349899	0.100382
AT3G66654.4	1335	1136	7.22525	2.07832
AT4G01400.1	1548	1349	12	2.90675
AT2G01570.1	2322	2123	349	53.7173
AT2G17280.2	1167	968	0	0
AT2G17280.1	1233	1034	34	10.7448
AT3G20380.1	1414	1215	17	4.57205
AT1G76570.1	1215	1016	69	22.1919
AT5G13190.1	1577	1378	65	15.4135
AT5G13190.2	1657	1458	0	0
AT3G05775.1	405	206	0	0
AT1G11870.1	1770	1571	83.8801	17.447
AT1G11870.3	1756	1557	0	0
AT1G11870.2	2142	1943	8.69702	1.46264
AT1G11870.5	1833	1634	36.5994	7.31914
AT1G11870.6	1446	1247	29.8235	7.81503
AT1G11870.4	1948	1749	0	0
AT1G23240.1	966	767	0	0
AT1G23240.3	783	584	0	0
AT1G23240.4	1253	1054	0	0
AT1G23240.2	1337	1138	0	0
AT1G10970.2	1647	1448	13.8697	3.12995
AT1G10970.1	1125	926	6.13027	2.16325
AT3G13275.1	775	576	8	4.53843
AT3G19470.1	1388	1189	0.750001	0.206119
AT3G19470.2	1552	1353	8.25	1.99248
AT2G41720.3	2862	2663	0.000285904	3.50822e-05
AT2G41720.1	2766	2567	101.993	12.9833
AT2G41720.2	2384	2185	36.0066	5.38479
AT1G22015.1	1522	1323	0	0
AT2G33100.1	3399	3200	0.192181	0.0196246
AT2G33100.2	3395	3196	0.807819	0.0825934
AT2G20530.1	1187	988	119.607	39.5582
AT2G20530.2	1214	1015	70.1079	22.5704
AT4G23380.1	1203	1004	0	0
AT1G73330.1	1110	911	389	139.531
AT1G18870.1	2021	1822	6.64964	1.19258
AT1G18870.2	1747	1548	9.35036	1.97377
AT1G18870.3	1949	1750	0	0
AT3G20550.1	1387	1188	55	15.1281
AT1G35140.1	1253	1054	41	12.7111
AT5G28850.1	2413	2214	0	0
AT5G28850.2	2390	2191	136.139	20.3038
AT4G12690.1	1409	1210	9	2.4305
AT4G12690.2	1595	1396	0	0
AT4G10720.2	1522	1323	0	0
AT4G10720.1	1567	1368	8	1.91092
AT3G08720.2	2385	2186	6.05662	0.905355
AT3G08720.4	1954	1755	17.1634	3.19569
AT3G08720.3	2088	1889	0	0
AT3G08720.1	2022	1823	46.9807	8.42115
AT3G25170.3	551	352	0	0
AT3G25170.2	542	343	0	0
AT3G25170.1	841	642	0	0
AT5G46760.1	2569	2370	225	31.0222
AT5G40200.1	2321	2122	179	27.5642
AT2G02026.1	180	11.1077	0	0
AT1G61290.2	1264	1065	0	0
AT1G61290.1	994	795	0	0
AT3G23410.1	2586	2387	96.8638	13.2601
AT3G23410.2	2241	2042	129.136	20.6648
AT2G19070.1	1530	1331	0	0
AT2G30160.1	1497	1298	81	20.3915
AT1G79580.1	1626	1427	0	0
AT1G79580.2	1637	1438	0	0
AT1G79580.4	1906	1707	0	0
AT1G79580.5	1534	1335	0	0
AT1G79580.3	1578	1379	11	2.60655
AT1G17170.1	1201	1002	237	77.2892
AT2G35060.3	3444	3245	33.3554	3.35884
AT2G35060.1	2897	2698	0	0
AT2G35060.4	2763	2564	220.645	28.1199
AT2G35060.2	2750	2551	0	0
AT5G47520.1	1440	1241	45	11.8489
AT1G53940.1	1574	1375	0	0
AT1G53940.2	1437	1238	5	1.31974
AT3G29797.1	538	339	0	0
AT5G05880.1	1699	1500	20	4.35689
AT3G24503.1	1945	1746	538	100.688
AT3G18790.1	1408	1209	121	32.7037
AT5G49645.1	706	507	40.6999	26.2315
AT5G48160.1	2209	2010	68.1356	11.0769
AT5G48160.2	2091	1892	173.864	30.0281
AT1G05675.1	1493	1294	13.2213	3.33871
AT5G22340.2	1325	1126	235.687	68.3967
AT5G22340.1	1804	1605	60.3132	12.2793
AT4G00050.2	1572	1373	148.334	35.3029
AT4G00050.3	1244	1045	42.1237	13.1719
AT4G00050.1	1759	1560	81.5418	17.0802
AT5G50540.1	962	763	0	0
AT5G28823.1	1707	1508	0	0
AT5G55090.1	1530	1331	10	2.45505
AT5G55090.2	1562	1363	0	0
AT4G25610.3	2173	1974	8.6932	1.43903
AT4G25610.1	2398	2199	19.0457	2.83015
AT4G25610.2	2206	2007	19.2611	3.13597
AT2G17640.1	1401	1202	39	10.6023
AT1G65420.1	1017	818	22	8.78836
AT1G01990.1	1483	1284	60	15.2695
AT1G47610.1	1330	1131	0	0
AT1G71220.3	5179	4980	266.109	17.4609
AT1G71220.2	5068	4869	122.199	8.20101
AT1G71220.1	5105	4906	60.6922	4.04244
AT4G23020.2	1613	1414	0	0
AT4G23020.1	1597	1398	27	6.31095
AT2G02103.1	1396	1197	0	0
AT3G61100.1	801	602	25	13.5701
AT3G21710.2	1061	862	16.4575	6.23873
AT3G21710.1	1348	1149	13.5425	3.85137
AT3G56970.1	1082	883	199.15	73.6983
AT5G59240.1	894	695	16	7.5227
AT2G37880.1	1039	840	2	0.778017
AT4G27090.1	730	531	1796	1105.22
AT3G60060.1	465	266	0	0
AT5G54170.1	1978	1779	120	22.0416
AT3G61571.1	224	29.2345	0	0
AT2G31480.1	2069	1870	1	0.174742
AT4G27470.1	1179	980	27.1034	9.03724
AT1G32600.1	882	683	0	0
AT5G59750.2	1798	1599	0	0
AT5G59750.3	1981	1782	0	0
AT5G59750.1	1873	1674	103	20.1057
AT4G08875.1	354	155	0	0
AT1G79910.3	1149	950	2.44144	0.839771
AT1G79910.2	1799	1600	0	0
AT1G79910.1	1482	1283	11.5586	2.94385
AT1G16480.1	3312	3113	14.4455	1.51632
AT1G16480.2	2881	2682	2.55452	0.311236
AT4G02150.1	2022	1823	199	35.6701
AT4G02150.2	2113	1914	0	0
AT5G16190.3	2097	1898	2.62854	0.45254
AT5G16190.2	2170	1971	15.4084	2.55452
AT5G16190.1	1445	1246	20.9631	5.49762
AT5G16190.4	2132	1933	0	0
AT4G35985.3	1763	1564	10.1922	2.12946
AT4G35985.2	1791	1592	3.6841	0.756183
AT4G35985.1	2052	1853	2.12368	0.374499
AT3G07730.1	1771	1572	3.47788	0.722936
AT3G07730.2	1319	1120	1.52212	0.444089
AT2G25780.1	658	459	0	0
AT3G06436.1	303	104	2.27568	7.15016
AT1G66860.1	1516	1317	0	0
AT3G46570.1	1071	872	0	0
AT5G30500.1	1204	1005	0	0
AT5G30500.2	1339	1140	0	0
AT4G30190.2	3339	3140	1784.48	185.704
AT4G30190.1	3599	3400	1791.54	172.181
AT2G46410.1	763	564	17	9.84936
AT5G57565.7	1211	1012	0.0105931	0.00342044
AT5G57565.3	1337	1138	0	0
AT5G57565.4	1255	1056	0	0
AT5G57565.6	1353	1154	0	0
AT5G57565.1	1319	1120	1.36878e-06	3.9935e-07
AT5G57565.2	1417	1218	11.0331	2.95997
AT5G57565.5	645	446	0.528362	0.387111
AT5G61450.1	1850	1651	76	15.042
AT1G15010.1	776	577	1	0.566321
AT1G08590.1	3743	3544	82	7.56064
AT5G07820.1	2306	2107	22	3.4119
AT3G28958.1	528	329	0	0
AT4G14120.1	1757	1558	16.9196	3.54862
AT3G02125.1	1416	1217	2	0.537004
AT4G29710.1	810	611	1.06197	0.567947
AT3G15570.1	2061	1862	122.14	21.4347
AT3G58360.1	897	698	0	0
AT3G15050.1	901	702	0	0
AT1G65720.1	1422	1223	244	65.1931
AT3G49155.1	840	641	0	0
AT3G06830.1	2273	2074	0	0
AT1G47290.1	1526	1327	26.1286	6.43403
AT1G47290.2	1806	1607	68.8714	14.0043
AT4G15765.1	1195	996	5.01224	1.64441
AT4G15765.4	1749	1550	6.0824	1.28228
AT4G15765.3	1778	1579	0	0
AT4G15765.5	1658	1459	8.90537	1.9945
AT4G15765.2	1851	1652	0	0
AT4G18520.1	2119	1920	12	2.04229
AT1G74990.1	631	432	0	0
AT5G66790.1	2630	2431	8	1.07533
AT1G71710.1	2450	2251	27.3945	3.97673
AT1G71710.2	2391	2192	94.6055	14.1031
AT3G05790.1	2829	2630	2	0.248492
AT3G05790.2	3078	2879	0	0
AT3G06455.1	1488	1289	9	2.28154
AT1G67820.1	1550	1351	0	0
AT1G67820.2	1375	1176	11	3.0565
AT2G34400.1	2149	1950	8	1.34058
AT5G27606.1	813	614	0	0
AT1G67720.1	3555	3356	115	11.1973
AT5G61950.1	4128	3929	23	1.91286
AT2G19120.1	4070	3871	22	1.85711
AT3G44100.1	949	750	174	75.81
AT1G59590.1	1205	1006	18	5.84673
AT4G08180.4	3435	3236	18.5977	1.87797
AT4G08180.2	2987	2788	67.689	7.93348
AT4G08180.1	3261	3062	49.4534	5.27751
AT4G08180.3	2987	2788	0	0
AT4G18730.1	850	651	980.2	492.008
AT1G12810.1	768	569	69	39.6255
AT1G12810.2	849	650	0	0
AT5G56030.1	2788	2589	1510.63	190.662
AT5G56030.2	2316	2117	2069.36	319.413
AT2G20540.1	1614	1415	0	0
AT2G20540.2	1937	1738	6.13459	1.15338
AT3G44170.1	468	269	0	0
AT4G36000.1	1483	1284	0	0
AT4G36000.2	1382	1183	1	0.276219
AT2G17850.1	523	324	6	6.05124
AT2G17850.3	619	420	0	0
AT2G17850.2	621	422	0	0
AT3G27925.2	1467	1268	148.372	38.2358
AT3G27925.1	1779	1580	207.628	42.9406
AT1G05910.1	4018	3819	234	20.0219
AT2G45220.1	1968	1769	72	13.2997
AT2G21920.1	837	638	0	0
AT4G05523.1	666	467	0	0
AT3G07070.1	1902	1703	20	3.83755
AT4G17700.1	847	648	0	0
AT5G63070.1	496	297	0	0
AT5G02890.1	1512	1313	45	11.1992
AT4G37720.1	275	76.0064	0	0
AT3G63260.1	2043	1844	200.449	35.5206
AT3G63260.2	2075	1876	33.7019	5.87029
AT5G16590.1	2421	2222	212	31.1767
AT3G07620.1	1452	1253	0	0
AT3G21820.1	1740	1541	69	14.6314
AT5G63550.2	2026	1827	62.0339	11.095
AT5G63550.1	2144	1945	32.9661	5.53843
AT1G56190.2	1734	1535	364.735	77.6439
AT1G56190.1	1933	1734	348.543	65.6818
AT2G30530.1	1530	1331	74	18.1674
AT1G19860.1	1866	1667	111.174	21.7925
AT1G19860.2	2395	2196	3.82589	0.569297
AT4G09820.1	2005	1806	16	2.89495
AT3G11210.1	1689	1490	73	16.0094
AT5G18180.1	726	527	2	1.2401
AT1G68600.1	2029	1830	22	3.92835
AT2G22820.1	351	152	1	2.14978
AT3G42628.1	138	6.07083	0	0
AT2G05600.1	720	521	0	0
AT1G66490.1	1083	884	0	0
AT3G45400.1	2067	1868	31	5.42279
AT3G58550.1	790	591	88	48.6557
AT2G41070.5	1149	950	0	0
AT2G41070.4	999	800	0	0
AT2G41070.2	1360	1161	7.8944	2.2219
AT2G41070.1	1269	1070	0	0
AT2G41070.3	1379	1180	7.1056	1.96769
AT2G07310.1	792	593	0	0
AT1G22280.2	1542	1343	5.72391	1.39269
AT1G22280.1	1589	1390	30.2914	7.12103
AT1G22280.3	1486	1287	106.985	27.1632
AT3G27240.1	1530	1331	502	123.243
AT2G21260.2	1196	997	0	0
AT2G21260.1	1112	913	3.66222	1.31073
AT5G64450.1	546	347	1	0.941692
AT1G56560.1	2525	2326	77	10.8173
AT1G05440.1	1619	1420	8	1.84094
AT3G02860.2	1288	1089	33.4755	10.0447
AT3G02860.1	1409	1210	31.5245	8.51337
AT3G54760.2	2918	2719	105.475	12.6759
AT3G54760.1	3011	2812	194.525	22.6047
AT5G28750.1	663	464	280	197.187
AT1G70175.1	318	119	0	0
AT4G12070.1	1848	1649	31	6.14298
AT4G24020.1	3483	3284	147.044	14.6313
AT4G24020.2	3349	3150	43.9556	4.55976
AT4G05000.2	1007	808	28.3193	11.4527
AT4G05000.3	1466	1267	3.0935	0.797833
AT4G05000.1	1147	948	6.58719	2.27055
AT2G23240.2	395	196	0	0
AT2G23240.1	595	396	0	0
AT2G47720.1	219	25.9389	0	0
AT1G11510.2	1018	819	0	0
AT1G11510.1	1207	1008	0	0
AT2G04925.1	421	222	0	0
AT2G33710.2	939	740	5.84699	2.5819
AT2G33710.1	1671	1472	28.153	6.24964
AT4G17580.1	744	545	0	0
AT2G32930.2	2188	1989	36.2295	5.95204
AT2G32930.3	1639	1440	26.7705	6.0748
AT2G32930.1	1900	1701	0	0
AT2G27170.3	4440	4241	23.434	1.80558
AT2G27170.4	4374	4175	0.0546505	0.00427736
AT2G27170.1	4079	3880	65.8114	5.54252
AT2G27170.2	3990	3791	91.7	7.90413
AT1G04760.1	1179	980	17	5.66841
AT1G04760.2	1379	1180	0	0
AT2G15180.1	1425	1226	0	0
AT1G73930.2	2467	2268	37.8525	5.45368
AT1G73930.1	2650	2451	107.148	14.2849
AT3G44350.1	695	496	0	0
AT3G44350.2	1019	820	1	0.398496
AT4G22960.1	1951	1752	2	0.373022
AT2G19590.1	2275	2076	13.4299	2.1139
AT2G19590.2	2176	1977	35.5701	5.87918
AT2G19280.3	2367	2168	0	0
AT2G19280.1	3462	3263	0	0
AT2G19280.2	3386	3187	44	4.51138
AT2G19280.4	2250	2051	2.05569e-06	3.27515e-07
AT1G50760.1	310	111	0	0
AT1G54720.1	366	167	0	0
AT3G60840.1	2170	1971	53	8.78674
AT3G15180.1	1904	1705	90	17.2487
AT3G15180.2	1919	1720	0	0
AT1G17910.1	2295	2096	0	0
AT2G47620.1	1846	1647	67	13.2929
AT2G47620.2	1926	1727	0	0
AT5G57080.1	495	296	4	4.41577
AT5G04710.1	2011	1812	146	26.3289
AT3G08930.1	2088	1889	324	56.0469
AT1G64850.1	906	707	104	48.0676
AT5G27110.1	2095	1896	8	1.37876
AT2G31300.2	1352	1153	0	0
AT2G31300.1	1545	1346	40.6556	9.86991
AT4G15500.1	1717	1518	39	8.3952
AT2G23200.1	2650	2451	42.5631	5.6745
AT1G23080.4	2671	2472	0.00437121	0.000577819
AT1G23080.3	2516	2317	189.358	26.7053
AT1G23080.2	2787	2588	39.3786	4.97204
AT1G23080.1	2683	2484	54.2586	7.13766
AT3G32904.1	993	794	0	0
AT3G59190.1	2062	1863	1	0.175398
AT3G59190.2	2097	1898	0	0
AT1G50400.1	1332	1133	3	0.865226
AT4G01935.1	952	753	34.8675	15.1309
AT3G48300.1	1513	1314	0	0
AT3G48300.2	1665	1466	0	0
AT2G36330.2	1352	1153	0	0
AT2G36330.1	1202	1003	32	10.4253
AT5G51150.1	2162	1963	81	13.4835
AT2G20770.1	1624	1425	14	3.21034
AT2G21050.1	1882	1683	160	31.0652
AT1G45474.1	921	722	231.238	104.655
AT1G45474.2	980	781	271.762	113.704
AT1G58170.1	1322	1123	23	6.69247
AT4G18320.1	1006	807	0	0
AT4G18320.2	1458	1259	0	0
AT5G37590.2	2044	1845	46.1189	8.1681
AT5G37590.1	1964	1765	6.88109	1.27395
AT5G03130.1	927	728	2.21975	0.996348
AT3G32896.1	483	284	0	0
AT5G61020.2	1865	1666	557.577	109.362
AT5G61020.1	2135	1936	196.423	33.1532
AT4G34570.2	2145	1946	10.0018	1.67948
AT4G34570.1	2054	1855	34.5673	6.08919
AT4G34570.4	1922	1723	2.82087e-08	5.34979e-09
AT4G34570.3	2012	1813	12.8816	2.32172
AT4G34570.5	1850	1651	5.3227	1.05347
AT1G52450.2	3509	3310	6.46216	0.637952
AT1G52450.1	3502	3303	6.53784	0.646791
AT1G31040.1	1397	1198	8	2.18208
AT2G03670.2	2076	1877	0	0
AT2G03670.1	2019	1820	33	5.9249
AT1G57540.2	674	475	0	0
AT1G57540.3	982	783	2.94871	1.23057
AT1G57540.1	1010	811	11.0513	4.45277
AT2G05170.1	3543	3344	198	19.3481
AT3G52370.1	1797	1598	197	40.2836
AT3G52370.2	1852	1653	0	0
AT5G09340.1	240	42.049	0	0
AT1G68630.1	1402	1203	1.74969	0.475263
AT5G39050.1	2037	1838	88	15.645
AT3G62940.4	1725	1526	23.316	4.99274
AT3G62940.5	1427	1228	30.3375	8.07273
AT3G62940.2	1390	1191	0	0
AT3G62940.3	1501	1302	34.45	8.64602
AT3G62940.1	1374	1175	46.8964	13.0419
AT3G56760.1	2269	2070	105	16.5751
AT3G05930.1	926	727	18	8.09052
AT4G02260.2	3308	3109	85.0404	8.93805
AT4G02260.3	3377	3178	108.765	11.1834
AT4G02260.4	3239	3040	0	0
AT4G02260.1	3294	3095	137.194	14.4848
AT1G17980.2	2693	2494	0	0
AT1G17980.1	2709	2510	93.2295	12.1372
AT2G35345.1	467	268	2	2.43856
AT4G02350.1	2684	2485	0	0
AT4G02350.2	2610	2411	173	23.447
AT1G77500.1	3434	3235	63	6.36363
AT1G05370.1	1714	1515	15	3.23532
AT4G22890.2	1414	1215	57.6145	15.4951
AT4G22890.4	1410	1211	0.000134564	3.63096e-05
AT4G22890.3	1413	1214	168.377	45.3214
AT4G22890.5	1413	1214	5.55869e-05	1.49621e-05
AT4G22890.1	1435	1236	1002.01	264.906
AT5G66010.2	1168	969	10.6407	3.58827
AT5G66010.1	1135	936	48.3593	16.8827
AT4G38410.1	1001	802	18	7.33393
AT2G24290.1	1014	815	54	21.6508
AT1G27100.1	2326	2127	143	21.9688
AT1G79810.2	1536	1337	29.7605	7.27356
AT1G79810.1	1532	1333	65.1431	15.9689
AT3G19274.1	600	401	0	0
AT3G47630.2	1576	1377	6.23068	1.47856
AT3G47630.3	1772	1573	7.3643	1.52982
AT3G47630.5	1459	1260	0	0
AT3G47630.4	1855	1656	0	0
AT3G47630.1	1741	1542	0.174654	0.0370111
AT3G47630.6	1563	1364	26.2304	6.28389
AT2G29125.1	918	719	5	2.27237
AT1G71930.1	1322	1123	4	1.16391
AT1G71930.2	1489	1290	0	0
AT1G71850.1	1633	1434	41	9.34271
AT1G32270.2	1473	1274	0	0
AT1G32270.1	1491	1292	0	0
AT4G11570.2	1861	1662	397.873	78.2261
AT4G11570.1	1531	1332	60.1273	14.7505
AT4G12140.1	609	410	0	0
AT3G14020.1	1861	1662	9.67808	1.90281
AT3G14020.2	1471	1272	20.3219	5.22055
AT5G65683.1	2956	2757	184	21.8082
AT3G28220.1	1588	1389	99	23.2901
AT3G17780.1	1124	925	88	31.087
AT1G80100.3	970	771	0	0
AT1G80100.2	623	424	0	0
AT1G80100.1	846	647	1	0.50505
AT2G17525.1	2290	2091	15	2.3441
AT3G20400.1	420	221	0	0
AT3G11760.1	2872	2673	47	5.74562
AT4G10800.1	1985	1786	3.04778	0.557623
AT4G10800.2	1399	1200	13.9522	3.79927
AT2G21530.1	894	695	214	100.616
AT1G47450.1	579	380	0	0
AT4G16563.1	2027	1828	72	12.8705
AT3G14080.4	582	383	0	0
AT3G14080.1	891	692	11.383	5.37513
AT3G14080.3	826	627	0	0
AT3G14080.2	990	791	46.617	19.2578
AT5G03250.1	2189	1990	12	1.97046
AT5G03250.2	2108	1909	0	0
AT4G13577.1	936	737	12	5.3205
AT3G11540.1	3933	3734	106.281	9.30077
AT3G11540.2	2879	2680	54.7192	6.6718
AT5G49200.1	1487	1288	1	0.253701
AT1G18570.1	1785	1586	21	4.32668
AT5G44063.1	321	122	2	5.35684
AT2G02061.2	1222	1023	1.99261	0.636481
AT2G02061.1	1227	1028	0.00738847	0.00234855
AT2G45100.1	2033	1834	21	3.74161
AT2G45100.2	2237	2038	0	0
AT2G45100.3	2066	1867	2.69758e-08	4.72138e-09
AT3G19450.1	1813	1614	1329	269.067
AT1G50120.2	2455	2256	0	0
AT1G50120.1	2415	2216	114	16.8102
AT1G43160.1	1045	846	8	3.09
AT3G20600.1	999	800	7.39321	3.01982
AT1G74540.1	1870	1671	2	0.391104
AT5G45000.1	1879	1680	9.43374	1.8349
AT4G04760.2	1562	1363	0	0
AT4G04760.1	1437	1238	0	0
AT4G04760.3	1359	1160	3	0.845087
AT5G01340.1	1417	1218	133	35.6815
AT3G58750.1	2482	2283	142	20.3245
AT1G68130.2	1982	1783	0.421495	0.0772467
AT1G68130.1	2097	1898	48.5785	8.36347
AT1G72130.3	1704	1505	18.8499	4.09271
AT1G72130.1	1821	1622	148.822	29.9815
AT1G72130.2	1903	1704	90.3283	17.3218
AT1G02940.2	975	776	0	0
AT1G02940.1	829	630	0	0
AT1G02940.3	930	731	0	0
AT1G02940.4	791	592	1	0.551971
AT1G62270.1	1152	953	0	0
AT3G49230.1	937	738	0	0
AT1G02100.1	1431	1232	30.4519	8.07684
AT1G02100.2	1326	1127	0	0
AT1G02100.3	1335	1136	89.5481	25.7583
AT4G00330.2	1610	1411	8.76629e-07	2.03015e-07
AT4G00330.1	1587	1388	137	32.253
AT2G04500.1	1993	1794	1	0.182144
AT1G32730.1	1503	1304	47	11.7776
AT5G26190.1	1782	1583	0	0
AT5G37420.1	1740	1541	0	0
AT5G62065.1	494	295	0	0
AT4G34360.1	1135	936	9	3.14199
AT3G20320.2	1551	1352	28.1839	6.81182
AT3G20320.3	1533	1334	0	0
AT3G20320.1	1540	1341	108.816	26.5157
AT1G58290.1	2311	2112	1719	265.962
AT4G22810.1	2043	1844	52	9.21469
AT3G30380.1	1615	1416	0	0
AT3G30380.2	1925	1726	54	10.2233
AT3G63300.1	1759	1560	71	14.8721
AT3G63300.2	2056	1857	0	0
AT1G18190.1	2295	2096	77	12.0043
AT5G44490.2	1685	1486	11	2.41887
AT5G44490.1	1446	1247	0	0
AT2G28070.1	2609	2410	40.5529	5.49849
AT2G28070.2	2193	1994	42.4471	6.95603
AT1G05040.2	996	797	0	0
AT1G05040.1	829	630	0	0
AT4G09731.1	135	5.87326	0	0
AT5G49990.4	1946	1747	61.4481	11.4935
AT5G49990.1	2144	1945	0	0
AT5G49990.3	2283	2084	18.5519	2.90891
AT5G49990.2	2164	1965	0	0
AT2G14580.1	877	678	27	13.0128
AT2G19550.1	999	800	1	0.408459
AT4G09620.2	2259	2060	67.4425	10.6981
AT4G09620.3	974	775	71.386	30.0988
AT4G09620.1	1208	1009	35.1715	11.3904
AT1G07860.1	439	240	1	1.36153
AT2G39180.1	2619	2420	38	5.13105
AT5G21170.2	1271	1072	17.1241	5.21975
AT5G21170.3	1080	881	12.9372	4.79846
AT5G21170.1	1467	1268	12.9388	3.33436
AT3G56020.1	522	323	280.746	284.02
AT2G23170.1	2118	1919	90	15.3252
AT5G66470.1	1765	1566	127.465	26.5973
AT5G66470.2	1593	1394	132.535	31.0675
AT1G04970.1	1791	1592	33.5607	6.88852
AT1G04970.3	2082	1883	19.4124	3.36873
AT1G04970.2	1828	1629	44.027	8.83153
AT5G14010.1	787	588	0	0
AT3G63480.2	1754	1555	0	0
AT3G63480.1	1684	1485	8	1.76036
AT2G44860.1	857	658	212.428	105.493
AT2G44860.2	797	598	30.5721	16.7056
AT1G18460.1	2605	2406	122.722	16.6673
AT3G17790.1	1658	1459	239	53.528
AT2G44010.1	880	681	9	4.31851
AT4G30490.1	1947	1748	156	29.1623
AT5G62230.2	3253	3054	0	0
AT5G62230.1	3507	3308	45	4.44514
AT5G58150.1	2760	2561	0	0
AT2G09840.1	841	642	0	0
AT3G60450.2	1091	892	0	0
AT3G60450.1	1044	845	85	32.8701
AT2G43560.2	1113	914	3.95728	1.41478
AT2G43560.1	921	722	352.043	159.33
AT3G21371.1	207	19.5103	0	0
AT1G75790.1	1977	1778	0	0
AT3G51700.1	1256	1057	0	0
AT5G14120.1	2490	2291	160	22.8209
AT1G53390.1	3874	3675	123	10.9367
AT5G58580.1	1548	1349	10	2.42229
AT1G70860.2	949	750	2	0.871379
AT1G70860.1	198	15.9266	0	0
AT2G45750.1	2268	2069	46	7.265
AT1G57760.1	563	364	0	0
AT3G60400.1	2291	2092	25	3.90496
AT1G48910.1	1256	1057	0	0
AT3G03310.1	1758	1559	46.4627	9.7386
AT2G43040.1	2764	2565	25.65	3.26767
AT2G43040.2	2464	2265	30.35	4.37854
AT4G06746.1	1019	820	2	0.796993
AT2G36530.1	2003	1804	4250.66	769.942
AT2G36530.2	2202	2003	8.34002	1.36058
AT1G17510.1	667	468	23	16.0591
AT2G16750.1	2213	2014	31	5.02968
AT2G16750.2	2489	2290	0	0
AT1G68180.1	1275	1076	0	0
AT1G02060.1	2225	2026	20	3.22574
AT5G06560.1	2624	2425	67	9.0282
AT5G36100.1	1251	1052	0	0
AT5G36100.2	966	767	0	0
AT4G07455.1	341	142	8	18.4094
AT2G13463.1	756	557	0	0
AT2G07656.1	822	623	0	0
AT1G21651.1	2755	2556	20.5781	2.63077
AT5G51070.1	3504	3305	371	36.681
AT4G25450.3	2309	2110	140.939	21.8267
AT4G25450.1	2473	2274	97.0609	13.9474
AT4G25450.2	2439	2240	6.74679e-05	9.84209e-06
AT4G20040.1	1653	1454	7	1.57316
AT5G53210.1	1796	1597	56	11.4583
AT5G53210.2	1725	1526	0	0
AT4G27657.1	713	514	7	4.45014
AT1G21630.2	4469	4270	0	0
AT1G21630.3	4293	4094	264.259	21.0921
AT1G21630.1	4463	4264	225.741	17.2994
AT1G21630.4	4319	4120	0	0
AT5G65550.1	1683	1484	1	0.220193
AT5G62865.1	1004	805	29	11.7717
AT4G30430.1	1124	925	2	0.706524
AT4G35090.3	2597	2398	20.1096	2.74027
AT4G35090.1	2393	2194	3449.24	513.718
AT4G35090.2	2259	2060	1260.66	199.971
AT5G42670.1	1627	1428	52	11.8991
AT2G41970.2	1672	1473	20	4.43676
AT2G41970.1	1665	1466	0	0
AT1G29960.1	1050	851	12.6634	4.86251
AT1G29960.2	1063	864	3.49873e-07	1.32323e-07
AT4G26350.1	1296	1097	0	0
AT4G13572.1	665	466	9	6.31095
AT1G10000.1	1327	1128	5	1.44844
AT1G67730.1	1819	1620	389	78.4645
AT3G54070.1	769	570	0	0
AT5G46115.1	607	408	1	0.8009
AT5G55910.1	2156	1957	358.187	59.8078
AT5G55910.2	2402	2203	22.8125	3.38375
AT5G55770.1	2088	1889	0	0
AT1G65520.1	1023	824	30	11.8969
AT1G63440.1	3190	2991	83	9.06776
AT3G46560.1	719	520	149	93.6313
AT1G69750.5	1312	1113	61.0466	17.9228
AT1G69750.2	2844	2645	0	0
AT1G69750.4	1734	1535	0	0
AT1G69750.3	2719	2520	0	0
AT1G69750.1	2297	2098	2.09124	0.325714
AT3G45285.1	336	137	0	0
AT2G35540.1	2064	1865	34	5.95715
AT1G65350.1	960	761	0	0
AT1G02205.2	2705	2506	12.102	1.57802
AT1G02205.4	2498	2299	3.94499	0.560719
AT1G02205.5	2976	2777	12.3003	1.44736
AT1G02205.1	2357	2158	6.36395	0.963638
AT1G02205.3	2067	1868	14.2888	2.49953
AT3G17720.1	585	386	0	0
AT1G07340.1	1686	1487	0	0
AT3G28590.1	345	146	0	0
AT1G34260.4	4103	3904	56.3006	4.71239
AT1G34260.3	4795	4596	37.5343	2.66862
AT1G34260.1	5048	4849	0	0
AT1G34260.2	5013	4814	44.1651	2.99786
AT3G26360.1	870	671	37.4446	18.235
AT3G26360.2	942	743	16.5554	7.28096
AT5G57180.4	2211	2012	9.26867	1.50532
AT5G57180.1	2625	2426	42.0725	5.6669
AT5G57180.2	2189	1990	78.6588	12.9161
AT5G57180.3	2305	2106	0	0
AT3G14240.1	2977	2778	302	35.5233
AT3G02975.1	309	110	0	0
AT1G53541.1	111	4.6639	0	0
AT1G20360.1	1241	1042	0	0
AT4G27750.1	1139	940	64	22.248
AT1G49450.1	2113	1914	23	3.92667
AT4G15563.8	1441	1242	0.025101	0.00660401
AT4G15563.1	1507	1308	14.8324	3.70545
AT4G15563.10	1768	1569	4.67957	0.974588
AT4G15563.7	1283	1084	0	0
AT4G15563.5	1597	1398	0	0
AT4G15563.3	1658	1459	0	0
AT4G15563.9	1439	1240	0.159657	0.0420731
AT4G15563.6	1368	1169	2.30332	0.643839
AT4G15563.2	1751	1552	0	0
AT4G15563.4	2097	1898	0	0
AT2G24050.1	2761	2562	313	39.9212
AT3G60380.1	2858	2659	127	15.6072
AT2G02720.1	1807	1608	1	0.203213
AT1G21460.1	1224	1025	134.279	42.8079
AT1G21460.2	766	567	13.7205	7.90726
AT5G65780.1	2378	2179	162.004	24.2944
AT5G65780.2	3579	3380	1.65647e-06	1.60142e-07
AT1G54775.1	231	34.449	0	0
AT5G13110.1	2309	2110	349	54.0482
AT3G02800.1	1168	969	8	2.69777
AT4G14100.1	782	583	49.7735	27.8977
AT5G27620.2	1762	1563	0	0
AT5G27620.3	1746	1547	0	0
AT5G27620.1	1722	1523	44	9.44042
AT3G60010.1	688	489	0	0
AT2G37770.2	1392	1193	33	9.03882
AT2G37770.1	1368	1169	0	0
AT5G25000.1	366	167	0	0
AT5G45870.1	714	515	2	1.269
AT1G34760.1	1253	1054	25.529	7.91465
AT1G34760.2	1163	964	28.471	9.65081
AT1G08250.1	1834	1635	82.2103	16.4304
AT1G47885.1	324	125	0	0
AT2G22800.1	1311	1112	20.2588	5.95317
AT3G55460.1	1276	1077	215	65.2321
AT1G76110.1	1420	1221	63	16.8602
AT3G26880.1	714	515	0	0
AT1G61970.1	2985	2786	0	0
AT1G61970.4	2764	2565	0	0
AT1G61970.5	2467	2268	4.87097	0.701796
AT1G61970.3	2780	2581	2.2337e-06	2.82797e-07
AT1G61970.6	3075	2876	0	0
AT1G61970.7	2746	2547	9.12903	1.17121
AT1G61970.2	2880	2681	0	0
AT4G19930.1	1296	1097	0	0
AT5G39850.1	1041	842	32	12.4187
AT5G17410.1	2399	2200	1.83014e-07	2.71831e-08
AT5G17410.2	2361	2162	89	13.4516
AT5G49430.1	5814	5615	68.6151	3.99308
AT5G49430.2	5323	5124	40.3849	2.57542
AT1G35215.1	1075	876	0	0
AT5G03553.1	275	76.0064	4	17.1968
AT5G17710.1	1267	1068	0	0
AT5G17710.2	1421	1222	188.52	50.411
AT5G17710.3	1298	1099	165.48	49.2023
AT3G20700.1	981	782	0	0
AT2G24683.1	283	84.0013	0	0
AT2G33690.1	490	291	0	0
AT3G27410.1	830	631	0	0
AT5G58550.1	3346	3147	82.0975	8.52455
AT4G02670.2	1534	1335	0	0
AT4G02670.1	1306	1107	1	0.295183
AT5G44840.1	1271	1072	0	0
AT5G43970.1	696	497	167	109.799
AT1G11810.1	1304	1105	0	0
AT4G21390.1	2965	2766	17	2.00833
AT4G21390.2	3083	2884	0	0
AT2G39050.1	1383	1184	48	13.2473
AT5G43300.2	1675	1476	2.95676e-08	6.54589e-09
AT5G43300.1	1652	1453	2	0.449783
AT2G22660.3	2656	2457	0	0
AT2G22660.1	2932	2733	39.0912	4.67389
AT2G22660.2	3057	2858	182.909	20.9127
AT1G07300.3	961	762	0	0
AT1G07300.2	720	521	10.7757	6.75841
AT1G07300.1	1082	883	5.22435	1.93335
ATMG00540.1	369	170	0	0
AT5G27010.1	2592	2393	0	0
AT3G59810.2	856	657	0	0
AT3G59810.1	729	530	65	40.0752
AT3G59810.3	683	484	0	0
AT4G17380.1	2504	2305	8	1.13412
AT4G17380.2	2275	2076	0	0
AT1G02405.1	754	555	1	0.58877
AT3G25440.1	1629	1430	0	0
AT3G25440.2	1589	1390	0	0
AT3G25440.5	1507	1308	14	3.49751
AT3G25440.3	1680	1481	0	0
AT3G25440.4	1658	1459	0	0
AT1G06080.1	1334	1135	59	16.9861
AT1G06080.2	1335	1136	0	0
AT3G10410.1	1983	1784	187	34.2519
AT4G25260.1	1527	1328	116	28.5429
AT5G53930.1	1896	1697	55	10.5906
AT5G42640.1	903	704	0	0
AT2G41450.1	2074	1875	9.20264	1.6038
AT2G41450.2	2067	1868	0	0
AT1G59730.1	640	441	22	16.3013
AT3G28270.1	1966	1767	3.35159	0.619802
AT3G28270.2	1524	1325	46.6484	11.5043
AT1G35537.1	348	149	0	0
AT1G34500.1	1026	827	0	0
AT5G47570.1	794	595	363	199.355
AT1G61960.1	1811	1612	21	4.25689
AT3G19420.1	2385	2186	311	46.4888
AT2G26830.1	1696	1497	53	11.5689
AT3G58820.1	1457	1258	7	1.81826
AT2G21610.1	1182	983	0.999971	0.332409
AT2G21610.2	1191	992	2.85776e-05	9.41354e-06
AT4G09850.1	822	623	2	1.04901
AT1G53190.1	2108	1909	59.9686	10.2649
AT1G53190.2	1917	1718	27.0314	5.14143
AT1G45163.1	788	589	2.30078	1.27643
AT2G27510.1	990	791	645	266.454
AT2G14540.1	1499	1300	0	0
AT1G14960.1	791	592	3	1.65591
AT5G62530.1	2589	2390	298.385	40.796
AT5G16200.2	762	563	7	4.06282
AT5G16200.1	1106	907	0	0
AT1G04000.1	1267	1068	62	18.9696
AT5G13890.2	1287	1088	41.884	12.5793
AT5G13890.1	1576	1377	12.116	2.87518
AT5G13890.3	1554	1355	0	0
AT2G45470.1	1846	1647	1646.97	326.761
AT2G24645.4	1643	1444	0	0
AT2G24645.1	1831	1632	10.9801	2.19849
AT2G24645.3	1840	1641	0.0198927	0.00396116
AT2G24645.2	1894	1695	0	0
AT3G09650.1	2624	2425	133	17.9217
AT5G16023.1	505	306	0	0
AT4G02100.1	2348	2149	48	7.29866
AT5G23040.1	1196	997	58.3041	19.1092
AT5G23040.2	1025	826	448.696	177.505
AT1G55140.1	862	663	95	46.8218
AT1G55140.2	830	631	0	0
AT3G02040.1	1525	1326	117.631	28.9878
AT3G53490.1	1176	977	14	4.68244
AT5G03300.2	2098	1899	29.6881	5.10853
AT5G03300.1	1982	1783	634.312	116.249
AT5G03300.3	2261	2062	0	0
AT5G26805.1	525	326	0	0
AT1G73730.2	2152	1953	40.7011	6.80992
AT1G73730.1	2336	2137	81.2989	12.4314
AT2G43210.2	1940	1741	20.1437	3.78076
AT2G43210.1	1854	1655	5.25257	1.03708
AT2G43210.3	1904	1705	67.6037	12.9564
AT5G50390.1	2527	2328	41	5.75492
AT5G13580.1	2510	2311	70	9.89775
AT2G18025.1	351	152	0	0
AT5G47490.3	5150	4951	23.8417	1.57356
AT5G47490.1	5100	4901	155.459	10.365
AT5G47490.2	5347	5148	0.00348012	0.000220899
AT1G78780.5	771	572	0	0
AT1G78780.3	795	596	0	0
AT1G78780.4	827	628	0	0
AT1G78780.1	930	731	0	0
AT1G78780.2	840	641	5	2.54889
AT5G06230.3	983	784	0	0
AT5G06230.1	1710	1511	4.99713	1.08067
AT5G06230.2	1240	1041	5.984	1.87836
AT4G21540.3	2097	1898	0	0
AT4G21540.1	2134	1935	31.4763	5.31547
AT4G21540.2	1767	1568	49.5237	10.3206
AT1G61065.1	961	762	10	4.28828
AT1G29041.1	595	396	4.80129	3.96188
AT2G14750.1	1622	1423	334	76.6973
AT4G33510.1	1897	1698	297.612	57.2732
AT4G33510.2	2085	1886	14.3876	2.49279
AT3G20690.1	1113	914	0	0
AT5G46380.1	1824	1625	0	0
AT5G46380.2	2061	1862	0	0
AT2G40990.1	1493	1294	0	0
AT4G32180.3	3238	3039	24.2473	2.60717
AT4G32180.2	3139	2940	0.401038	0.0445735
AT4G32180.1	3110	2911	177.352	19.9082
AT1G24706.8	6149	5950	2.34619e-05	1.2885e-06
AT1G24706.1	5913	5714	1.36278e-08	7.79334e-10
AT1G24706.2	5962	5763	24.814	1.40698
AT1G24706.5	6017	5818	77.7611	4.36744
AT1G24706.3	6254	6055	0.354988	0.0191575
AT1G24706.9	5482	5283	29.5789	1.82953
AT1G24706.4	6104	5905	0.143019	0.00791428
AT1G24706.6	5854	5655	97.3129	5.62311
AT1G24706.7	6106	5907	43.035	2.38064
AT1G47280.1	614	415	0	0
AT2G16790.1	915	716	6.2807	2.86638
AT2G16790.3	979	780	8.76404	3.67154
AT2G16790.2	801	602	1.95525	1.06132
AT2G16790.5	982	783	0	0
AT2G16790.4	1055	856	0	0
AT3G18110.1	4944	4745	197.757	13.6187
AT4G16490.1	2326	2127	525	80.6548
AT1G51000.1	257	58.1281	0	0
AT3G03690.1	1451	1252	31.3817	8.1905
AT3G03690.2	1518	1319	7.61831	1.88735
AT5G40470.1	1919	1720	38	7.21927
AT2G42950.2	1915	1716	0	0
AT2G42950.1	2048	1849	34	6.0087
AT2G47130.1	1222	1023	44	14.0545
AT1G62080.1	708	509	0	0
AT1G24480.1	869	670	0	0
AT1G78960.3	2683	2484	20.0907	2.64291
AT1G78960.4	3193	2994	0	0
AT1G78960.1	2830	2631	0	0
AT1G78960.2	3035	2836	8.05682	0.928316
AT1G78960.5	2500	2301	4.85247	0.689103
AT3G52970.2	1710	1511	0	0
AT3G52970.1	1690	1491	0	0
AT1G10820.2	1607	1408	69	16.0134
AT1G10820.1	1547	1348	1.25176e-07	3.03439e-08
AT4G25840.1	1344	1145	86	24.5432
AT4G02010.1	2815	2616	160	19.9858
AT4G26840.1	844	645	240	121.588
AT2G11200.1	465	266	0	0
AT1G79210.3	1050	851	0.00468655	0.00179954
AT1G79210.2	1079	880	0.249416	0.0926146
AT1G79210.1	1114	915	145.746	52.0491
AT1G08940.1	1175	976	39	13.0573
AT1G24340.1	2479	2280	95.2092	13.6453
AT3G16570.1	1965	1766	67.0806	12.4121
AT3G16570.2	675	476	168.919	115.961
AT3G16570.3	663	464	0	0
AT4G11340.1	1488	1289	0	0
AT1G04670.1	763	564	0	0
AT2G39375.3	1964	1765	0	0
AT2G39375.1	2218	2019	21.7602	3.5218
AT2G39375.2	2073	1874	6.57393	1.14629
AT3G23170.1	1042	843	40	15.505
AT1G27040.1	1928	1729	0	0
AT1G27040.3	1908	1709	0	0
AT1G27040.2	1877	1678	0	0
AT1G15630.1	1102	903	2	0.723737
AT4G24060.1	1684	1485	52	11.4424
AT4G25250.1	909	710	18	8.28424
AT2G34960.1	2128	1929	31	5.25131
AT1G10930.1	4029	3830	109	9.29964
AT5G46010.1	413	214	0	0
AT3G55870.2	2059	1860	0	0
AT3G55870.3	1974	1775	0.961921	0.177084
AT3G55870.1	1979	1780	0.0380795	0.00699052
AT3G26150.1	1523	1324	0	0
AT3G16560.3	2349	2150	98.6759	14.9972
AT3G16560.2	2345	2146	7.40459	1.12748
AT3G16560.4	2007	1808	18.4212	3.32934
AT3G16560.1	2482	2283	29.4983	4.22211
AT1G49830.1	866	667	0.0112481	0.0055105
AT1G49830.2	863	664	1.98875	0.978703
AT4G12020.7	6321	6122	48.0213	2.56318
AT4G12020.4	6021	5822	70.5565	3.96007
AT4G12020.11	3794	3595	0	0
AT4G12020.3	5819	5620	2.96134e-07	1.72183e-08
AT4G12020.8	6068	5869	0	0
AT4G12020.9	6113	5914	7.66273e-08	4.2339e-09
AT4G12020.5	6126	5927	0	0
AT4G12020.10	5852	5653	0.42224	0.0244073
AT4G12020.2	5891	5692	0	0
AT4G12020.1	5738	5539	0	0
AT4G12020.6	6420	6221	4.82459e-07	2.53418e-08
AT3G44130.1	942	743	0	0
AT2G01470.1	1522	1323	186	45.94
AT5G62820.1	1149	950	11	3.78362
AT5G53190.1	1111	912	0	0
AT1G49610.1	1065	866	0	0
AT3G62240.1	2831	2632	163	20.2367
AT3G14740.2	1273	1074	21.3996	6.51089
AT3G14740.1	1411	1212	12.6004	3.39718
AT5G51620.2	634	435	19.6063	14.728
AT5G51620.1	1035	836	0	0
AT5G51620.4	959	760	21.0202	9.03778
AT5G51620.3	844	645	6.04757	3.06379
AT1G54445.1	418	219	0	0
AT2G27460.1	2550	2351	99	13.7601
AT4G31360.1	980	781	41	17.1542
AT1G09560.1	1227	1028	1577	501.276
AT3G51930.1	1718	1519	32	6.88384
AT1G72120.1	1919	1720	10	1.89981
AT1G78690.4	1353	1154	14.0143	3.96831
AT1G78690.1	1373	1174	0.883345	0.245867
AT1G78690.5	1479	1280	24.1023	6.153
AT1G78690.3	1398	1199	0	0
AT1G78690.2	1404	1205	0	0
AT5G63480.2	900	701	5.30907	2.47479
AT5G63480.1	800	601	0	0
AT1G79430.1	1529	1330	0	0
AT1G79430.2	1514	1315	74	18.3884
AT3G45290.1	1733	1534	25	5.32541
AT2G03760.1	1369	1170	132	36.866
AT4G36180.1	3804	3605	237	21.4823
AT4G22850.2	1195	996	0.0152005	0.00498697
AT4G22850.1	1524	1325	27.9848	6.90152
AT3G23950.1	1257	1058	0	0
AT2G05940.1	2031	1832	124	22.1174
AT5G11950.3	1027	828	0	0
AT5G11950.2	1024	825	63.2155	25.0385
AT5G11950.1	1187	988	34.5385	11.4231
AT5G11950.4	1477	1278	34.246	8.75624
AT5G02950.2	2292	2093	0	0
AT5G02950.1	2229	2030	16	2.5755
AT5G67110.1	952	753	22.8376	9.91045
AT5G67110.3	838	639	6.78459	3.46945
AT5G67110.2	981	782	0	0
AT4G37940.4	913	714	2.44752	1.12013
AT4G37940.1	1418	1219	26.5525	7.1177
AT4G37940.3	1443	1244	0	0
AT4G37940.2	1711	1512	0	0
AT1G27400.1	992	793	837.271	345.01
AT2G07749.1	2355	2156	0	0
AT5G20190.1	1906	1707	676	129.405
AT5G11260.2	1160	961	14.7335	5.00982
AT5G11260.1	1028	829	182.266	71.844
AT3G63310.1	1096	897	156	56.8291
AT2G43990.1	2309	2110	18	2.78759
AT4G01430.2	1524	1325	0	0
AT4G01430.3	1552	1353	12.7207	3.07222
AT4G01430.1	1487	1288	62.2793	15.8003
AT2G18050.1	961	762	0	0
AT2G18050.2	700	501	0	0
AT1G62730.2	1028	829	0	0
AT1G62730.1	1333	1134	23	6.62755
AT2G19900.1	2200	2001	4.6	0.751189
AT2G19900.2	1765	1566	4.4	0.91812
AT1G32127.1	1320	1121	0	0
AT1G32127.2	1237	1038	26	8.18492
AT3G45960.2	1280	1081	0	0
AT3G45960.1	1368	1169	2	0.559054
AT5G56325.1	865	666	0	0
AT1G50450.1	1559	1360	190	45.6513
AT5G15020.2	4674	4475	254	18.5472
AT5G15020.1	4702	4503	0	0
AT2G29910.1	1786	1587	0	0
AT2G29910.4	1875	1676	0	0
AT2G29910.6	1636	1437	0	0
AT2G29910.7	1579	1380	37.6504	8.91515
AT2G29910.5	1814	1615	0	0
AT2G29910.2	1872	1673	0	0
AT2G29910.3	1961	1762	19.3496	3.58843
AT4G16146.1	1008	809	3	1.21174
AT1G24050.1	1126	927	281	99.0524
AT1G75290.1	957	758	2.78131	1.199
AT1G75290.2	1125	926	5.5119	1.94504
AT5G67510.1	878	679	287	138.118
AT2G35733.1	192	14.0216	0	0
AT5G20820.1	700	501	12	7.82676
AT4G39150.2	1303	1104	53.3339	15.786
AT4G39150.1	1431	1232	128.555	34.097
AT4G39150.3	1501	1302	37.1113	9.31395
AT3G22780.1	2659	2460	180	23.9098
AT5G44380.1	1932	1733	92.1458	17.3746
AT5G44380.2	1953	1754	166.854	31.0846
AT1G29860.1	1120	921	6	2.12878
AT4G33670.1	1292	1093	74	22.1233
AT3G52140.2	4632	4433	52.9318	3.90173
AT3G52140.3	4599	4400	0	0
AT3G52140.1	4801	4602	615.264	43.6871
AT3G52140.4	4765	4566	100.804	7.2141
AT5G24520.3	1493	1294	110.088	27.8
AT5G24520.1	1831	1632	0	0
AT5G24520.2	1436	1237	12.9117	3.41077
AT5G24520.4	1491	1292	0	0
AT5G15510.3	1902	1703	0	0
AT5G15510.1	1891	1692	31	5.98687
AT5G15510.2	1882	1683	0	0
AT5G15510.4	2070	1871	0	0
AT1G16680.1	2797	2598	109	13.7096
AT3G16070.1	831	632	3	1.55111
AT3G17611.1	1538	1339	30	7.32115
AT3G17611.3	1299	1100	0	0
AT3G17611.2	1531	1332	0	0
AT3G14415.3	1657	1458	0	0
AT3G14415.2	1635	1436	91.6523	20.8558
AT3G14415.1	1671	1472	2108.23	468.002
AT4G08940.1	1399	1200	15	4.08459
AT4G32430.2	2585	2386	7	0.958663
AT4G32430.1	2695	2496	0	0
AT2G34630.1	1440	1241	104.696	27.5674
AT2G34630.2	1738	1539	104.304	22.1463
AT4G00231.1	2023	1824	72.7666	13.036
AT4G11590.1	1194	995	2	0.656818
AT5G62420.1	1218	1019	21	6.73416
AT5G25500.1	1680	1481	7	1.54448
AT5G60570.3	2029	1830	274.594	49.0318
AT5G60570.1	2041	1842	12.8002	2.27074
AT5G60570.2	2239	2040	20.6061	3.30068
AT4G36160.3	1363	1164	7	1.96509
AT4G36160.2	1726	1527	0	0
AT4G36160.1	1567	1368	0	0
AT1G68238.1	455	256	46	58.716
AT5G21160.1	3254	3055	289	30.9118
AT5G21160.3	2760	2561	0	0
AT5G21160.2	2757	2558	0	0
AT4G13510.1	2106	1907	593	101.611
AT4G11845.1	726	527	5	3.10026
AT2G25520.1	1743	1544	531.585	112.503
AT3G02500.2	1154	955	15.999	5.47427
AT3G02500.1	1199	1000	0	0
AT3G02500.3	1100	901	0.00104686	0.000379666
AT1G29570.1	966	767	0	0
AT2G38360.1	1279	1080	112	33.887
AT1G08890.1	1874	1675	17	3.31644
AT1G04010.1	2669	2470	40	5.29178
AT2G46493.1	1064	865	0	0
AT5G39260.1	1067	868	0	0
AT2G01210.1	2636	2437	47	6.30203
AT1G11475.1	606	407	56	44.9606
AT4G21790.1	1708	1509	257	55.6522
AT5G14680.1	1512	1313	54	13.439
AT4G01540.4	1664	1465	0	0
AT4G01540.1	1582	1383	39	9.21469
AT4G01540.3	1688	1489	0	0
AT4G01540.2	1432	1233	0	0
AT1G76460.1	2210	2011	71	11.5368
AT5G43520.1	1079	880	45	16.7097
AT2G11025.1	186	12.4336	0	0
AT1G30730.1	1946	1747	67.6413	12.652
AT2G23640.1	699	500	0	0
AT1G77620.1	3791	3592	56	5.09436
AT2G14846.1	443	244	0	0
AT5G05360.2	742	543	30.6837	18.4649
AT5G05360.1	1036	837	31.3163	12.226
AT4G02465.1	426	227	0	0
AT4G23310.1	3059	2860	0	0
AT4G23310.2	2939	2740	0	0
AT2G47910.2	1206	1007	9.36221	3.038
AT2G47910.1	1035	836	132.638	51.8441
AT1G77682.1	529	330	0	0
AT4G35670.2	1385	1186	0	0
AT4G35670.1	1748	1549	0	0
AT5G56610.1	1064	865	17.6603	6.67144
AT5G56610.2	772	573	0.188499	0.107496
AT4G00540.2	1633	1434	0	0
AT4G00540.1	1540	1341	0	0
AT3G16920.1	1002	803	9.20328	3.74512
AT3G16920.2	1612	1413	27.7967	6.42821
AT1G76520.2	2413	2214	254.372	37.5431
AT1G76520.1	2326	2127	33.6279	5.16619
AT1G58380.1	1240	1041	276.587	86.8198
AT3G16490.1	1560	1361	11	2.64103
AT5G16830.1	1213	1014	135	43.5045
AT2G35500.1	2024	1825	181	32.4081
AT3G04850.1	2516	2317	26	3.66679
AT4G10320.1	3991	3792	691	59.5454
AT3G60910.2	930	731	12.7966	5.72028
AT3G60910.1	1132	933	47.2034	16.5322
AT1G53030.1	574	375	17	14.8134
AT2G31957.1	360	161	0	0
AT4G29720.1	2066	1867	153	26.7785
AT5G52400.1	1931	1732	0	0
AT5G43770.1	678	479	2	1.36437
AT5G10450.3	1625	1426	0	0
AT5G10450.2	1426	1227	723.364	192.642
AT5G10450.4	1531	1332	13.0857	3.2102
AT5G10450.1	1622	1423	856.205	196.612
AT3G20865.1	459	260	0	0
AT4G32240.1	1023	824	100	39.6562
AT1G48410.2	3615	3416	309.064	29.5644
AT1G48410.1	3531	3332	395.15	38.7521
AT1G48410.3	3407	3208	170.786	17.3963
AT1G18410.4	3587	3388	0	0
AT1G18410.5	2965	2766	2	0.236274
AT1G18410.2	3536	3337	0	0
AT1G18410.1	3438	3239	0	0
AT1G18410.3	3116	2917	0	0
AT5G01400.3	4872	4673	155	10.8386
AT5G01400.1	4657	4458	0	0
AT5G01400.2	4943	4744	0	0
AT4G27690.2	1098	899	29.5861	10.7539
AT4G27690.1	1286	1087	17.3457	5.21437
AT5G55390.1	4273	4074	2.27485e-08	1.82461e-09
AT5G55390.2	4218	4019	168.807	13.7249
AT5G55390.3	4500	4301	42.1931	3.20561
AT2G13650.6	1395	1196	0	0
AT2G13650.1	1525	1326	42.7742	10.5409
AT2G13650.2	1615	1416	0	0
AT2G13650.5	1132	933	4.89876	1.7157
AT2G13650.3	1339	1140	26.3271	7.54633
AT2G13650.7	1280	1081	0	0
AT2G13650.4	1852	1653	0	0
AT3G12510.1	765	566	9	5.19594
AT5G11250.1	3965	3766	0	0
AT5G11250.2	4081	3882	0	0
AT5G11250.3	3800	3601	61	5.53535
AT3G51200.1	436	237	0	0
AT1G55030.2	1558	1359	0	0
AT1G55030.1	1269	1070	1	0.30539
AT5G13980.2	3329	3130	275.161	28.7264
AT5G13980.3	3327	3128	43.2021	4.51311
AT5G13980.1	3386	3187	12.6366	1.29565
AT3G61360.1	1838	1639	13	2.59181
AT5G42920.2	2927	2728	55.6735	6.66872
AT5G42920.1	2731	2532	60.3265	7.78544
AT1G53163.1	1204	1005	3	0.975424
AT1G31350.2	1561	1362	16.8148	4.03416
AT1G31350.1	1480	1281	18.1852	4.63881
AT1G03510.1	1470	1271	3	0.771284
AT3G47640.2	1158	959	8.28258	2.82218
AT3G47640.3	1156	957	90.9959	31.0705
AT3G47640.1	1274	1075	200.721	61.0132
AT4G33760.1	2194	1995	185	30.3017
AT4G33760.2	1888	1689	6.0397e-05	1.16849e-05
AT1G32810.2	3878	3679	141	12.5236
AT2G17050.2	4484	4285	9.99275	0.762031
AT2G17050.1	4068	3869	0.00725103	0.000612406
AT2G17050.3	3995	3796	0	0
AT4G39720.4	1141	942	9.93245	3.44543
AT4G39720.3	1580	1381	0	0
AT4G39720.1	2210	2011	9.86942	1.60368
AT4G39720.2	1534	1335	2.19813	0.538036
AT4G33640.2	566	367	0	0
AT4G33640.1	650	451	102	73.903
AT3G61910.1	1241	1042	0	0
AT1G12930.1	3458	3259	124	12.433
AT4G13660.2	1522	1323	80	19.7592
AT4G13660.1	1555	1356	0	0
AT3G06310.2	941	742	0	0
AT3G06310.3	708	509	15.2813	9.81024
AT3G06310.1	804	605	56.7187	30.6344
AT5G53850.3	1869	1670	28.417	5.56032
AT5G53850.6	2394	2195	0	0
AT5G53850.2	2072	1873	0	0
AT5G53850.4	2367	2168	13.0493	1.96683
AT5G53850.5	2080	1881	51.081	8.87378
AT5G53850.1	1755	1556	201.453	42.306
AT2G02140.1	725	526	0	0
AT2G25260.1	1351	1152	52	14.7499
AT5G04340.1	1305	1106	22	6.49989
AT5G05657.1	582	383	0	0
AT3G21960.1	1035	836	0	0
AT3G44380.1	1102	903	45	16.2841
AT5G12940.1	1458	1259	58	15.0536
AT2G46490.1	839	640	70	35.7402
AT3G53690.1	1363	1164	4	1.12291
AT5G38710.2	1605	1406	0	0
AT5G38710.1	2015	1816	5	0.899689
AT1G54080.1	1931	1732	285.684	53.8984
AT1G54080.2	1720	1521	80.9721	17.3958
AT2G41760.1	1957	1758	55	10.2231
AT1G60370.1	852	653	0	0
AT5G48485.1	813	614	31.1869	16.5975
AT2G27970.1	762	563	68	39.4674
AT1G14800.1	1155	956	1	0.341807
AT3G25690.4	3603	3404	30.9848	2.97439
AT3G25690.6	4364	4165	9.98797	0.783611
AT3G25690.2	3418	3219	614.582	62.3874
AT3G25690.1	3947	3748	56.429	4.91973
AT3G25690.5	3442	3243	0.0398874	0.00401909
AT3G25690.3	2995	2796	39.9766	4.67204
AT5G58600.1	1521	1322	17	4.202
AT5G58600.2	1583	1384	0	0
AT3G44830.1	2085	1886	2	0.346519
AT5G51570.1	1377	1178	85	23.5783
AT4G32717.1	408	209	0	0
AT2G43010.5	1762	1563	8.57749	1.79324
AT2G43010.1	2110	1911	0	0
AT2G43010.3	2348	2149	4.69259	0.713534
AT2G43010.4	2248	2049	19.0681	3.04091
AT2G43010.2	1747	1548	42.6618	9.00548
AT1G31950.2	2454	2255	10.7381	1.55603
AT1G31950.3	2365	2166	0	0
AT1G31950.1	1824	1625	23.2619	4.67768
AT3G01270.1	1920	1721	0	0
AT4G08390.1	1977	1778	12.4626	2.29042
AT4G08390.5	1549	1350	252.838	61.1994
AT4G08390.4	1438	1239	0.000552326	0.000145667
AT4G08390.2	1495	1296	38.6942	9.75618
AT4G08390.3	1513	1314	0.00426048	0.0010595
AT2G03030.1	615	416	0	0
AT1G49470.1	1287	1088	84	25.2283
AT5G48210.1	728	529	0	0
AT4G15120.1	1084	885	10	3.69228
AT5G41000.2	2226	2027	0.625078	0.100767
AT5G41000.3	2305	2106	0	0
AT5G41000.1	2301	2102	27.3749	4.25558
AT5G38820.2	1962	1763	11.3224	2.09858
AT5G38820.3	1371	1172	0	0
AT5G38820.1	1871	1672	51.6776	10.0996
AT2G39800.4	2623	2424	142.551	19.2166
AT2G39800.1	2886	2687	47.2405	5.74494
AT2G39800.2	2519	2320	59.6853	8.40655
AT2G39800.3	2614	2415	0	0
AT5G24879.1	114	4.78619	0	0
AT1G14610.1	3723	3524	606	56.1921
AT2G22560.1	3715	3516	50	4.64686
AT1G49975.1	1231	1032	115	36.413
AT1G13180.1	2019	1820	39	7.00215
AT4G03645.1	280	81.0024	0	0
AT2G01170.2	1825	1626	58	11.6559
AT2G01170.1	1871	1672	0	0
AT2G43820.1	1744	1545	134	28.341
AT5G40100.1	3520	3321	11	1.08234
AT5G41550.1	3297	3098	4	0.421907
AT4G09890.1	671	472	83	57.4612
AT5G10340.1	1338	1139	0	0
AT2G24190.2	1103	904	0	0
AT2G24190.1	1174	975	14	4.69204
AT3G09090.2	3173	2974	66.7239	7.33126
AT3G09090.3	2898	2699	131.101	15.8724
AT3G09090.1	3283	3084	60.1747	6.37585
AT2G03565.1	319	120	0	0
AT1G17745.2	2360	2161	1.90714e-05	2.8838e-06
AT1G17745.1	2436	2237	195	28.4844
AT4G00080.1	1009	810	17	6.85808
AT1G66090.1	1668	1469	12	2.6693
AT5G13380.1	2034	1835	0	0
AT3G48700.1	1232	1033	67	21.194
AT3G55070.2	1971	1772	0	0
AT3G55070.1	1837	1638	90	17.9542
AT1G01310.1	977	778	1	0.420009
AT5G59430.5	2366	2167	0	0
AT5G59430.1	2162	1963	47.2066	7.85816
AT5G59430.2	2505	2306	19.3162	2.73716
AT5G59430.4	2355	2156	19.8079	3.00213
AT5G59430.3	2268	2069	0.669291	0.105704
AT2G43960.1	1481	1282	0	0
AT1G02350.1	423	224	5	7.29391
AT2G29890.5	3087	2888	0	0
AT2G29890.4	2985	2786	0.0118363	0.00138827
AT2G29890.1	3021	2822	0.332496	0.0385007
AT2G29890.2	3008	2809	66.6557	7.75396
AT2G29890.3	3074	2875	0	0
AT2G30870.1	1132	933	790	276.684
AT3G10700.1	1862	1663	2.49266e-05	4.8979e-06
AT3G10700.2	1796	1597	41.6821	8.52871
AT3G10700.3	1383	1184	25.3179	6.98737
AT5G49440.1	1538	1339	538	131.293
AT5G60440.1	2044	1845	2	0.354219
AT2G15440.1	1308	1109	24	7.07161
AT3G44900.1	2676	2477	3	0.395762
AT5G38020.1	1591	1392	25	5.86866
AT5G38020.2	1801	1602	0	0
AT1G05790.1	2184	1985	46.6711	7.68292
AT1G05790.3	2614	2415	0	0
AT1G05790.2	2605	2406	0	0
AT1G05790.4	2448	2249	19.3289	2.80838
AT3G05750.2	2443	2244	13.6781	1.99178
AT3G05750.3	3004	2805	34.9667	4.07343
AT3G05750.4	2681	2482	31.3552	4.12806
AT3G05750.1	3222	3023	0	0
AT3G21165.1	243	44.7603	0	0
AT3G12070.4	1268	1069	3.38621	1.03508
AT3G12070.3	1690	1491	0	0
AT3G12070.1	2016	1817	0	0
AT3G12070.2	1659	1460	10.0913	2.25857
AT4G14660.3	762	563	4.04938	2.35028
AT4G14660.1	979	780	0	0
AT4G14660.2	1086	887	10.9506	4.03416
AT1G29740.2	3730	3531	10	0.925424
AT1G29740.1	3237	3038	0	0
AT3G26790.1	1603	1404	0	0
AT3G62440.1	1374	1175	0	0
AT3G61400.1	1472	1273	3	0.770072
AT3G61400.2	1093	894	0	0
AT1G77380.1	1891	1692	6	1.15875
AT1G75710.1	1735	1536	125	26.5924
AT1G62620.2	1572	1373	0	0
AT1G62620.1	1674	1475	0	0
AT1G08315.1	1211	1012	36	11.6241
AT3G01320.2	4872	4673	0.00708085	0.00049514
AT3G01320.1	5037	4838	170.993	11.5492
AT4G17500.1	1189	990	13	4.29088
AT2G37100.1	1542	1343	26	6.32609
AT2G46455.4	908	709	0	0
AT2G46455.1	904	705	0	0
AT2G46455.3	910	711	0	0
AT2G46455.5	807	608	0	0
AT2G46455.2	1048	849	0	0
AT5G59870.1	780	581	365	205.284
AT4G36945.1	1490	1291	31.0614	7.86201
AT2G30000.1	719	520	14	8.79758
AT5G19950.3	1783	1584	0	0
AT5G19950.1	1789	1590	0	0
AT5G19950.2	1747	1548	20	4.2218
AT1G67960.1	2251	2052	40	6.36973
AT2G19050.2	964	765	3	1.28144
AT2G19050.1	1275	1076	0	0
AT3G43610.2	3992	3793	27.0263	2.32831
AT3G43610.1	3989	3790	137.974	11.8959
AT3G43610.3	3878	3679	6.78558e-06	6.02692e-07
AT4G05160.1	2198	1999	174	28.443
AT2G12400.1	2188	1989	79	12.9787
AT3G21070.1	1968	1769	0	0
AT3G21070.3	1864	1665	0	0
AT3G21070.2	2042	1843	151	26.7726
AT3G21070.4	1258	1059	0	0
AT5G22000.1	1958	1759	0.000590598	0.000109715
AT5G22000.4	1603	1404	0.0107888	0.00251098
AT5G22000.3	1841	1642	123.601	24.5973
AT5G22000.2	1729	1530	134.388	28.7016
AT2G34530.4	1151	952	0	0
AT2G34530.1	1056	857	5.32298	2.02961
AT2G34530.3	1222	1023	0	0
AT2G34530.2	929	730	0	0
AT2G34530.5	734	535	1.67702	1.02429
AT1G24822.1	651	452	0	0
AT3G12203.3	1539	1340	0	0
AT3G12203.1	1399	1200	0	0
AT3G12203.2	1570	1371	1	0.238342
AT1G31600.4	1700	1501	39.9332	8.69344
AT1G31600.1	2332	2133	38.9815	5.97181
AT1G31600.2	1638	1439	0	0
AT1G31600.3	2178	1979	10.2131	1.68636
AT1G20900.1	1547	1348	64	15.5142
AT5G06740.1	1965	1766	0	0
AT5G06740.2	2255	2056	4	0.635734
AT5G59170.1	1135	936	0	0
AT4G34990.1	1354	1155	27	7.63871
AT1G26230.4	1731	1532	12.9012	2.75176
AT1G26230.1	2046	1847	51.0988	9.04028
AT1G26230.3	1867	1668	0	0
AT1G26230.5	1604	1405	0	0
AT1G26230.2	1691	1492	0	0
AT3G46010.1	1049	850	41.3194	15.8845
AT3G46010.2	905	706	226.681	104.917
AT1G75670.1	1027	828	0	0
AT1G75670.2	1048	849	36.9995	14.2405
AT1G75670.3	985	786	0.00053254	0.000221395
AT4G18070.4	1312	1113	147.138	43.1985
AT4G18070.2	1797	1598	0	0
AT4G18070.7	1486	1287	7.29476	1.85213
AT4G18070.1	1552	1353	49.1872	11.8794
AT4G18070.3	1345	1146	9.59206	2.73505
AT4G18070.5	1498	1299	13.7878	3.46837
AT4G18070.6	1484	1285	3.61505e-05	9.19283e-06
AT4G02450.2	1085	886	0	0
AT4G02450.1	1125	926	553	195.143
AT5G40790.1	1236	1037	0	0
AT1G49475.1	1024	825	7	2.77257
AT1G76370.1	1817	1618	0	0
AT5G38650.1	789	590	53.9964	29.9055
AT5G15260.1	1518	1319	28	6.93668
AT5G15260.2	1588	1389	0	0
AT3G43740.1	1017	818	46.7619	18.68
AT3G43740.2	1069	870	6.23815	2.34301
AT4G22000.1	780	581	100	56.2422
AT3G48890.1	1158	959	173	58.9476
AT3G14463.1	765	566	0.00929311	0.00536517
AT3G14463.2	627	428	0	0
AT5G33340.1	1577	1378	0	0
AT1G51910.1	2638	2439	0	0
AT1G80220.1	768	569	0	0
AT5G20120.2	1413	1214	13.8666	3.73242
AT5G20120.1	1324	1125	26.1334	7.59069
AT5G15620.1	1468	1269	0	0
AT5G07270.1	2086	1887	108	18.7021
AT5G41970.1	1469	1270	212	54.547
AT3G29639.2	773	574	0	0
AT3G29639.1	945	746	1.03342	0.452666
AT3G62500.2	1692	1493	8.45778	1.85112
AT3G62500.1	1125	926	0.75425	0.26616
AT1G36970.1	1320	1121	0	0
AT1G01410.1	1086	887	0	0
AT5G23010.1	1729	1530	281.415	60.1027
AT5G23010.3	1923	1724	20.9602	3.9728
AT5G23010.2	1857	1658	103.625	20.4229
AT5G46750.1	1587	1388	160	37.6677
AT1G80745.1	758	559	2	1.16911
AT3G10310.1	3010	2811	0	0
AT3G10310.2	3321	3122	69	7.22195
AT2G07632.1	205	18.63	0	0
AT1G01170.2	503	304	0	0
AT1G01170.1	515	316	97	100.305
AT5G42040.1	972	773	1	0.422726
AT1G06640.3	1272	1073	276.814	84.2999
AT1G06640.1	2187	1988	69.8055	11.4739
AT1G06640.2	1506	1307	43.9644	10.9917
AT1G02080.1	7461	7262	149.942	6.74693
AT1G02080.3	7495	7296	502.401	22.5011
AT1G02080.2	7572	7373	1.65714	0.0734435
AT1G17800.1	545	346	0	0
AT1G74400.1	1465	1266	1	0.25811
AT1G74150.4	1921	1722	0	0
AT1G74150.2	2081	1882	0	0
AT1G74150.5	1857	1658	5.2694e-08	1.03852e-08
AT1G74150.6	1642	1443	0	0
AT1G74150.3	1882	1683	0	0
AT1G74150.1	1831	1632	4	0.8009
AT1G20380.2	2686	2487	34.5416	4.53842
AT1G20380.1	2614	2415	16.4584	2.22695
AT1G08180.1	958	759	13	5.5968
AT5G15480.1	1209	1010	0	0
AT4G35830.2	3366	3167	67.8494	7.00062
AT4G35830.1	3347	3148	1251.15	129.871
AT1G58090.1	1116	917	0	0
AT3G46600.3	1950	1751	72.8121	13.588
AT3G46600.2	1893	1694	0	0
AT3G46600.1	2381	2182	15.1879	2.27448
AT1G16250.1	1849	1650	15.8351	3.136
AT1G16250.2	2225	2026	16.1649	2.60718
AT1G03920.3	2103	1904	10	1.71621
AT1G03920.1	2237	2038	0	0
AT1G03920.2	2164	1965	0	0
AT3G11402.1	2485	2286	10	1.42943
AT5G45490.1	1714	1515	122.382	26.3962
AT5G45490.2	1355	1156	173.618	49.0768
AT2G42725.1	878	679	0	0
AT2G18915.2	2344	2145	92	14.0152
AT2G18915.1	2045	1846	2.47561e-07	4.38216e-08
AT3G25750.1	1047	848	0	0
AT3G25750.2	1089	890	0	0
AT1G67550.1	3283	3084	88	9.32409
AT5G56270.1	3035	2836	38	4.3784
AT5G59310.1	830	631	0	0
AT3G19520.1	1397	1198	21.9175	5.97823
AT3G19520.4	1501	1302	6.40779	1.60818
AT3G19520.2	1241	1042	43.967	13.7879
AT3G19520.3	1411	1212	10.7077	2.88689
AT3G32047.1	1567	1368	0	0
AT3G20470.1	1060	861	272	103.23
AT3G42150.2	974	775	0.086167	0.036331
AT3G42150.1	764	565	37.6036	21.748
AT3G42150.3	1465	1266	2.74087	0.707447
AT1G59780.2	3051	2852	8	0.916598
AT1G59780.1	2721	2522	0	0
AT1G67370.1	2145	1946	0	0
AT4G02890.4	1340	1141	894.972	256.308
AT4G02890.1	927	728	279.603	125.501
AT4G02890.3	1499	1300	31.4736	7.91117
AT4G02890.2	977	778	73.9995	31.0805
AT5G54148.1	1103	904	1	0.361468
AT5G23370.1	1076	877	11.4796	4.27724
AT5G58620.1	2580	2381	199	27.3106
AT3G26340.1	1253	1054	72	22.3219
AT3G04090.1	1292	1093	270	80.7201
AT1G14345.1	1010	811	317	127.725
AT4G03205.2	1738	1539	11.1747	2.37265
AT4G03205.1	1406	1207	24.8253	6.72088
AT1G11545.1	1217	1018	196	62.9139
AT1G28375.1	691	492	0	0
AT4G00155.1	333	134	0	0
AT5G19240.1	1392	1193	243	66.5586
AT1G30515.1	740	541	3	1.81202
AT1G12470.1	3323	3124	167	17.468
AT5G07000.1	1649	1450	76	17.1271
AT1G09190.1	1614	1415	10	2.30931
AT1G54773.1	192	14.0216	0	0
AT3G16700.4	1149	950	0	0
AT3G16700.1	920	721	2.31489	1.04914
AT3G16700.3	1319	1120	4.74575	1.3846
AT3G16700.2	984	785	8.93936	3.72113
AT1G66050.1	2227	2028	11.318	1.82364
AT5G60310.1	2138	1939	3	0.505571
AT5G59610.2	953	754	24.4418	10.5925
AT5G59610.4	3247	3048	9.86408	1.0575
AT5G59610.1	2938	2739	7.69411	0.91792
AT5G59610.5	2942	2743	0	0
AT5G59610.3	3280	3081	0	0
ATCG01310.1	825	626	50.5	26.3606
AT1G55840.1	1772	1573	63.3358	13.1571
AT1G55840.2	1492	1293	163.319	41.2741
AT4G26480.1	1842	1643	253.599	50.437
AT4G26480.2	2025	1826	6.40059	1.1454
AT4G26480.3	1233	1034	18.5142	5.8509
AT2G27780.1	1107	908	0	0
AT2G21690.1	354	155	0	0
AT2G22060.1	1154	955	0	0
AT3G49580.1	708	509	13.4962	8.66428
AT3G49580.3	444	245	16.5038	22.0118
AT3G49580.2	459	260	0	0
AT5G58230.1	1626	1427	169	38.6991
AT5G25280.1	2532	2333	28.3131	3.96562
AT5G25280.3	2686	2487	0	0
AT5G25280.2	2120	1921	85.0511	14.4674
AT5G60070.1	2052	1853	0	0
AT3G04230.1	989	790	53	21.9224
AT5G14730.1	1688	1489	14	3.07236
AT5G44170.1	1159	960	35	11.9134
AT3G07040.1	3701	3502	18	1.67956
AT3G18140.1	1313	1114	160.889	47.1934
AT3G18140.2	1320	1121	23.1105	6.73663
AT3G48450.2	735	536	31.8947	19.4443
AT3G48450.1	887	688	18.1053	8.59913
AT3G42780.1	531	332	0	0
AT1G01580.2	2850	2651	36.9907	4.55954
AT1G01580.1	2635	2436	994.009	133.337
AT1G64690.2	1580	1381	0	0
AT1G64690.1	1569	1370	0	0
AT1G64690.3	1455	1256	0	0
AT1G64690.4	1205	1006	13	4.22264
AT2G28810.2	1725	1526	0	0
AT2G28810.1	1545	1346	85	20.6354
AT1G72650.1	2483	2284	103	14.736
AT1G72650.2	2501	2302	1.10672e-07	1.57098e-08
AT1G19520.1	2617	2418	226	30.5415
AT1G19520.2	1567	1368	0	0
AT3G02150.1	1703	1504	0	0
AT3G02150.2	1795	1596	31	6.34698
AT1G48490.1	4341	4142	2.89372e-08	2.28289e-09
AT1G48490.2	4366	4167	0	0
AT1G48490.4	4374	4175	152	11.8967
AT1G48490.3	4426	4227	0.000102438	7.91895e-06
AT4G00163.1	516	317	0	0
AT3G10820.2	2211	2012	0	0
AT3G10820.1	1926	1727	23	4.35185
AT3G18290.1	4495	4296	1358	103.294
AT2G20680.1	2040	1841	41	7.27727
AT3G19760.1	1760	1561	575	120.366
AT5G07020.1	1130	931	575	201.816
AT4G31760.1	981	782	0	0
AT5G39720.1	703	504	0	0
AT5G39720.2	789	590	0	0
AT1G18600.1	1583	1384	70	16.5272
AT2G44120.1	1531	1332	379.944	93.2081
AT2G44120.2	1291	1092	575.056	172.078
AT4G32300.1	3123	2924	104	11.6224
AT3G62130.2	2077	1878	0	0
AT3G62130.1	2006	1807	123	22.2426
AT1G25112.1	777	578	0	0
AT1G10717.1	273	74.0093	0	0
AT1G24510.2	2200	2001	0	0
AT1G24510.3	1894	1695	0	0
AT1G24510.1	1986	1787	1044	190.904
AT5G56870.1	3812	3613	29	2.62282
AT5G11690.1	912	713	53	24.2898
AT1G51450.1	1926	1727	61	11.5419
AT3G55860.1	1367	1168	0	0
AT3G55860.2	1332	1133	0	0
AT5G26622.2	772	573	4.33793	2.47381
AT5G26622.1	1497	1298	62.6621	15.775
AT5G56650.1	1701	1502	103.483	22.5132
AT5G56650.2	1785	1586	10.1295	2.08701
AT1G33612.1	2138	1939	13	2.19081
AT3G47800.1	1450	1251	79	20.6352
AT3G46190.1	929	730	1	0.447626
AT3G46190.2	991	792	0	0
AT2G34520.1	987	788	117	48.5175
AT1G60190.1	2422	2223	2	0.293988
AT3G61750.2	2009	1810	16.7771	3.02885
AT3G61750.1	1932	1733	112.223	21.1603
AT3G30370.1	540	341	0	0
AT1G31430.1	1734	1535	0	0
AT1G31430.2	1810	1611	3	0.608505
AT3G49890.2	879	680	5.01663	2.41069
AT3G49890.1	1016	817	20.9834	8.3925
AT5G45130.2	1423	1224	0	0
AT5G45130.1	1317	1118	179	52.3178
AT5G38490.1	1461	1262	0	0
AT1G07485.1	662	463	1.94245	1.37091
AT5G55900.2	1164	965	0.869458	0.294415
AT5G55900.1	1570	1371	10.1305	2.41454
AT2G37510.1	663	464	6	4.22544
AT2G37510.2	738	539	0	0
AT5G25754.1	3562	3363	142.357	13.8322
AT5G01810.2	2214	2015	241.402	39.1475
AT5G01810.3	2079	1880	0	0
AT5G01810.1	2443	2244	19.5983	2.85386
AT2G42440.1	1008	809	1	0.403915
AT3G57490.1	1236	1037	132	41.5943
AT3G63210.1	1871	1672	77	15.0485
AT1G76530.1	1512	1313	3.39372	0.844597
AT1G76530.3	1152	953	4.60628	1.57941
AT1G76530.2	1506	1307	0	0
AT3G23660.2	2646	2447	126.561	16.9006
AT3G23660.1	2726	2527	25.4393	3.28956
AT1G10750.1	2056	1857	19	3.34334
AT1G10750.2	1370	1171	0	0
AT1G12000.1	2108	1909	637	109.036
AT1G55490.2	2158	1959	1710.68	285.346
AT1G55490.4	2379	2180	0	0
AT1G55490.3	2396	2197	0	0
AT1G55490.1	2087	1888	1210.74	209.55
AT1G55490.5	2362	2163	0	0
AT4G10030.1	1736	1537	85	18.0711
AT4G34020.2	1643	1444	14.9965	3.39359
AT4G34020.4	1334	1135	19.3623	5.57442
AT4G34020.3	1483	1284	0	0
AT4G34020.1	1812	1613	48.6412	9.85391
AT1G68840.1	1801	1602	103.855	21.1838
AT1G68840.2	1485	1286	162.145	41.2003
AT2G16270.1	2717	2518	40	5.1909
AT5G59040.1	726	527	0	0
AT2G24390.2	819	620	0	0
AT2G24390.1	868	669	46.0141	22.4752
AT2G24390.3	1030	831	2.98586	1.1741
AT5G62520.2	1700	1501	0	0
AT5G62520.1	1700	1501	15.6151	3.39941
AT1G04590.1	1409	1210	85	22.9547
AT1G04590.2	1351	1152	0	0
AT2G47810.1	961	762	3	1.28648
AT5G23930.1	1753	1554	10	2.10275
AT1G47230.2	1549	1350	0	0
AT1G47230.1	1549	1350	53	12.8286
AT3G04855.1	328	129	0	0
AT3G06770.3	2189	1990	20.8089	3.41691
AT3G06770.5	1715	1516	0.0511343	0.0110218
AT3G06770.2	2295	2096	28.2039	4.39699
AT3G06770.4	2202	2003	2.03067e-05	3.31281e-06
AT3G06770.1	1705	1506	101.936	22.1178
AT3G24250.1	703	504	0	0
AT5G67310.1	1783	1584	1	0.206292
AT2G35720.1	2089	1890	77	13.3127
AT2G07722.1	420	221	0	0
AT2G19990.1	832	633	25	12.9055
AT5G61660.1	1293	1094	4.07299	1.21656
AT2G39920.1	1171	972	0	0
AT2G39920.3	1135	936	0	0
AT2G39920.4	978	779	0	0
AT2G39920.2	1168	969	0	0
AT1G55700.1	2050	1851	2	0.353071
AT5G17750.1	1179	980	0	0
AT3G56680.1	1559	1360	272	65.3534
AT1G09310.1	989	790	2471	1022.08
AT3G50200.1	1004	805	1	0.405922
AT1G53900.1	1959	1760	0	0
AT1G53900.3	2014	1815	0.753838	0.135719
AT1G53900.2	2048	1849	49.3914	8.72876
AT2G44240.1	1519	1320	0	0
AT1G68200.6	924	725	1.79568	0.809337
AT1G68200.3	1422	1223	0	0
AT1G68200.2	1027	828	0	0
AT1G68200.4	1524	1325	0	0
AT1G68200.5	1471	1272	0	0
AT1G68200.1	1526	1327	2.20432	0.542803
AT5G49000.1	1111	912	14.0098	5.01969
AT5G49000.2	1416	1217	3.99016	1.07137
AT1G68290.1	1094	895	5	1.82551
AT1G47970.1	1246	1047	222	69.2859
AT5G13860.1	1545	1346	23	5.58369
AT2G46860.1	979	780	9	3.77039
AT5G06645.1	617	418	0	0
AT5G10050.1	1011	812	66	26.5599
AT4G24973.1	405	206	0	0
AT2G35680.1	1840	1641	284	56.552
AT4G24070.1	301	102	0	0
AT1G10230.1	477	278	29	34.0872
AT2G06425.1	643	444	0	0
AT5G14640.2	1607	1408	68.1394	15.8137
AT5G14640.1	1894	1695	259.861	50.0967
AT3G52030.1	1365	1166	9.08806	2.54689
AT3G52030.2	1422	1223	42.9119	11.4654
AT3G54940.2	1391	1192	0	0
AT3G54940.3	1447	1248	0	0
AT3G05080.1	374	175	0	0
AT4G21585.6	1169	970	0	0
AT4G21585.5	1567	1368	6.14278	1.46729
AT4G21585.3	1350	1151	0	0
AT4G21585.1	1295	1096	12.4616	3.71536
AT4G21585.4	993	794	5.39559	2.22053
AT4G21585.2	1586	1387	5.62792e-05	1.3259e-05
AT1G52260.1	1957	1758	31	5.76211
AT5G60720.1	2414	2215	19	2.80297
AT4G04210.1	1720	1521	234	50.2719
AT5G07990.1	1929	1730	48	9.06637
AT2G45310.1	1962	1763	71.0302	13.1653
AT1G06670.2	5080	4881	7.8061e-06	5.22593e-07
AT1G06670.1	5210	5011	427	27.8447
AT4G23660.3	1743	1544	0	0
AT4G23660.4	1746	1547	24.206	5.11294
AT4G23660.1	2013	1814	6.79401	1.22385
AT4G23660.5	2016	1817	0	0
AT4G23660.2	1818	1619	0	0
AT4G07408.1	632	433	0	0
AT5G66630.1	2412	2213	12.3451	1.82285
AT5G19280.2	2164	1965	0	0
AT5G19280.1	2144	1945	61	10.2482
AT5G19650.1	954	755	7	3.02963
AT1G05205.1	617	418	60	46.9044
AT5G59180.1	1003	804	48	19.5085
AT1G69370.1	1261	1062	31	9.5384
AT3G57960.1	672	473	0	0
AT4G13580.1	955	756	22	9.5091
AT5G46395.1	222	27.8721	0	0
AT1G53380.5	1976	1777	0	0
AT1G53380.3	1987	1788	0	0
AT1G53380.1	2137	1938	26.4273	4.45592
AT1G53380.4	1917	1718	120.916	22.9984
AT1G53380.2	2562	2363	5.65693	0.782268
AT3G27380.1	2546	2347	216.908	30.1996
AT3G27380.2	2525	2326	47.5042	6.6736
AT5G28910.1	2193	1994	0	0
AT5G28910.2	2101	1902	6	1.03081
AT1G68935.1	814	615	6.11562	3.2494
AT2G43610.1	1279	1080	600	181.537
AT5G40000.1	1691	1492	4	0.876051
AT4G31080.2	1909	1710	0	0
AT4G31080.1	1956	1757	190	35.3362
AT1G09245.1	520	321	0	0
AT4G10603.1	461	262	0	0
AT4G32140.1	1775	1576	83	17.2092
AT1G76728.1	102	4.33389	0	0
AT4G11080.1	2188	1989	47	7.7215
AT2G27750.1	546	347	0	0
AT5G06450.1	1088	889	43	15.8054
AT3G12150.1	1888	1689	37	7.15831
AT4G34450.1	4107	3908	1266	105.856
AT4G25020.1	1644	1445	5	1.13068
AT3G44910.1	2313	2114	0	0
AT5G47870.1	848	649	192	96.6707
AT4G30790.1	5298	5099	149.133	9.55714
AT4G39900.1	1319	1120	154.299	45.0176
AT3G33520.1	1513	1314	72	17.905
AT4G40070.1	1559	1360	11	2.64297
AT1G69020.1	2337	2138	0.208782	0.0319098
AT1G69020.2	2447	2248	19.9451	2.8992
AT1G13310.1	1545	1346	0	0
AT5G49160.2	4683	4484	164.507	11.9883
AT5G49160.1	5062	4863	38.4934	2.58655
AT4G02500.1	1913	1714	308	58.7189
AT2G20980.1	1608	1409	23	5.33403
AT5G25150.2	2570	2371	17.7741	2.4496
AT5G25150.1	2364	2165	71.2259	10.7502
AT1G79230.2	1535	1336	193.678	47.3709
AT1G79230.3	1700	1501	30.403	6.61872
AT1G79230.1	1755	1556	175.919	36.9438
AT5G51490.1	2054	1855	7	1.23308
AT4G00460.4	1642	1443	1.70528	0.38616
AT4G00460.2	1831	1632	10.4932	2.10099
AT4G00460.1	1840	1641	0.0190105	0.00378549
AT4G00460.3	1710	1511	0	0
AT5G38240.1	2076	1877	0.0541157	0.00942102
AT5G38240.3	2069	1870	3.94588	0.689511
AT5G38240.2	2226	2027	0	0
AT5G65770.3	3555	3356	113.486	11.0499
AT5G65770.1	3331	3132	116.51	12.1557
AT5G65770.2	3129	2930	0	0
AT3G07740.3	1816	1617	2.1437	0.433205
AT3G07740.1	1911	1712	53.8563	10.2795
AT3G07740.4	1884	1685	0	0
AT3G07740.2	1997	1798	0	0
AT1G56270.1	634	435	0	0
AT1G60450.1	1247	1048	0	0
AT2G28420.1	1195	996	3	0.984238
AT4G10457.1	279	80.003	0	0
AT5G64240.1	1627	1428	0	0
AT5G64240.2	1472	1273	89	22.8455
AT2G04520.1	944	745	303.571	133.15
AT5G55020.1	1742	1543	0	0
AT1G28080.1	1586	1387	0	0
AT1G28080.2	1092	893	3	1.09776
AT2G35830.2	789	590	168.264	93.1918
AT2G35830.1	699	500	20.1303	13.1558
AT2G01480.1	2727	2528	100	12.9259
AT2G01480.2	2820	2621	0	0
AT1G76860.1	590	391	71.5788	59.8199
AT5G03570.3	2134	1935	0	0
AT5G03570.1	2128	1929	11.3805	1.92783
AT5G03570.4	1506	1307	27.1449	6.78657
AT5G03570.2	1789	1590	7.47459	1.53613
AT2G24590.1	999	800	177	72.2972
AT3G12360.2	2079	1880	87.7379	15.2499
AT3G12360.1	2182	1983	96.2621	15.8625
AT1G05170.1	2221	2022	6.54769	1.05814
AT1G05170.2	2027	1828	111.452	19.9228
AT1G31010.1	1364	1165	21	5.89022
AT2G19650.1	2424	2225	74	10.8678
AT4G23570.2	1761	1562	51.8881	10.8549
AT4G23570.3	1419	1220	158.839	42.5437
AT4G23570.1	1677	1478	24.273	5.36646
AT3G24230.1	1761	1562	2	0.418396
AT3G07960.1	2930	2731	17	2.03407
AT3G07960.3	3015	2816	0	0
AT3G07960.4	2966	2767	0	0
AT3G07960.2	3099	2900	0	0
AT5G04480.2	3629	3430	8.8788	0.84586
AT5G04480.1	3843	3644	136.121	12.2063
AT1G05785.6	1055	856	0	0
AT1G05785.7	620	421	4.72358e-07	3.66629e-07
AT1G05785.2	808	609	0	0
AT1G05785.4	970	771	0	0
AT1G05785.5	1397	1198	1.9168	0.522827
AT1G05785.1	772	573	19.5839	11.1682
AT1G05785.3	1061	862	2.49927	0.947424
AT1G54260.1	1111	912	28	10.0323
AT2G26370.1	776	577	2	1.13264
AT4G29280.1	253	54.2236	0	0
AT1G76490.1	2616	2417	1294	174.943
AT2G22145.1	384	185	0	0
AT3G03290.1	1006	807	1	0.404916
AT5G46130.1	1369	1170	0	0
AT2G42990.1	1528	1329	3	0.737623
AT5G47230.1	1302	1103	13	3.85129
AT1G15750.4	3899	3700	680.368	60.087
AT1G15750.2	3969	3770	177.439	15.3796
AT1G15750.1	4059	3860	19.4564	1.64707
AT1G15750.3	4165	3966	27.4686	2.26319
AT3G12300.1	1004	805	36	14.6132
AT1G28530.2	2126	1927	32	5.42634
AT1G28530.1	2129	1930	0	0
AT2G37480.2	1452	1253	0	0
AT2G37480.1	1455	1256	187	48.6508
AT2G21910.1	1790	1591	0	0
AT5G11550.1	1443	1244	84	22.0647
AT1G08160.1	1020	821	84	33.4329
AT5G15860.2	1715	1516	5.77048e-07	1.2438e-07
AT5G15860.1	2301	2102	59	9.17186
AT2G06541.2	1695	1496	0	0
AT2G06541.1	1779	1580	0	0
AT3G53580.1	1469	1270	355.973	91.5909
AT2G24260.1	1732	1533	27.1109	5.77884
AT2G24260.2	1110	911	42.8891	15.3839
AT3G54290.1	1694	1495	73	15.9559
AT1G26255.3	1086	887	3.72562	1.3725
AT1G26255.1	678	479	0	0
AT1G26255.2	1328	1129	27.5989	7.98796
AT1G26255.4	1014	815	12.8802	5.16419
AT1G26255.5	864	665	0	0
AT5G40360.1	1600	1401	0	0
AT5G62300.2	635	436	154.521	115.808
AT5G62300.1	786	587	622.099	346.306
AT1G12672.2	600	401	0	0
AT1G12672.1	405	206	1	1.58625
AT4G18450.1	1022	823	0	0
AT5G45540.1	3045	2846	13	1.49261
AT2G17160.1	288	89.0004	0	0
AT5G03700.1	1871	1672	50	9.77174
AT2G17305.1	1173	974	0	0
AT3G58350.1	1217	1018	9	2.8889
AT3G58350.2	1128	929	0	0
AT4G00305.1	597	398	3	2.46307
AT1G73830.2	1079	880	0	0
AT1G73830.1	1082	883	60	22.2039
AT1G34812.1	576	377	0	0
AT3G11964.1	5691	5492	0	0
AT3G11964.2	6106	5907	391	21.6296
AT4G21140.1	1134	935	39	13.6299
AT5G62370.1	3229	3030	21	2.26472
AT5G55690.2	856	657	0	0
AT5G55690.1	961	762	0	0
AT2G42110.1	833	634	18	9.2773
AT5G35900.1	745	546	0	0
AT5G47400.1	2746	2547	33	4.23373
AT4G25930.1	1104	905	0	0
AT1G62510.1	889	690	55.7737	26.413
AT5G41210.1	1188	989	182.109	60.169
AT5G66510.1	1235	1036	342.771	108.114
AT5G66510.2	1230	1031	22.2288	7.04525
AT1G75390.1	1311	1112	75.9008	22.3038
AT1G75390.2	1241	1042	0.0992487	0.031124
AT4G16380.4	1384	1185	179.313	49.4461
AT4G16380.2	1343	1144	109.575	31.2984
AT4G16380.1	1478	1279	79.3405	20.2704
AT4G16380.3	1816	1617	67.7717	13.6955
AT5G23960.2	1795	1596	0	0
AT5G23960.1	1925	1726	0	0
AT4G12320.1	2941	2742	475.047	56.6119
AT5G65350.1	615	416	5	3.92749
AT1G50580.1	1480	1281	20	5.10175
AT4G33355.2	723	524	0.100387	0.0626014
AT4G33355.1	722	523	0.899613	0.562073
AT3G22660.1	1180	981	204	67.9516
AT1G66830.1	2963	2764	11.1953	1.32354
AT3G10710.1	2036	1837	31	5.51431
AT1G44900.2	3047	2848	51.0546	5.85778
AT1G44900.1	3158	2959	159.945	17.663
AT5G38270.1	1221	1022	0	0
AT4G19680.1	1394	1195	0	0
AT4G19680.2	1307	1108	20	5.89832
AT4G33740.3	1887	1688	25.7197	4.97888
AT4G33740.5	1930	1731	0	0
AT4G33740.2	1774	1575	38.1903	7.92338
AT4G33740.1	1926	1727	0	0
AT4G33740.4	1962	1763	23.0901	4.27968
AT1G27340.1	2029	1830	184	32.8553
AT5G67190.1	1241	1042	29	9.09429
AT4G06634.2	1731	1532	10.733	2.28929
AT4G06634.3	1367	1168	0	0
AT4G06634.1	1654	1455	44.267	9.94158
AT2G21210.1	725	526	132.9	82.5612
AT2G21210.2	1402	1203	23.1004	6.2747
AT1G80680.1	3869	3670	226	20.1224
AT1G77520.1	1593	1394	1	0.23441
AT1G51402.1	501	302	57.7495	62.4856
AT2G36130.1	876	677	86	41.5096
AT4G25760.1	928	729	12	5.37888
AT5G01410.1	1775	1576	618.43	128.225
AT5G01410.2	1301	1102	1120.57	332.273
AT2G19210.1	2646	2447	1	0.133538
AT3G60920.1	5826	5627	0	0
AT3G60920.2	6039	5840	0	0
AT4G14960.2	1881	1682	2232.82	433.776
AT4G14960.1	1656	1457	78.7649	17.6649
AT1G24148.2	1244	1045	2.81478	0.880169
AT1G24148.1	953	754	28.1852	12.2149
AT1G20100.2	1210	1011	0.594887	0.192274
AT1G20100.1	1484	1285	289.405	73.5938
AT3G02930.3	2976	2777	0	0
AT3G02930.2	2732	2533	4.03935e-06	5.21092e-07
AT3G02930.1	3173	2974	38	4.17524
AT3G57250.1	661	462	0	0
AT4G35560.1	3579	3380	35.2102	3.40401
AT4G35560.2	3558	3359	44.7898	4.3572
AT1G68877.1	211	21.4282	0	0
AT1G25260.1	1445	1246	326	85.4944
AT5G20550.1	1337	1138	20	5.74283
AT1G11800.1	1689	1490	33	7.23712
AT3G20500.1	1542	1343	63	15.3286
AT1G72050.4	1800	1601	49.8381	10.172
AT1G72050.2	1481	1282	0	0
AT1G72050.3	1581	1382	138.139	32.6623
AT1G72050.1	1761	1562	0.0229107	0.00479288
AT3G61990.1	1245	1046	102	31.8645
AT3G15090.1	1613	1414	137	31.6599
AT2G38465.1	563	364	1	0.897712
AT3G21473.1	693	494	0	0
AT3G16220.1	1412	1213	78.6353	21.1834
AT3G16220.2	1510	1311	6.36471	1.58641
AT4G36170.1	489	290	0	0
AT2G11405.1	348	149	0	0
AT5G63230.1	463	264	0	0
AT2G21380.1	3791	3592	233	21.1962
AT2G21380.2	3863	3664	0	0
AT3G54390.2	1360	1161	20.8092	5.85682
AT3G54390.1	1512	1313	43.1908	10.7489
AT5G44585.1	1457	1258	23	5.97428
AT1G31390.1	816	617	0	0
AT1G08845.3	781	582	3.49091	1.95999
AT1G08845.1	1017	818	16.5543	6.61298
AT1G08845.2	705	506	2.95475	1.90813
AT3G21360.1	1598	1399	16	3.73715
AT3G47180.1	817	618	6	3.1725
AT4G26690.1	2854	2655	528	64.9842
AT4G28811.1	1993	1794	0	0
AT1G70510.2	1380	1181	4.29128	1.18734
AT1G70510.1	1816	1617	3.70872	0.749466
AT5G42410.1	612	413	0	0
AT5G42320.1	1352	1153	58.6129	16.6113
AT5G42320.2	1541	1342	48.3871	11.7819
AT3G13620.1	1693	1494	69	15.0917
AT1G80060.3	2706	2507	0	0
AT1G80060.5	1020	821	6.47114	2.57558
AT1G80060.4	2631	2432	4.52886	0.608505
AT1G80060.1	2623	2424	0	0
AT1G80060.2	2735	2536	0	0
AT3G18350.2	2821	2622	0	0
AT3G18350.1	2575	2376	42	5.77619
AT3G18350.3	2757	2558	0	0
AT1G77840.1	2053	1854	272	47.9399
AT3G18640.2	3018	2819	0	0
AT3G18640.1	2597	2398	144	19.6224
AT3G18640.3	2552	2353	0	0
AT2G45950.4	1539	1340	0	0
AT2G45950.1	2023	1824	77.5584	13.8945
AT2G45950.2	1967	1768	0.00287931	0.000532163
AT2G45950.5	1569	1370	0	0
AT2G45950.3	1800	1601	5.43869	1.11005
AT3G27329.1	369	170	0	0
AT5G19070.1	1450	1251	33	8.61976
AT5G19070.2	1442	1243	0	0
AT1G72730.1	1706	1507	161	34.9101
AT2G41380.1	1280	1081	25	7.55706
AT3G22000.1	1204	1005	0	0
AT5G67220.1	1465	1266	266	68.6572
AT5G05410.1	1651	1452	0	0
AT5G05410.2	1366	1167	8	2.24005
AT4G13820.1	2909	2710	2	0.241157
AT5G66710.1	1468	1269	2	0.514999
AT5G26070.1	447	248	0	0
AT5G27870.1	2543	2344	0	0
AT1G25510.1	2097	1898	52	8.95252
AT2G42060.1	1069	870	22	8.26308
AT1G15780.3	4565	4366	57.9601	4.33794
AT1G15780.2	4856	4657	15.8855	1.11464
AT1G15780.1	4687	4488	121.154	8.82114
AT3G28790.1	2291	2092	0	0
AT4G03566.1	667	468	0	0
AT3G28020.1	741	542	0	0
AT4G32342.2	668	469	0	0
AT4G32342.1	515	316	0	0
AT1G23720.2	3327	3128	0.0172338	0.00180033
AT1G23720.4	2811	2612	0.00155003	0.000193913
AT1G23720.3	3147	2948	318.002	35.2485
AT1G23720.1	2886	2687	585.067	71.1502
AT5G02620.2	2120	1921	0	0
AT5G02620.3	2114	1915	0	0
AT5G02620.1	2053	1854	16.3956	2.88973
AT5G02620.5	2122	1923	0	0
AT5G02620.4	2051	1852	56.6044	9.98728
AT2G31780.1	1603	1404	0	0
AT4G28520.2	1788	1589	0	0
AT4G28520.4	1787	1588	0	0
AT4G28520.1	1794	1595	0	0
AT4G28520.5	1733	1534	0	0
AT4G28520.3	1570	1371	0	0
AT4G10680.1	549	350	0	0
AT1G30970.3	2141	1942	80.4054	13.5293
AT1G30970.2	1576	1377	0.0148286	0.00351888
AT1G30970.1	1625	1426	89.5798	20.5272
AT5G66890.1	1337	1138	0	0
AT1G80090.1	1074	875	0	0
AT1G80090.2	1123	924	0	0
AT1G80580.1	771	572	0	0
AT1G44800.1	1656	1457	814	182.559
AT5G57570.1	1032	833	4	1.56911
AT1G26380.1	1832	1633	14	2.80143
AT2G42700.3	2675	2476	4.47349	0.590383
AT2G42700.1	3005	2806	76.5265	8.91174
AT2G42700.2	2947	2748	1.43595e-08	1.70751e-09
AT3G49700.1	1434	1235	0	0
AT4G14225.1	378	179	0	0
AT3G54160.1	2035	1836	1	0.177978
AT1G61170.1	1189	990	30	9.90203
AT3G05200.1	1891	1692	44	8.49749
AT5G50350.1	2151	1952	65	10.8811
AT1G49150.1	750	551	0	0
AT3G06410.1	2236	2037	159	25.5061
AT4G22180.1	1272	1073	0	0
AT5G11080.3	1128	929	0	0
AT5G11080.1	1153	954	0	0
AT5G11080.2	1730	1531	0	0
AT3G44400.3	3651	3452	0	0
AT3G44400.5	3236	3037	8.06819	0.8681
AT3G44400.4	4790	4591	0	0
AT3G44400.1	4703	4504	11.7686	0.853816
AT3G44400.2	3571	3372	7.46437	0.723342
AT4G14690.1	909	710	361	166.145
AT1G20510.2	1915	1716	14.2529	2.71409
AT1G20510.1	2176	1977	75.7471	12.5198
AT1G20510.3	2474	2275	0	0
AT3G25905.1	757	558	4	2.34242
AT2G20790.4	2677	2478	42.2257	5.56819
AT2G20790.2	2149	1950	49.7743	8.34082
AT2G20790.1	2727	2528	1.15886e-05	1.49793e-06
AT2G20790.3	1819	1620	0	0
AT2G18328.1	670	471	94	65.2147
AT1G62830.1	2736	2537	76	9.78885
AT5G12220.1	2057	1858	0	0
AT5G12220.2	2013	1814	67	12.0691
AT3G24660.1	2289	2090	93	14.5404
AT5G06680.1	3220	3021	67	7.24707
AT2G04100.1	1857	1658	25.6551	5.05624
AT2G04100.2	1929	1730	0	0
AT1G21720.1	1047	848	198	76.297
AT3G55470.1	828	629	38.2927	19.8932
AT3G55470.2	980	781	7.7604	3.24692
AT3G16000.1	2702	2503	529.171	69.0834
AT1G04830.1	1735	1536	35.3795	7.5266
AT1G04830.3	1525	1326	0.000251512	6.19802e-05
AT1G04830.2	1763	1564	13.6202	2.84568
AT2G17980.1	2289	2090	211	32.9894
AT1G26830.1	2831	2632	300	37.2455
AT1G27730.1	1303	1104	31	9.17553
AT1G80950.2	1637	1438	63.4092	14.4089
AT1G80950.1	1774	1575	29.5908	6.13924
ATMG00180.1	1359	1160	4	1.12678
AT5G52510.1	2326	2127	150	23.0442
AT1G05730.1	1430	1231	10.0991	2.68079
AT1G05730.2	678	479	1.07029	0.730139
AT3G47080.1	2177	1978	129	21.3109
AT2G02510.1	797	598	134	73.2221
AT1G30900.1	2567	2368	68	9.38352
AT2G39710.1	1654	1455	78	17.5174
AT5G48910.1	2364	2165	89	13.4329
AT1G65484.2	335	136	2.8135	6.76001
AT1G65484.1	646	447	7.1865	5.25349
AT5G13280.1	2524	2325	256.2	36.0076
AT3G32400.1	1467	1268	0	0
AT3G32400.2	1488	1289	0	0
AT1G15690.2	2602	2403	102.829	13.9831
AT1G15690.1	2836	2637	3661.17	453.678
AT4G11211.1	483	284	20	23.0118
AT2G06105.1	1173	974	0	0
AT3G24495.2	3584	3385	50.962	4.91956
AT3G24495.1	3465	3266	0.0380209	0.00380404
AT5G08270.1	1411	1212	21	5.66181
AT4G11450.1	3008	2809	58	6.74706
AT4G32280.3	1252	1053	0	0
AT4G32280.1	1173	974	3	1.00647
AT4G32280.2	1047	848	0	0
AT4G27250.1	1435	1236	5	1.32187
AT4G27250.2	1216	1017	0	0
AT1G75410.3	2336	2137	21.3591	3.266
AT1G75410.2	2565	2366	0	0
AT1G75410.1	2270	2071	121.641	19.1928
AT5G47100.2	1311	1112	0	0
AT5G47100.1	1244	1045	49	15.3221
AT3G63120.1	1045	846	159.999	61.7995
AT3G63120.2	1838	1639	16.0012	3.19016
AT2G07714.1	591	392	0	0
AT5G67000.1	605	406	0	0
AT2G28410.1	963	764	36	15.3974
AT4G09670.1	1486	1287	163	41.3854
AT1G77710.1	715	516	172	108.922
AT1G75600.1	623	424	2	1.54135
AT5G63170.1	1017	818	0	0
AT1G70650.2	2190	1991	11.9945	1.96856
AT1G70650.1	1699	1500	0	0
AT2G43600.2	944	745	0	0
AT2G43600.1	963	764	0	0
AT1G22340.1	1697	1498	4	0.872542
AT5G42700.1	1029	830	3.75566	1.47858
AT5G42700.2	808	609	2.24434	1.20423
AT4G20650.1	1004	805	0	0
AT2G02680.2	2407	2208	25.8391	3.82399
AT2G02680.1	1950	1751	6.16091	1.14973
AT1G14100.1	1551	1352	0	0
AT2G15530.7	2509	2310	2.2738	0.321647
AT2G15530.4	2728	2529	0	0
AT2G15530.1	2678	2479	48.1446	6.34614
AT2G15530.2	2943	2744	0	0
AT2G15530.6	2612	2413	9.9816	1.3517
AT2G15530.3	3100	2901	17.9219	2.01872
AT2G15530.5	2962	2763	50.678	5.99345
AT2G31370.5	1694	1495	19.1816	4.1926
AT2G31370.6	2172	1973	2.42438e-05	4.01525e-06
AT2G31370.3	1740	1541	33.006	6.99888
AT2G31370.7	1647	1448	0.00684077	0.00154374
AT2G31370.1	2161	1962	53.3747	8.88946
AT2G31370.4	1975	1776	0.000103605	1.90623e-05
AT2G31370.2	1767	1568	53.13	11.0722
AT1G14620.2	998	799	55.9185	22.869
AT1G14620.1	1182	983	48.0815	15.9832
AT5G50770.1	1168	969	0	0
AT2G35740.1	1955	1756	11	2.04695
AT3G18470.1	704	505	0	0
AT1G21695.1	1058	859	5	1.90202
AT3G13080.1	5278	5079	439.398	28.2695
AT3G13080.2	4718	4519	181.658	13.1356
AT3G13080.5	5366	5167	0.000118178	7.47374e-06
AT3G13080.4	5079	4880	58.9439	3.94691
AT3G13080.3	4004	3805	0	0
AT3G60975.1	273	74.0093	0	0
AT3G28080.6	1433	1234	0.0614882	0.0162823
AT3G28080.8	1047	848	9.53545	3.67438
AT3G28080.4	1017	818	12.422	4.96221
AT3G28080.2	1275	1076	0	0
AT3G28080.3	1234	1035	7.37494	2.3284
AT3G28080.1	1424	1225	0	0
AT3G28080.7	1317	1118	0	0
AT3G28080.5	1531	1332	6.40041	1.57015
AT3G28080.9	1946	1747	20.2057	3.77938
AT2G23210.1	2010	1811	1.43695	0.259275
AT3G22840.1	1035	836	492	192.308
AT1G77340.1	1695	1496	0	0
AT1G03590.1	2219	2020	104	16.8237
AT4G26900.1	2120	1921	259	44.0566
AT1G68910.3	2318	2119	21.6713	3.34189
AT1G68910.2	2110	1911	0	0
AT1G68910.1	2060	1861	105.329	18.4943
AT4G32175.1	912	713	36	16.4988
AT1G16500.1	1287	1088	60	18.0202
AT3G54820.1	1790	1591	97	19.9223
AT5G45530.1	2606	2407	19	2.57938
AT1G50430.2	1634	1435	0.0410446	0.00934637
AT1G50430.1	1639	1440	289.959	65.798
AT3G43250.1	990	791	0	0
AT3G10185.1	506	307	4	4.25755
AT5G06420.2	1993	1794	6.04123	1.10038
AT5G06420.1	1545	1346	0	0
AT1G19770.1	1418	1219	78	20.9088
AT3G60950.1	2420	2221	0	0
AT4G25920.1	1204	1005	1	0.325141
AT2G46830.1	2355	2156	903.537	136.942
AT2G46830.2	2628	2429	319.828	43.0256
AT2G46830.3	1882	1683	374.635	72.7383
AT3G57470.6	3383	3184	34.9358	3.58539
AT3G57470.1	3173	2974	24.0982	2.64778
AT3G57470.3	3248	3049	0.733338	0.0785932
AT3G57470.5	3380	3181	0	0
AT3G57470.4	3403	3204	15.1982	1.55002
AT3G57470.2	3311	3112	69.0345	7.24878
AT1G06290.1	2519	2320	255.176	35.941
AT3G19980.1	1629	1430	148.164	33.8567
AT5G52115.1	384	185	0	0
AT4G00160.1	1531	1332	0	0
AT1G33940.1	1842	1643	0	0
AT1G33940.2	1629	1430	0	0
AT2G22780.1	1996	1797	273	49.6424
AT3G05165.1	1619	1420	136.631	31.4413
AT3G05165.5	1707	1508	4.33991	0.940411
AT3G05165.4	1584	1385	0	0
AT3G05165.6	2087	1888	44.5229	7.70584
AT3G05165.2	1784	1585	64.0811	13.2111
AT3G05165.3	1621	1422	27.1539	6.23981
AT3G50070.1	1439	1240	113	29.778
AT5G58460.1	2707	2508	0	0
AT4G25170.2	1436	1237	0	0
AT4G25170.1	1503	1304	212	53.1247
AT4G31805.1	1531	1332	38.9001	9.54299
AT3G19210.1	2924	2725	22	2.63812
AT3G19210.2	2860	2661	0	0
AT3G19210.3	2544	2345	0	0
AT5G65520.1	876	677	20	9.65339
AT5G52500.1	1305	1106	0	0
AT4G02000.1	1302	1103	1	0.296253
AT2G39690.4	1882	1683	24.9144	4.83731
AT2G39690.3	1960	1761	0	0
AT2G39690.5	1817	1618	0	0
AT2G39690.7	1822	1623	0	0
AT2G39690.2	1669	1470	0	0
AT2G39690.6	1828	1629	6.33791	1.27134
AT2G39690.8	1812	1613	0	0
AT2G39690.1	1747	1548	0	0
AT3G27560.1	1837	1638	63	12.568
AT1G43190.1	1871	1672	130.951	25.5924
AT1G43190.3	1743	1544	2.47493	0.523786
AT1G43190.2	1644	1445	140.574	31.7889
AT5G38260.1	1917	1718	0	0
AT2G18760.3	4579	4380	0	0
AT2G18760.6	4553	4354	0	0
AT2G18760.5	3786	3587	0	0
AT2G18760.7	4146	3947	0	0
AT2G18760.2	4663	4464	0	0
AT2G18760.1	4158	3959	0	0
AT2G18760.4	4402	4203	70	5.44223
AT3G27610.2	1552	1353	8.39237	2.02687
AT3G27610.9	1250	1051	14.2602	4.43364
AT3G27610.6	1744	1545	0	0
AT3G27610.1	1507	1308	0	0
AT3G27610.7	1636	1437	0	0
AT3G27610.8	1341	1142	0.00400827	0.00114691
AT3G27610.4	1644	1445	0.00696796	0.00157571
AT3G27610.5	1835	1636	0	0
AT3G27610.3	1717	1518	18.3365	3.94714
AT3G26990.2	1929	1730	44.5891	8.42212
AT3G26990.1	2058	1859	14.4109	2.53308
AT5G51195.1	804	605	0	0
AT5G15581.1	216	24.1385	0	0
AT2G34620.1	1204	1005	113	36.741
AT3G02300.2	1922	1723	9.59183e-08	1.81909e-08
AT3G02300.1	1957	1758	136	25.2789
AT3G49520.1	1167	968	0	0
AT3G44755.1	619	420	0	0
AT5G50740.3	1163	964	47.5788	16.1278
AT5G50740.1	1021	822	35.1565	13.9756
AT5G50740.5	1265	1066	13.556	4.15539
AT5G50740.2	2041	1842	6.70825	1.19003
AT5G50740.4	1939	1740	0.000530274	9.9584e-05
AT3G45090.2	2529	2330	98.4126	13.8017
AT3G45090.1	3101	2902	40.5874	4.57017
AT3G52100.2	2451	2252	0	0
AT3G52100.3	2369	2170	54.6403	8.22795
AT3G52100.1	2091	1892	4.35973	0.752968
AT3G52100.4	2309	2110	0	0
AT1G33880.1	853	654	1	0.499644
AT1G33880.2	705	506	0	0
AT2G44600.1	1592	1393	26	6.09903
AT5G50580.2	1474	1275	1.62605e-05	4.16736e-06
AT5G50580.1	1303	1104	87.9749	26.0392
AT4G02630.1	1799	1600	70	14.2961
AT4G22940.1	1403	1204	2	0.542803
AT4G22940.2	1811	1612	0	0
AT2G46567.1	111	4.6639	0	0
AT5G37750.1	1304	1105	1	0.295717
AT5G63250.1	575	376	0	0
AT2G38220.1	1728	1529	0	0
AT2G38220.2	1719	1520	0	0
AT4G16790.1	1825	1626	49	9.84723
AT1G68530.1	2252	2053	909.724	144.797
AT1G68530.2	2220	2021	291.276	47.0951
AT5G37720.2	1315	1116	0	0
AT5G37720.1	1280	1081	98	29.6237
AT2G21900.1	970	771	2	0.847645
AT5G17020.1	4002	3803	500.309	42.9883
AT5G17020.2	3812	3613	58.5053	5.29134
AT5G53030.2	1547	1348	3.18232	0.771423
AT5G53030.1	1259	1060	7.81768	2.40996
AT2G30942.1	678	479	5	3.41093
AT1G29962.1	558	359	0	0
AT1G77410.1	2638	2439	0	0
AT1G77410.4	2227	2028	21	3.38368
AT1G77410.2	2771	2572	0	0
AT1G77410.3	2653	2454	0	0
AT5G07800.1	1727	1528	19	4.0632
AT2G22900.1	1805	1606	81	16.4808
AT3G60480.3	674	475	0	0
AT3G60480.1	708	509	23	14.7655
AT3G60480.2	711	512	0	0
AT5G07190.1	1010	811	0	0
AT5G07190.2	1066	867	0	0
AT3G45210.1	1486	1287	70	17.7729
AT4G38781.1	153	7.28986	0	0
AT3G50410.1	1224	1025	21	6.69474
AT3G20200.1	3066	2867	0	0
AT3G20200.3	2952	2753	16.9415	2.01087
AT3G20200.4	2627	2428	6.05846	0.815365
AT3G20200.2	3135	2936	0	0
AT3G20980.1	1218	1019	0	0
AT3G12915.2	2610	2411	31.0677	4.21066
AT3G12915.1	2629	2430	25.9323	3.48717
AT5G51670.2	1651	1452	23.8298	5.3628
AT5G51670.1	1839	1640	26.1702	5.21437
AT3G57380.3	1946	1747	0.00165539	0.000309632
AT3G57380.1	1951	1752	6.22309e-05	1.16067e-05
AT3G57380.2	1932	1733	16.9983	3.20512
AT3G02950.1	1285	1086	56.0312	16.8593
AT3G02950.2	1477	1278	19.9688	5.10574
AT5G19000.3	1743	1544	160.072	33.8772
AT5G19000.2	1705	1506	24.2009	5.25104
AT5G19000.1	1856	1657	2.72659	0.537694
AT2G46995.1	280	81.0024	0	0
AT5G22260.1	2194	1995	0	0
AT1G08680.1	2761	2562	0.249813	0.0318621
AT1G08680.3	2634	2435	0	0
AT1G08680.2	2757	2558	21.4159	2.73573
AT1G08680.4	2403	2204	110.334	16.3583
AT1G08680.5	2968	2769	0	0
AT2G07775.1	670	471	0	0
AT5G14330.1	607	408	108	86.4972
AT5G22450.2	3933	3734	102.89	9.00405
AT5G22450.1	4089	3890	102.108	8.57725
AT5G22450.3	3892	3693	0.00195542	0.000173021
AT1G63780.1	1229	1030	117	37.1182
AT5G52570.1	1269	1070	310.332	94.7723
AT5G52570.2	938	739	12.6677	5.60133
AT3G09900.1	1449	1250	93.2111	24.3667
AT1G55150.1	1870	1671	80.351	15.7128
AT1G55150.2	2040	1841	9.64904	1.71265
AT4G22270.2	1489	1290	6.45496	1.63509
AT4G22270.1	1746	1547	13.545	2.86107
AT5G37770.2	910	711	168.239	77.3207
AT5G37770.1	1737	1538	1.76076	0.374095
AT3G24068.1	486	287	0	0
AT3G12210.2	1408	1209	11.0714	2.99237
AT3G12210.1	862	663	28.9286	14.2578
AT1G29560.1	2199	2000	13	2.12399
AT1G29560.2	2221	2022	0	0
AT5G12230.1	1334	1135	75	21.5925
AT4G01640.1	903	704	0	0
AT5G13270.1	2354	2155	27	4.09407
AT2G33855.1	897	698	122	57.114
AT2G42830.1	1276	1077	0	0
AT2G42830.2	1141	942	0	0
AT1G52280.1	1093	894	107	39.1097
AT1G22760.1	2518	2319	0	0
AT4G14245.1	1408	1209	0	0
AT3G53370.2	488	289	0	0
AT3G53370.1	708	509	19	12.1976
AT3G46760.1	1337	1138	2	0.574283
AT4G01820.2	3753	3554	0	0
AT4G01820.1	3789	3590	4	0.364086
AT1G32410.5	809	610	0	0
AT1G32410.2	858	659	41.8413	20.7471
AT1G32410.1	795	596	5.15873	2.82836
AT1G32410.4	812	613	0	0
AT1G32410.3	842	643	0	0
AT1G33980.2	2126	1927	84.0857	14.2587
AT1G33980.1	2297	2098	64.9143	10.1105
AT3G56600.2	1602	1403	0	0
AT3G56600.3	2428	2229	0	0
AT3G56600.1	2251	2052	2	0.318486
AT5G07290.1	3934	3735	121	10.586
AT3G49690.1	1320	1121	5	1.45748
AT5G46060.1	1203	1004	11	3.58012
AT5G41109.1	141	6.28195	0	0
AT4G15660.1	940	741	3.3638	1.48337
AT1G04160.2	5282	5083	0	0
AT1G04160.1	5192	4993	77	5.03927
AT1G71720.2	1694	1495	41.8419	9.14551
AT1G71720.1	1729	1530	108.158	23.0997
AT5G15980.1	2613	2414	127	17.1911
AT2G48030.2	2068	1869	0	0
AT2G48030.1	1927	1728	54	10.2115
AT3G61960.1	2415	2216	103	15.1882
AT3G61960.2	2241	2042	0	0
AT1G69710.1	3513	3314	1	0.098602
AT1G69710.2	3714	3515	0	0
AT2G22290.1	1063	864	2	0.756405
AT3G53220.1	707	508	9	5.78918
AT4G30730.1	416	217	0	0
AT4G30730.2	315	116	0	0
AT4G24390.1	2675	2476	14.3768	1.89736
AT4G24390.2	2342	2143	53.2577	8.12079
AT5G53470.1	1567	1368	68	16.2428
AT4G34470.1	609	410	0	0
AT3G52720.2	1415	1216	4.31132	1.15855
AT3G52720.1	1515	1316	0	0
AT3G52720.4	1218	1019	127.689	40.9465
AT3G52720.3	2010	1811	0	0
AT4G10350.1	1325	1126	0	0
AT4G10350.2	1074	875	4	1.49379
AT1G16170.1	944	745	46	20.1762
AT1G66470.1	1426	1227	25	6.65785
AT3G16210.1	1246	1047	4	1.24839
AT4G15070.1	2670	2471	15	1.98361
AT1G52720.1	1141	942	48	16.6506
AT5G25475.3	1030	831	12.0336	4.73188
AT5G25475.2	1149	950	15.9664	5.49188
AT5G25475.1	1214	1015	0	0
AT5G25475.4	1234	1035	0	0
AT1G14320.2	951	752	17.0436	7.40598
AT1G14320.1	1115	916	2535.21	904.391
AT3G21780.1	1616	1417	5	1.15302
AT4G38960.2	1522	1323	2.60362	0.643066
AT4G38960.6	1521	1322	0	0
AT4G38960.3	1445	1246	0	0
AT4G38960.5	1634	1435	0	0
AT4G38960.1	1409	1210	111.873	30.2118
AT4G38960.4	1711	1512	5.52382	1.19378
AT4G12120.1	2420	2221	38	5.59079
AT2G18920.1	408	209	0	0
AT2G36700.1	1002	803	0	0
AT5G64100.1	1438	1239	508	133.977
AT2G45900.2	2593	2394	0.000111047	1.51572e-05
AT2G45900.1	2834	2635	9.83209	1.21928
AT2G45900.3	2566	2367	50.1678	6.92572
AT3G19990.2	1543	1344	49	11.9134
AT3G19990.1	1564	1365	9.12584e-07	2.18463e-07
AT1G36510.1	1056	857	0	0
AT3G10439.1	99	4.23477	0	0
AT4G08230.2	474	275	5.78571	6.87484
AT4G08230.1	824	625	48.2143	25.2077
AT5G43470.1	3644	3445	0	0
AT5G43470.4	3310	3111	152.695	16.0385
AT5G43470.2	3368	3169	89.3243	9.21056
AT5G43470.3	3625	3426	0	0
AT2G27030.3	830	631	61.1137	31.6481
AT2G27030.1	776	577	254.886	144.347
AT2G31660.1	3862	3663	399	35.5938
AT1G51913.1	345	146	2	4.47626
AT4G23895.1	1213	1014	13.5181	4.35629
AT4G23895.2	1138	939	1.78821	0.622286
AT4G23895.3	1762	1563	37.2669	7.79116
AT4G23895.4	1184	985	0	0
AT1G65190.1	1846	1647	146.839	29.1331
AT2G26030.1	1948	1749	0	0
AT2G26030.3	1588	1389	18.1779	4.27642
AT2G26030.5	1413	1214	4.66764	1.25637
AT2G26030.2	1779	1580	0	0
AT2G26030.4	1963	1764	7.15444	1.3253
AT2G31540.1	1367	1168	3	0.839299
AT4G17850.1	564	365	0	0
AT1G61800.1	1723	1524	74.282	15.9271
AT1G61800.2	1724	1525	36.718	7.86769
AT5G03790.2	1284	1085	0	0
AT5G03790.1	1169	970	7	2.35811
AT3G48010.1	2428	2229	0	0
AT5G15400.1	3738	3539	261	24.099
AT3G11745.1	703	504	2.60535	1.68917
AT3G11745.2	784	585	6.39465	3.5719
AT1G11090.1	1172	973	45	15.1126
AT1G01110.2	2113	1914	12.1524	2.07472
AT1G01110.1	2044	1845	20.8476	3.69231
AT4G35250.1	1703	1504	822	178.592
AT1G49660.1	1268	1069	117	35.764
AT5G07610.1	1263	1064	22	6.75646
AT4G02440.1	1404	1205	77	20.8806
AT3G01540.3	2387	2188	99.3897	14.8434
AT3G01540.1	2507	2308	368.628	52.1905
AT3G01540.2	2540	2341	27.6928	3.86549
AT3G01540.4	2289	2090	407.289	63.6788
AT2G45840.1	2004	1805	1.01445	0.18365
AT3G05360.1	2694	2495	17	2.22647
AT4G17430.1	2048	1849	36	6.36215
AT1G15060.1	2522	2323	1.9922	0.280235
AT1G15060.3	2493	2294	105.591	15.0408
AT1G15060.2	2577	2378	47.4167	6.51565
AT1G61200.1	595	396	0	0
AT2G19040.1	332	133	0	0
AT3G19350.1	562	363	0	0
AT1G03200.1	436	237	8.85865	12.214
AT3G22550.1	1860	1661	108	21.2467
AT5G66520.1	1958	1759	0	0
AT3G46240.1	1305	1106	0	0
AT3G47833.1	852	653	107	53.5438
AT4G23140.2	2225	2026	5.14988	0.830607
AT4G23140.1	2580	2381	6.70704	0.920471
AT1G03110.1	1577	1378	93	22.0532
AT3G19640.1	1861	1662	109	21.4306
AT3G59300.2	1627	1428	28.3724	6.49242
AT3G59300.1	2555	2356	42.4267	5.88441
AT3G59300.3	1406	1207	28.6622	7.75961
AT5G06110.2	2464	2265	0.00931957	0.00134452
AT5G06110.1	2554	2355	395.991	54.9455
AT3G48920.1	1217	1018	15	4.81484
AT1G01453.1	1358	1159	3	0.845817
AT1G01453.2	1225	1026	0	0
AT4G29920.2	3519	3320	57	5.61016
AT4G29920.1	3090	2891	1.60781e-06	1.81729e-07
AT5G24160.2	1915	1716	19.2749	3.6704
AT5G24160.1	2031	1832	0	0
AT5G24160.3	1737	1538	0.7251	0.154056
AT3G12650.1	802	603	46	24.9275
AT5G17305.1	225	29.9375	0	0
AT1G26250.1	1627	1428	405.795	92.8575
AT1G27280.1	678	479	0	0
AT1G28310.1	1635	1436	27.8835	6.34499
AT1G28310.2	1120	921	11.1165	3.94409
AT5G43030.1	1858	1659	8	1.57573
AT4G09660.1	1995	1796	0	0
AT4G31240.2	2224	2025	0	0
AT4G31240.1	1789	1590	12	2.46617
AT1G56030.1	1176	977	0	0
AT1G50280.2	1812	1613	0	0
AT1G50280.1	1886	1687	19.2215	3.72314
AT5G47800.4	2066	1867	28.373	4.96591
AT5G47800.1	2260	2061	6.32977	1.00357
AT5G47800.3	2300	2101	0	0
AT5G47800.2	2262	2063	6.29724	0.997445
AT1G70720.2	923	724	0	0
AT1G70720.1	810	611	0	0
AT4G24160.1	1751	1552	143.714	30.2583
AT4G24160.2	1795	1596	16.2863	3.33449
AT2G24625.1	267	68.0268	0	0
AT1G79330.1	1584	1385	5	1.17966
AT2G31720.1	942	743	0	0
AT1G50200.2	3439	3240	210.684	21.2483
AT1G50200.1	3495	3296	877.316	86.9776
AT3G49590.2	2240	2041	50.3657	8.06362
AT3G49590.3	2440	2241	18.6343	2.71713
AT3G49590.1	2560	2361	0	0
AT5G23400.1	2363	2164	66	9.9661
AT5G14540.1	2207	2008	140	22.7826
AT2G23760.3	2290	2091	80.7962	12.6263
AT2G23760.4	2444	2245	11.4774	1.67057
AT2G23760.1	2408	2209	0	0
AT2G23760.2	2502	2303	21.7264	3.08271
AT2G33050.1	2671	2472	68	8.98874
AT5G02330.1	2129	1930	0	0
AT1G12530.1	854	655	31	15.4653
AT4G08950.1	1373	1174	167	46.4822
AT1G72950.1	1493	1294	2	0.50505
AT5G61680.1	1394	1195	0	0
AT5G46980.1	697	498	0	0
AT3G01730.1	544	345	2	1.8943
AT1G26960.1	1330	1131	41	11.8457
AT1G25580.1	2017	1818	50	8.98699
AT3G23730.1	1216	1017	209	67.1527
AT3G20140.1	1673	1474	2	0.443375
AT3G21670.1	2209	2010	716	116.401
AT1G09570.6	4549	4350	22.1512	1.66397
AT1G09570.1	4387	4188	57.1968	4.46276
AT1G09570.5	4595	4396	0	0
AT1G09570.4	3841	3642	298.095	26.7456
AT1G09570.2	3738	3539	157.557	14.5478
AT1G09570.3	4079	3880	0	0
AT1G18197.2	426	227	0	0
AT1G18197.1	959	760	0	0
AT3G10190.1	965	766	40	17.0636
AT5G44030.1	3632	3433	51.2388	4.87712
AT5G44030.2	3560	3361	0	0
AT5G44030.3	2627	2428	45.7612	6.15867
AT1G26340.1	758	559	51	29.8124
AT4G16670.3	1328	1129	4.16832	1.20644
AT4G16670.2	1263	1064	0	0
AT4G16670.1	1620	1421	39.4627	9.07467
AT3G62660.1	2240	2041	104	16.6506
AT4G18422.1	489	290	0	0
AT1G33240.2	2493	2294	147.896	21.067
AT1G33240.1	2925	2726	140.104	16.7943
AT1G33240.3	2971	2772	0	0
AT3G55830.1	1470	1271	102.01	26.2263
AT3G47160.2	1260	1061	4.49534	1.38448
AT3G47160.1	1579	1380	4.32602	1.02435
AT3G47160.3	1747	1548	3.17864	0.67098
AT4G21800.1	1393	1194	52.8074	14.452
AT4G21800.2	1488	1289	9.19263	2.33037
AT5G39700.1	573	374	0	0
AT5G25820.1	2346	2147	51	7.76205
AT1G19720.1	3069	2870	189	21.5188
AT5G04390.1	1698	1499	1	0.21799
AT5G04230.1	2597	2398	84	11.4464
AT5G04230.2	2485	2286	2.65061e-06	3.78886e-07
AT3G07425.1	587	388	1	0.842183
AT1G55180.1	2432	2233	0	0
AT1G55180.2	2329	2130	22	3.37506
AT1G28395.5	858	659	0	0
AT1G28395.1	802	603	24.6635	13.3652
AT1G28395.3	737	538	11.5843	7.036
AT1G28395.4	945	746	10.1637	4.45198
AT1G28395.6	923	724	8.93827	4.03416
AT1G28395.2	986	787	5.65022	2.34601
AT3G49640.4	1573	1374	0	0
AT3G49640.1	1361	1162	0	0
AT3G49640.2	1375	1176	43	11.9481
AT3G49640.3	1727	1528	0	0
AT3G49640.5	1506	1307	0	0
AT4G16195.1	486	287	0	0
AT5G50170.1	3363	3164	35	3.61468
AT1G54520.1	1597	1398	249	58.201
AT2G11810.1	1801	1602	0	0
AT2G11810.4	1316	1117	12.7405	3.7271
AT2G11810.2	1594	1395	15.2595	3.57442
AT2G11810.3	1867	1668	0	0
AT1G09320.1	2113	1914	45	7.68261
AT4G21610.1	684	485	20	13.4749
AT4G21610.2	703	504	0	0
AT2G43250.1	2509	2310	36	5.09247
AT1G51940.1	2456	2257	41	5.93596
AT1G58080.1	1734	1535	517	110.058
AT3G54200.1	1011	812	51	20.5236
AT1G09260.1	440	241	0	0
AT4G16008.1	1512	1313	9	2.23984
AT1G17345.1	1234	1035	2	0.631434
AT1G62915.1	693	494	1	0.661472
AT2G40050.1	1923	1724	0	0
AT2G40050.2	1707	1508	1	0.216689
AT1G07885.2	366	167	1	1.95669
AT1G07885.1	502	303	0	0
AT3G09050.1	1223	1024	54.7773	17.4799
AT3G56000.1	2002	1803	9	1.63112
AT3G60980.1	1465	1266	46	11.8731
AT1G27385.2	837	638	30.3635	15.5514
AT1G27385.3	720	521	13.3918	8.39924
AT1G27385.4	765	566	0	0
AT1G27385.1	1096	897	13.2447	4.82489
AT2G11271.1	126	5.35093	0	0
AT5G13950.3	3114	2915	0	0
AT5G13950.4	3560	3361	38.6321	3.75594
AT5G13950.2	3141	2942	158.967	17.6565
AT5G13950.1	3386	3187	15.4006	1.57904
AT1G62960.1	1956	1757	315	58.5837
AT1G17180.1	1016	817	121	48.3951
AT3G56010.1	1119	920	249	88.4402
AT4G12780.4	3516	3317	0	0
AT4G12780.2	3188	2989	0.0163048	0.00178249
AT4G12780.6	3413	3214	0.0484716	0.0049281
AT4G12780.3	3295	3096	0	0
AT4G12780.5	3494	3295	12.9906	1.28829
AT4G12780.1	3320	3121	158.746	16.6207
AT5G08050.1	925	726	461	207.493
AT1G32630.1	3631	3432	70.2456	6.68822
AT1G32630.2	919	720	0	0
AT5G22740.1	2619	2420	395	53.336
AT5G09730.1	2863	2664	5	0.613302
AT3G47030.1	1476	1277	1	0.255887
AT4G19560.1	1905	1706	6	1.14924
AT4G19560.2	1532	1333	0	0
AT1G23130.1	845	646	1149	581.2
AT2G33360.2	1922	1723	18.2999	3.47057
AT2G33360.1	2609	2410	87.7001	11.8911
AT4G23230.1	1884	1685	2	0.387854
AT1G29300.1	1998	1799	34	6.1757
AT4G39910.1	1696	1497	123	26.8486
AT1G49405.1	995	796	2	0.821023
AT1G13480.1	1435	1236	16	4.23
AT3G27420.1	1153	954	16	5.48037
AT4G31700.1	1170	971	1611.52	542.319
AT4G31700.2	885	686	447.481	213.152
AT1G75840.1	1331	1132	204	58.8874
AT3G63440.1	2007	1808	46	8.31377
AT1G65170.1	780	581	0	0
AT5G27330.1	2472	2273	154	22.1391
AT1G31555.1	506	307	0	0
AT3G12040.1	1053	854	11	4.20894
AT3G12040.2	1071	872	0	0
AT5G42785.1	728	529	6	3.70624
AT5G13240.2	1253	1054	14.7149	4.56199
AT5G13240.3	1188	989	0	0
AT5G13240.1	1162	963	55.2851	18.7595
AT3G45950.1	1343	1144	0	0
AT1G58370.1	2921	2722	56.0352	6.72684
AT1G58370.2	3262	3063	17.9648	1.91652
AT4G02850.1	1036	837	129	50.362
AT1G14280.1	1802	1603	148	30.1694
AT5G07420.1	1428	1229	0	0
AT2G18560.1	1968	1769	39	7.20402
AT3G29800.1	1323	1124	0	0
AT3G42630.1	1596	1397	36	8.42063
AT5G56590.1	2049	1850	43	7.59513
AT5G09890.1	2091	1892	229.869	39.7006
AT5G09890.2	1984	1785	44.1313	8.0788
AT1G74670.1	910	711	75	34.4691
AT3G57360.1	1214	1015	7	2.25357
AT2G01760.2	1554	1355	0	0
AT2G01760.3	1253	1054	2.26316	0.701637
AT2G01760.1	1519	1320	34.7368	8.59913
AT1G76290.1	1686	1487	0	0
AT5G09610.1	1955	1756	0	0
AT1G03760.1	1382	1183	22	6.07682
AT3G57100.1	1470	1271	1	0.257095
AT4G37022.1	300	101	1	3.23532
AT1G74840.2	1101	902	187.289	67.8492
AT1G74840.1	1661	1462	75.7107	16.9219
AT1G80165.1	216	24.1385	0	0
AT3G51630.2	2263	2064	72.1558	11.4235
AT3G51630.1	2499	2300	173.844	24.6985
AT1G17190.1	1065	866	50	18.8665
AT5G04090.7	1470	1271	10.7718	2.76936
AT5G04090.6	1714	1515	13.572	2.92732
AT5G04090.1	1552	1353	0	0
AT5G04090.5	1752	1553	0	0
AT5G04090.4	2019	1820	0	0
AT5G04090.2	1338	1139	22.6562	6.49982
AT5G04090.3	2033	1834	0	0
AT2G07706.1	2518	2319	140	19.7272
AT4G11920.1	1973	1774	38	6.99952
AT5G40170.1	2770	2571	57	7.24455
AT5G50640.1	1900	1701	59.4409	11.4188
AT1G14480.2	1407	1208	0	0
AT1G14480.1	1649	1450	5	1.12678
AT1G80240.1	1586	1387	11	2.59152
AT1G32880.1	552	353	2	1.85137
AT2G47140.1	1101	902	48	17.3889
AT5G15070.3	3846	3647	0	0
AT5G15070.4	3739	3540	0	0
AT5G15070.6	2809	2610	5.23108	0.654922
AT5G15070.1	3561	3362	0	0
AT5G15070.5	3579	3380	0	0
AT5G15070.7	2889	2690	16.2048	1.96848
AT5G15070.2	3384	3185	20.5641	2.10979
AT5G17780.1	1474	1275	18.5556	4.75557
AT5G17780.2	1609	1410	10.4444	2.4205
AT5G53730.1	1382	1183	3	0.828657
AT3G48140.1	758	559	1008	589.233
AT2G21540.4	2106	1907	0.0025977	0.000445119
AT2G21540.1	2143	1944	39.0247	6.55966
AT2G21540.2	2232	2033	11.5392	1.85471
AT2G21540.5	2088	1889	0	0
AT2G21540.6	2021	1822	0	0
AT2G21540.3	2193	1994	17.4335	2.85693
AT3G49790.1	2004	1805	3	0.543103
AT4G04690.1	1137	938	0	0
AT1G30890.2	981	782	38.4211	16.0547
AT1G30890.1	1209	1010	26.5789	8.59913
AT1G72520.1	3046	2847	18	2.06597
AT2G43630.1	1218	1019	153	49.0632
AT1G23280.1	1314	1115	130	38.0984
AT3G30840.1	177	10.528	0	0
AT3G27027.1	459	260	5	6.28398
AT3G18590.1	605	406	0	0
AT2G23945.1	1510	1311	1	0.24925
AT3G14000.1	1491	1292	30.2164	7.6422
AT3G14000.2	2064	1865	22.7836	3.99192
AT5G41260.1	2404	2205	121	17.9314
AT1G12220.2	3283	3084	0	0
AT1G12220.1	3152	2953	0	0
AT1G12220.3	2851	2652	24	2.95717
AT3G17765.1	648	449	0	0
AT2G29880.1	1131	932	0	0
AT1G06540.1	1933	1734	33.8672	6.38217
AT1G66920.2	2284	2085	0	0
AT1G66920.1	2171	1972	20.6135	3.41573
AT1G66920.3	2206	2007	0	0
AT4G14675.1	480	281	0	0
AT5G19760.1	1391	1192	1339	367.065
AT5G47990.1	1910	1711	25	4.7745
AT2G47050.1	1115	916	1	0.356733
AT3G22930.1	884	685	23.1662	11.051
AT3G22930.2	1422	1223	4.73694	1.26564
AT1G22680.1	1390	1191	0	0
AT1G61260.1	1678	1479	15	3.31407
AT1G02210.1	264	65.044	0	0
AT5G48657.1	1485	1286	2.50845	0.637387
AT5G48657.6	1286	1087	0	0
AT5G48657.3	1124	925	0	0
AT5G48657.2	1051	852	32.4915	12.4615
AT5G48657.4	1106	907	0	0
AT5G48657.5	1349	1150	0	0
AT3G23200.2	1357	1158	5.32523	1.50269
AT3G23200.1	963	764	18.6748	7.9873
AT4G32640.1	3972	3773	260.441	22.5559
AT4G32640.2	3966	3767	100.559	8.72295
AT5G49190.1	3011	2812	0	0
AT5G49190.3	2496	2297	4	0.569033
AT5G49190.2	2612	2413	0	0
AT2G22465.1	283	84.0013	0	0
AT4G28840.3	941	742	0.999995	0.440385
AT4G28840.2	1049	850	0	0
AT4G28840.1	949	750	4.50143e-06	1.96123e-06
AT3G20890.1	1778	1579	18.6313	3.85566
AT3G20890.2	1439	1240	21.3687	5.63113
AT4G16215.1	372	173	0	0
AT3G62040.1	930	731	276	123.376
AT5G63990.1	1530	1331	33	8.10166
AT5G63990.2	1353	1154	0	0
AT1G72175.2	1419	1220	0	0
AT1G72175.1	1037	838	28	10.9182
AT1G76550.1	2279	2080	140	21.9939
AT1G17860.1	861	662	234	115.504
ATCG00760.1	114	4.78619	0	0
AT1G53980.1	830	631	1	0.517856
AT3G03900.1	1146	947	24.3548	8.40376
AT3G03900.2	1304	1105	0	0
AT3G03900.3	1149	950	0.645153	0.22191
AT3G22421.1	1335	1136	0	0
ATMG01020.1	462	263	0	0
AT1G69360.1	3379	3180	60	6.16542
AT1G02270.2	1777	1578	0	0
AT1G02270.1	1737	1538	61	12.9602
AT1G07260.1	1764	1565	41	8.56067
AT2G27260.1	1016	817	43	17.1983
AT5G54840.2	1610	1411	6.79505	1.57364
AT5G54840.3	1208	1009	1.92562e-06	6.23616e-07
AT5G54840.1	1230	1031	29.2049	9.25627
AT5G40430.1	771	572	0	0
AT3G22053.1	677	478	0	0
AT5G07520.1	1084	885	0	0
AT5G07520.2	1052	853	0	0
AT3G24093.1	1145	946	0	0
AT5G66310.1	4100	3901	0	0
AT5G66310.3	3741	3542	174	16.0524
AT5G66310.2	3710	3511	0	0
AT1G43580.1	1691	1492	127	27.8146
AT4G10695.1	843	644	0	0
AT4G10695.2	705	506	0	0
AT4G37250.1	2852	2653	48	5.91211
AT2G23570.1	952	753	0	0
AT5G10020.2	3481	3282	23.6816	2.35782
AT5G10020.1	3710	3511	153.318	14.2693
AT1G26540.1	2480	2281	20	2.86512
AT4G22840.1	1502	1303	26	6.5203
AT4G23780.1	912	713	0	0
AT4G23780.2	688	489	1	0.668235
AT4G28790.4	1748	1549	0	0
AT4G28790.2	1470	1271	0	0
AT4G28790.3	2397	2198	0	0
AT4G28790.6	1605	1406	0	0
AT4G28790.1	2045	1846	1	0.177014
AT4G28790.8	1372	1173	0	0
AT4G28790.5	1615	1416	0	0
AT4G28790.7	1472	1273	0	0
AT3G30390.2	2393	2194	171.704	25.5731
AT3G30390.3	2048	1849	90.6099	16.0132
AT3G30390.1	1962	1763	887.686	164.53
AT4G03115.2	2008	1809	0	0
AT4G03115.5	1896	1697	0	0
AT4G03115.6	1871	1672	0	0
AT4G03115.1	1913	1714	13.7502	2.62142
AT4G03115.3	1981	1782	9.2498	1.69615
AT4G03115.4	1929	1730	0	0
AT1G08430.1	1961	1762	3	0.556357
AT5G65300.1	972	773	5	2.11363
AT5G04540.1	3150	2951	153	16.9418
AT2G31170.1	1958	1759	127.144	23.6194
AT2G31170.3	1871	1672	0	0
AT2G31170.2	1950	1751	0.855652	0.15968
AT2G39510.1	1598	1399	68	15.8829
AT1G54290.1	855	656	43	21.4192
AT1G13340.1	1590	1391	20	4.69831
AT2G32580.2	1105	906	0	0
AT2G32580.1	1158	959	129	43.9551
AT1G53280.2	1733	1534	6.52724	1.39041
AT1G53280.1	1537	1338	171.473	41.8772
AT4G13620.1	1449	1250	15	3.92121
AT3G53560.2	1552	1353	69.3846	16.7573
AT3G53560.1	1513	1314	115.615	28.7514
AT5G01690.1	2553	2354	0	0
AT4G33300.1	3645	3446	10.4839	0.994139
AT4G33300.2	3143	2944	170.516	18.9263
AT3G03840.1	730	531	4	2.46152
AT2G25920.1	1246	1047	40	12.4839
AT1G73840.1	1531	1332	121	29.6838
AT1G73840.2	1675	1476	0	0
AT4G37850.1	1337	1138	0	0
AT4G37850.2	1334	1135	0	0
AT4G21070.1	3133	2934	40	4.4549
AT2G41430.1	995	796	0.0600468	0.0246499
AT2G41430.2	981	782	374.178	156.354
AT2G41430.4	1224	1025	40.1116	12.7875
AT2G41430.5	1014	815	0	0
AT2G41430.3	989	790	112.65	46.5955
AT5G53980.1	984	785	3	1.24879
AT5G06280.3	616	417	26.9989	21.1568
AT5G06280.1	1087	888	23.0011	8.46395
AT1G03600.1	1315	1116	1094	320.325
AT1G29550.1	1044	845	16.3827	6.33528
AT1G15850.1	423	224	0	0
AT4G30300.1	546	347	0	0
AT5G36880.1	2655	2456	0.261776	0.0348289
AT5G36880.5	2646	2447	0	0
AT5G36880.2	2735	2536	275.965	35.5585
AT5G36880.3	2813	2614	46.1583	5.77009
AT5G36880.4	2721	2522	0	0
AT5G36880.6	2572	2373	194.615	26.7989
AT3G62410.1	637	438	364	271.56
AT1G76190.1	762	563	4	2.32161
AT5G28500.1	1829	1630	584	117.075
AT5G28500.2	1288	1089	0	0
AT4G10010.1	2132	1933	0	0
AT4G10010.2	2913	2714	0	0
AT3G52170.4	1826	1627	41.1587	8.26633
AT3G52170.1	1975	1776	23.839	4.38615
AT3G52170.2	1996	1797	3.28561e-05	5.97456e-06
AT3G52170.3	1840	1641	0.00220152	0.000438381
AT5G19680.1	1558	1359	116	27.8918
AT5G14700.1	1583	1384	39	9.20803
AT5G14700.2	1740	1541	0	0
AT3G27475.2	2409	2210	0	0
AT3G27475.1	474	275	0	0
AT5G49550.1	606	407	16	12.8459
AT5G59440.2	1338	1139	5.5795	1.6007
AT5G59440.3	1177	978	0	0
AT5G59440.1	1179	980	43.4205	14.4779
AT1G49910.1	1362	1163	5	1.40485
AT5G50320.1	2406	2207	142	21.0244
AT3G15660.1	1191	992	126.069	41.5275
AT3G15660.2	1114	915	12.6198	4.50681
AT5G13840.2	1748	1549	64.6184	13.6315
AT5G13840.1	1900	1701	22.3816	4.29957
AT1G22330.1	1539	1340	30	7.31568
AT2G27450.3	1522	1323	8.21085	2.02799
AT2G27450.1	1245	1046	161.789	50.5424
AT2G27450.2	1236	1037	0	0
AT2G23980.6	2784	2585	10.6509	1.34636
AT2G23980.5	2939	2740	34.3645	4.09825
AT2G23980.7	2706	2507	0	0
AT2G23980.8	2661	2462	1.28053	0.169957
AT2G23980.4	2984	2785	2.59674e-07	3.04678e-08
AT2G23980.1	2637	2438	0	0
AT2G23980.10	2516	2317	113.312	15.9805
AT2G23980.2	3053	2854	3.19833e-07	3.66191e-08
AT2G23980.3	3008	2809	26.8339	3.12155
AT2G23980.9	2592	2393	1.55791	0.212735
AT2G44300.1	1068	869	83	31.2102
ATMG00090.1	1671	1472	2	0.443977
AT1G20400.1	3616	3417	5	0.478149
AT2G43480.1	1117	918	13	4.62742
AT4G36890.1	2437	2238	110	16.0609
AT1G52470.1	1024	825	0	0
AT1G52470.3	1106	907	0	0
AT1G52470.2	1026	827	0	0
AT3G58700.1	1053	854	241.501	92.406
AT2G35280.1	823	624	0	0
AT4G10370.1	2326	2127	10	1.53628
AT2G43280.2	1148	949	3.39724	1.16976
AT2G43280.1	919	720	28.6028	12.9812
AT2G40770.3	4995	4796	0	0
AT2G40770.1	5376	5177	110	6.94309
AT2G40770.2	5085	4886	0	0
AT3G15730.1	2938	2739	1730	206.392
AT1G50660.1	3001	2802	392	45.7147
AT3G19770.2	2034	1835	13.174	2.34595
AT3G19770.1	2149	1950	67.826	11.3658
AT5G04970.1	2218	2019	34	5.50276
AT5G08315.1	538	339	0	0
AT4G03945.1	674	475	0	0
AT4G03945.2	404	205	0	0
AT4G04870.1	1402	1203	50	13.5813
AT3G57580.1	1889	1690	11	2.12689
AT5G63530.2	1383	1184	227.241	62.7154
AT5G63530.1	1677	1478	19.7587	4.36839
AT1G13440.1	1789	1590	2897.9	595.559
AT1G13440.2	1355	1156	4531.83	1281.02
AT1G50360.1	4214	4015	134	10.9058
AT5G64960.1	2142	1943	229.888	38.6617
AT5G64960.2	2240	2041	38.9594	6.23745
AT2G20490.3	580	381	49.2006	42.1972
AT2G20490.2	479	280	22.1171	25.8112
AT2G20490.1	530	331	64.6823	63.8552
AT2G31010.2	3290	3091	25.7242	2.71945
AT2G31010.1	3214	3015	68.2758	7.39976
AT2G25280.1	1339	1140	95.7141	27.4353
AT4G28450.1	1806	1607	115	23.3841
AT1G64500.1	1512	1313	425	105.77
AT5G11230.1	1695	1496	60	13.1056
AT3G57880.1	3053	2854	131.575	15.0646
AT3G57880.3	3382	3183	0	0
AT3G57880.2	2953	2754	91.355	10.8394
AT3G57880.4	3000	2801	1.00012e-05	1.16675e-06
AT4G34520.1	1638	1439	1	0.227079
AT2G17120.1	1450	1251	108	28.2101
AT3G26390.1	501	302	0	0
AT2G43190.4	1094	895	0	0
AT2G43190.1	1230	1031	0.577841	0.183142
AT2G43190.5	1314	1115	0	0
AT2G43190.3	1227	1028	16.3931	5.21081
AT2G43190.2	1327	1128	7.02909	2.03624
AT5G58880.1	3599	3400	0	0
AT2G14520.2	1932	1733	12.9999	2.45121
AT2G14520.1	1950	1751	9.16631e-05	1.71059e-05
AT2G14520.4	1831	1632	0	0
AT2G14520.3	1873	1674	0	0
AT1G33400.3	2452	2253	38.8246	5.63098
AT1G33400.2	2723	2524	0	0
AT1G33400.1	2623	2424	14.1754	1.91092
AT3G56820.3	886	687	0	0
AT3G56820.1	1028	829	12.3415	4.86465
AT3G56820.2	1634	1435	10.6585	2.42707
AT3G02600.1	1731	1532	4.95635e-06	1.05716e-06
AT3G02600.5	1463	1264	22.002	5.68793
AT3G02600.9	2553	2354	0	0
AT3G02600.2	1638	1439	0	0
AT3G02600.11	2939	2740	0	0
AT3G02600.12	1949	1750	0	0
AT3G02600.4	1516	1317	56.0915	13.9171
AT3G02600.8	2834	2635	0	0
AT3G02600.3	1325	1126	13.0343	3.78259
AT3G02600.7	1781	1582	8.43359	1.74198
AT3G02600.10	2433	2234	46.4386	6.79257
AT3G02600.6	1901	1702	0	0
AT5G05740.3	1910	1711	251.49	48.0297
AT5G05740.1	1931	1732	31.0003	5.84867
AT5G05740.2	2129	1930	48.5094	8.2131
AT1G51960.1	1237	1038	0	0
AT3G02555.1	1017	818	26.9618	10.7705
AT3G02555.2	1378	1179	9.03819	2.50499
AT5G59700.1	3098	2899	22	2.47978
AT1G08840.2	4340	4141	16.9616	1.33844
AT1G08840.4	4248	4049	20.435	1.64917
AT1G08840.5	3291	3092	0	0
AT1G08840.3	4254	4055	0	0
AT1G08840.1	4153	3954	7.60343	0.628364
AT3G22142.1	4555	4356	170.479	12.7885
AT5G08180.1	1246	1047	9.56592	2.98551
AT5G08180.2	1031	832	426.434	167.482
AT3G46810.1	2393	2194	3	0.44681
AT2G28080.1	1865	1666	63	12.3567
AT1G03250.4	1310	1111	0	0
AT1G03250.2	1190	991	0	0
AT1G03250.1	1242	1043	67.4577	21.1342
AT1G03250.3	1041	842	24.5423	9.52448
AT5G60980.3	2425	2226	0	0
AT5G60980.1	1914	1715	210.911	40.186
AT5G60980.4	2028	1829	8.50562	1.5196
AT5G60980.2	2052	1853	120.583	21.2642
AT1G78220.1	738	539	0	0
AT1G69530.4	1255	1056	61.1779	18.9308
AT1G69530.1	1396	1197	211.773	57.8116
AT1G69530.3	1322	1123	0	0
AT1G69530.5	1147	948	0	0
AT1G69530.2	1459	1260	190.049	49.2871
AT3G60550.1	1064	865	22	8.31084
AT1G09430.1	1977	1778	333.92	61.3689
AT1G30960.1	1624	1425	32	7.33793
AT5G24020.1	1423	1224	127	33.9048
AT1G66080.1	1271	1072	27	8.23014
AT1G08490.1	1824	1625	228	45.8479
AT5G22190.1	354	155	0	0
AT4G22010.1	2122	1923	465	79.0155
AT1G61870.1	1716	1517	193	41.5729
AT3G03470.1	1916	1717	22	4.18688
AT5G01910.2	1204	1005	0	0
AT5G01910.1	1125	926	18	6.35184
AT1G32190.2	1619	1420	0.00109378	0.000251699
AT1G32190.1	1726	1527	64.9989	13.9093
AT5G04860.2	2253	2054	45.9364	7.30794
AT5G04860.1	2819	2620	74.0636	9.23723
AT2G44000.1	1483	1284	4	1.01797
ATMG00665.1	22	2.73612	0	0
AT3G25716.1	296	97.0001	0	0
AT4G39830.1	2121	1922	0	0
AT4G39830.3	2008	1809	0	0
AT4G39830.2	2186	1987	13	2.13788
AT4G39830.4	2108	1909	0	0
AT2G46535.1	890	691	32	15.1325
AT5G60360.1	1791	1592	180.491	37.0467
AT5G60360.2	1466	1267	286.352	73.8519
AT5G60360.3	1444	1245	359.158	94.2658
AT1G72310.1	1881	1682	85	16.5132
AT5G66640.2	1765	1566	4.49996	0.938977
AT5G66640.7	1646	1447	0	0
AT5G66640.4	1977	1778	0	0
AT5G66640.1	1614	1415	0	0
AT5G66640.6	1768	1569	0.500043	0.104141
AT5G66640.5	1853	1654	0	0
AT5G66640.3	2074	1875	0	0
AT5G39210.1	897	698	43	20.1304
AT1G54240.1	1081	882	0	0
AT5G43480.1	246	47.5399	0	0
AT1G67265.1	673	474	0	0
AT2G35710.1	1926	1727	24	4.54106
AT2G35710.3	996	797	0	0
AT2G35710.2	2416	2217	0	0
AT2G35710.4	1979	1780	0	0
AT5G54730.1	3046	2847	36.4481	4.18336
AT5G54730.2	2343	2144	8.55192	1.3034
AT1G23500.1	1038	839	0	0
AT2G18890.1	1725	1526	38.0514	8.14807
AT2G18890.3	2436	2237	9.06009	1.32344
AT2G18890.2	1449	1250	10.8885	2.8464
AT1G16910.1	957	758	2	0.862182
AT1G32030.1	1002	803	0	0
AT5G28020.6	1216	1017	91.6882	29.4599
AT5G28020.3	1239	1040	0.0297846	0.0093583
AT5G28020.1	1584	1385	45.0346	10.6252
AT5G28020.5	1059	860	0	0
AT5G28020.4	1330	1131	42.2474	12.2061
AT5G28020.2	1365	1166	0	0
AT4G26390.1	1784	1585	2	0.412324
AT2G05580.1	1150	951	0	0
AT4G04265.1	596	397	0	0
AT2G25710.2	1477	1278	0	0
AT2G25710.6	1150	951	0.671571	0.230754
AT2G25710.1	1592	1393	0	0
AT2G25710.8	1813	1614	0	0
AT2G25710.4	1548	1349	0	0
AT2G25710.7	2053	1854	10.5631	1.86174
AT2G25710.3	1962	1763	17.4615	3.23643
AT2G25710.5	1429	1230	51.3039	13.6296
AT4G21980.2	894	695	0	0
AT4G21980.1	825	626	129.877	67.7945
AT2G47200.1	757	558	19	11.1265
AT2G16020.1	231	34.449	0	0
AT1G55620.1	2782	2583	0.105073	0.0132924
AT1G55620.2	2828	2629	91.8949	11.4219
AT4G28920.1	879	680	0	0
AT4G01370.1	2843	2644	275	33.9867
AT5G41620.3	2368	2169	0	0
AT5G41620.1	2295	2096	32	4.98881
AT5G41620.4	2753	2554	0	0
AT5G41620.2	2372	2173	0	0
AT2G13610.1	2308	2109	144	22.3113
AT2G21655.1	562	363	0	0
AT1G28300.1	1317	1118	1	0.292278
AT2G15310.1	1216	1017	17	5.46218
AT1G66670.1	1393	1194	343	93.8703
AT5G24800.1	1021	822	93	36.97
AT1G11680.1	2028	1829	500	89.3294
AT3G07790.1	2074	1875	197	34.3323
AT3G17660.1	1133	934	0	0
AT3G17660.3	1015	816	0	0
AT3G17660.4	816	617	2.5573e-06	1.35436e-06
AT3G17660.5	1014	815	4	1.60376
AT3G17660.2	1127	928	0	0
AT2G35000.1	1779	1580	16	3.30903
AT2G03200.1	1659	1460	31	6.93821
AT5G08300.1	1513	1314	389	96.737
AT1G74675.2	607	408	0	0
AT1G74675.1	1050	851	2	0.76796
AT4G20580.1	771	572	0	0
AT4G31490.2	3616	3417	0	0
AT4G31490.3	3742	3543	0	0
AT4G31490.1	3476	3277	508.255	50.6809
AT2G27990.2	2219	2020	0	0
AT2G27990.1	2123	1924	19	3.22691
AT3G56400.1	1470	1271	21	5.39898
AT5G61810.1	1955	1756	45.6104	8.48746
AT5G61810.2	1801	1602	69.3896	14.1537
AT1G36230.1	1131	932	0	0
AT4G26830.1	1773	1574	15	3.11404
AT4G26830.2	1873	1674	0	0
AT1G43667.1	510	311	0	0
AT4G00840.1	1339	1140	7.85931	2.25278
AT4G00840.2	1359	1160	35.1407	9.89898
AT2G03000.1	1608	1409	0	0
AT4G33180.2	1450	1251	13.117	3.42621
AT4G33180.1	1405	1206	47.883	12.974
AT2G43520.1	838	639	22	11.2502
AT2G47780.1	914	715	7	3.19912
AT2G16485.1	5770	5571	0.025772	0.00151166
AT2G16485.2	5903	5704	301.974	17.2993
AT4G23373.1	965	766	0	0
AT4G39640.2	2311	2112	7.47097	1.1559
AT4G39640.1	2075	1876	120.529	20.9941
AT1G02680.1	907	708	27	12.4615
AT1G11940.1	1595	1396	9	2.10666
AT1G11940.2	1786	1587	0	0
AT1G61840.1	2743	2544	4	0.513785
AT3G09230.1	1552	1353	29	7.00388
AT1G15150.1	1982	1783	0	0
AT1G15150.2	2097	1898	0	0
AT5G01070.1	812	613	1	0.533062
AT1G76390.2	3044	2845	2.21122e-06	2.53974e-07
AT1G76390.1	3035	2836	87	10.0242
AT1G53750.1	1984	1785	705.788	129.204
AT1G14490.2	1085	886	5	1.84406
AT1G14490.1	813	614	0	0
AT1G03350.1	1829	1630	200	40.0941
AT2G18830.1	198	15.9266	0	0
AT5G02640.1	934	735	4	1.77832
AT3G11945.1	1464	1265	246	63.5452
AT3G11945.2	1458	1259	0	0
AT3G12020.2	3529	3330	0	0
AT3G12020.1	4344	4145	0	0
AT3G12020.4	4018	3819	158.248	13.5402
AT3G12020.3	3598	3399	12.4598	1.19783
AT3G19190.2	6245	6046	12.102	0.654074
AT3G19190.1	5990	5791	0	0
AT3G19190.3	6234	6035	97.898	5.30072
AT5G02520.3	1888	1689	0	0
AT5G02520.2	1946	1747	0	0
AT5G02520.1	2245	2046	13	2.07623
AT3G19870.1	3477	3278	99.8899	9.95752
AT3G19870.2	3913	3714	51.1101	4.4968
AT5G07350.1	3600	3401	772.955	74.2653
AT5G07350.2	3182	2983	182.374	19.9779
AT3G60630.1	2424	2225	142	20.8544
ATMG01050.1	480	281	0	0
AT1G33820.1	549	350	0	0
AT2G38900.2	621	422	0	0
AT2G38900.1	576	377	0	0
AT5G38310.1	973	774	1	0.42218
AT2G31250.1	1727	1528	4	0.855411
AT5G47075.1	268	69.0226	0	0
AT2G30960.1	1161	962	19	6.45382
AT5G59410.1	839	640	33	16.8489
AT3G57790.1	1871	1672	0.000273109	5.3375e-05
AT3G57790.2	1854	1655	33.9997	6.71299
AT1G62970.2	2763	2564	48.3506	6.16201
AT1G62970.1	2917	2718	17.6494	2.12186
AT1G49960.1	1829	1630	26.1057	5.23343
AT2G37990.1	1225	1026	188	59.8755
AT1G68020.3	3149	2950	53.4689	5.92267
AT1G68020.2	3281	3082	0	0
AT1G68020.1	2996	2797	45.5311	5.31929
AT1G56700.4	1045	846	52.0471	20.1032
AT1G56700.2	1033	834	1.49573e-06	5.86037e-07
AT1G56700.3	1170	971	13.5449	4.55822
AT1G56700.1	1372	1173	57.408	15.9924
AT1G52150.2	3433	3234	0	0
AT1G52150.3	3618	3419	27.6052	2.63834
AT1G52150.1	3539	3340	223.395	21.8557
AT5G27740.1	1757	1558	120	25.1682
AT3G11165.2	497	298	0	0
AT3G11165.1	596	397	0	0
AT3G56160.5	1721	1522	5.2473	1.12657
AT3G56160.1	1754	1555	0	0
AT3G56160.3	1784	1585	110.565	22.7943
AT3G56160.4	1873	1674	19.7557	3.85635
AT3G56160.2	1859	1660	44.4322	8.74638
AT3G01770.2	2451	2252	0	0
AT3G01770.1	2422	2223	102	14.9934
AT2G17570.1	1561	1362	28	6.71768
AT3G02700.1	1081	882	75	27.7863
AT4G12650.1	2583	2384	697	95.5355
AT4G14420.1	1055	856	194	74.057
AT5G05760.1	1416	1217	27	7.24956
AT3G11640.1	981	782	0	0
AT3G11640.2	745	546	1	0.598475
AT4G05097.1	432	233	0	0
AT4G13180.1	1209	1010	349	112.913
AT3G18480.1	2494	2295	155	22.0692
AT5G50700.1	1569	1370	9.31076e-08	2.22077e-08
AT1G78530.1	1440	1241	11	2.8964
AT1G78530.2	1529	1330	0	0
AT4G13280.2	1665	1466	0	0
AT4G13280.1	1622	1423	4	0.91853
AT2G37780.1	861	662	0	0
AT1G78740.1	918	719	0	0
AT3G26580.1	1388	1189	116	31.8797
AT5G04720.1	2837	2638	195	24.1545
AT5G59850.1	847	648	773	389.801
AT2G17720.1	1426	1227	194	51.6649
AT2G40550.1	2315	2116	115	17.7591
AT5G12340.2	1145	946	9	3.10878
AT5G12340.1	663	464	0	0
AT3G33393.1	354	155	0	0
AT1G61320.1	1515	1316	0	0
AT1G47780.1	400	201	0	0
AT5G07830.1	2152	1953	66	11.0428
AT4G21326.1	3185	2986	46	5.03392
AT1G29720.1	3397	3198	128	13.0789
AT2G35230.1	2175	1976	29.2738	4.84094
AT2G35230.3	1986	1787	0.000429125	7.8469e-05
AT2G35230.2	1635	1436	17.7258	4.03357
AT2G36170.1	773	574	446	253.899
AT5G52045.1	549	350	0	0
AT2G25540.1	3591	3392	1	0.0963346
AT5G63800.1	2636	2437	141	18.9061
AT3G16480.1	2007	1808	228	41.2074
AT2G28105.2	773	574	5.78923	3.2957
AT2G28105.1	1003	804	11.5008	4.67423
AT2G05710.1	3563	3364	1239	120.352
AT1G15740.1	2295	2096	164	25.5677
AT4G16520.3	1259	1060	30.6098	9.43612
AT4G16520.1	1113	914	40.8344	14.5988
AT4G16520.2	892	693	74.5557	35.1549
AT4G11350.1	2001	1802	19.8199	3.59406
AT4G11350.2	2690	2491	5.18011	0.679522
AT4G02420.1	2458	2259	82	11.8614
AT5G10520.2	1989	1790	0	0
AT5G10520.1	2379	2180	14.5559	2.18183
AT5G59530.1	1509	1310	24.4094	6.0887
AT1G75700.2	957	758	2	0.862182
AT1G75700.3	941	742	0	0
AT1G75700.1	761	562	0	0
AT5G66140.1	1122	923	177	62.6628
AT1G77910.1	270	71.016	0	0
AT1G19160.1	1128	929	0	0
AT1G59950.1	963	764	0	0
AT5G06170.1	1476	1277	0	0
AT1G48740.1	1522	1323	0	0
AT1G48740.3	1540	1341	0	0
AT1G48740.2	1553	1354	0	0
AT1G48740.4	1454	1255	1	0.260372
AT2G23080.2	1300	1101	0	0
AT2G23080.1	1320	1121	74	21.5707
AT2G41417.1	195	14.9308	0	0
AT1G77145.1	1276	1077	8.68817	2.63603
AT1G77145.2	1461	1262	0	0
AT5G25490.1	1115	916	20	7.13465
AT5G25490.2	1300	1101	0	0
ATMG01150.1	321	122	0	0
AT5G41310.1	3050	2851	0	0
ATMG00040.1	948	749	0	0
ATMG00630.1	333	134	0	0
AT3G18760.1	840	641	45.7857	23.3405
AT3G18760.2	714	515	3.21429	2.03946
AT5G18937.1	504	305	0	0
AT3G19930.2	2114	1915	105.311	17.9698
AT3G19930.1	2381	2182	32.6891	4.89539
AT4G23850.1	2425	2226	896	131.529
AT4G28880.4	1950	1751	176.267	32.8945
AT4G28880.1	2362	2163	59.9025	9.04954
AT4G28880.2	2259	2060	0.250249	0.0396956
AT4G28880.3	2180	1981	0	0
AT5G20320.2	5649	5450	0.312626	0.0187442
AT5G20320.3	4816	4617	74.5554	5.27664
AT5G20320.1	5666	5467	51.1319	3.0562
AT3G16140.1	1300	1101	2254	668.967
AT4G22610.1	940	741	0	0
AT1G77320.1	3488	3289	41.8407	4.15694
AT1G77320.2	3149	2950	0	0
AT1G77320.3	3504	3305	0.159252	0.0157454
AT1G76930.2	1343	1144	1123.79	320.994
AT1G76930.1	1060	861	1045.21	396.679
AT3G11480.1	1468	1269	0	0
AT5G63970.1	1629	1430	19.589	4.47626
AT5G63970.2	1410	1211	10.411	2.80921
AT4G29305.1	457	258	0	0
AT3G26237.1	616	417	0	0
AT4G35170.1	1233	1034	0	0
AT5G34830.1	468	269	1	1.21475
AT4G00955.1	1221	1022	22	7.03413
AT4G00955.2	1184	985	0	0
AT2G01505.1	1323	1124	32	9.30298
AT4G22830.2	859	660	29.1847	14.4494
AT4G22830.1	1016	817	20.8153	8.32528
AT1G04050.1	2855	2656	19	2.33756
AT1G04050.3	2455	2256	3.97979e-05	5.76448e-06
AT1G04050.2	2834	2635	0	0
AT1G80750.1	1106	907	320	115.287
AT2G30260.1	1142	943	124	42.9683
AT2G30260.2	1269	1070	0	0
AT1G70390.1	999	800	1	0.408459
AT4G15470.1	1218	1019	425	136.287
AT3G49110.1	1565	1366	124.265	29.726
AT4G30940.1	2073	1874	8	1.39495
AT4G31380.1	375	176	1	1.85663
AT5G40440.2	1973	1774	0	0
AT5G40440.5	1756	1557	7.67005	1.60971
AT5G40440.3	1928	1729	0	0
AT5G40440.1	1886	1687	0	0
AT5G40440.4	1841	1642	10.2576	2.04132
AT5G40440.6	1662	1463	8.07237	1.803
AT1G72300.1	3898	3699	167	14.7527
AT2G25690.1	1721	1522	15.22	3.26767
AT2G25690.3	1866	1667	0	0
AT2G25690.2	1621	1422	5.78	1.32821
AT1G50670.1	1152	953	36.6538	12.568
AT1G50670.3	915	716	40.5328	18.4983
AT1G50670.2	996	797	17.8133	7.3034
AT3G23050.3	1543	1344	86.9383	21.1373
AT3G23050.1	1333	1134	382.062	110.093
AT3G23050.2	1021	822	0	0
AT1G08140.1	2883	2684	0	0
AT5G10900.2	2263	2064	24	3.79961
AT5G10900.1	2333	2134	0	0
AT5G10900.3	2199	2000	1.71592e-05	2.80353e-06
AT1G51030.1	463	264	0	0
AT1G06930.1	1041	842	7	2.71659
AT1G73885.1	579	380	461	396.42
AT1G49730.4	1975	1776	0	0
AT1G49730.2	2204	2005	75.5499	12.3128
AT1G49730.5	1495	1296	0	0
AT1G49730.3	2496	2297	42.3894	6.03024
AT1G49730.1	2237	2038	32.0607	5.14052
AT3G22650.1	1119	920	0	0
AT3G22650.2	1152	953	0	0
AT5G43090.1	1627	1428	0	0
AT5G17230.3	2102	1903	52.4264	9.00222
AT5G17230.4	1912	1713	15.7929	3.01261
AT5G17230.1	2089	1890	385.088	66.5788
AT5G17230.2	1724	1525	835.693	179.067
AT4G14305.1	939	740	0	0
AT4G14305.2	910	711	5	2.29794
AT1G44941.1	183	11.741	0	0
AT5G46560.1	1665	1466	60	13.3738
AT3G54180.1	1379	1180	42	11.6307
AT1G55775.1	711	512	0	0
AT4G18090.1	837	638	0	0
AT1G08790.1	709	510	0	0
AT5G14040.1	1698	1499	1590	346.604
AT5G63100.1	1430	1231	33	8.7598
AT5G05280.1	945	746	2	0.876051
AT1G64625.4	2061	1862	0	0
AT1G64625.2	1988	1789	0	0
AT1G64625.3	1946	1747	16	2.99272
AT1G64625.1	1896	1697	0	0
AT4G26415.1	1248	1049	3	0.93451
AT5G19340.1	1606	1407	43	9.98649
AT1G44446.2	2052	1853	151.985	26.8017
AT1G44446.4	1895	1696	331.451	63.8604
AT1G44446.1	2086	1887	506.045	87.6305
AT1G44446.3	2064	1865	118.52	20.7659
AT3G28890.2	2418	2219	0	0
AT3G28890.1	2293	2094	0	0
AT1G10500.1	848	649	130.22	65.5647
AT4G12390.1	1851	1652	123	24.3295
AT3G47920.1	903	704	0	0
AT1G30450.3	3680	3481	96.6397	9.07173
AT1G30450.4	3028	2829	0.000115619	1.33547e-05
AT1G30450.2	3432	3233	1.71781	0.173623
AT1G30450.1	3551	3352	81.6423	7.95884
AT5G24510.1	743	544	0	0
AT1G31860.1	1113	914	112.09	40.0738
AT1G31860.2	1884	1685	16.1662	3.13507
AT1G31860.3	1141	942	56.7434	19.6835
AT4G31073.1	473	274	0	0
AT2G10625.1	438	239	0	0
AT4G38180.1	2894	2695	32.9256	3.99221
AT4G17360.2	920	721	0	0
AT4G17360.1	1293	1094	34	10.1555
AT4G17360.3	898	699	0	0
AT1G79390.1	675	476	68	46.681
AT5G20890.1	2214	2015	870	141.086
AT2G19780.1	2090	1891	52	8.98566
AT3G02493.1	448	249	1	1.31232
AT2G33120.1	1409	1210	90.5882	24.4638
AT2G33120.3	1104	905	0	0
AT2G33120.2	1222	1023	171.717	54.8499
AT5G43190.1	1744	1545	50	10.575
AT1G43620.4	2816	2617	18.7599	2.34242
AT1G43620.6	2537	2338	9.0744	1.26827
AT1G43620.8	1682	1483	13.7953	3.03967
AT1G43620.2	2453	2254	0	0
AT1G43620.5	2732	2533	0	0
AT1G43620.3	2519	2320	0	0
AT1G43620.1	2603	2404	0	0
AT1G43620.7	2356	2157	27.3705	4.1464
AT3G44716.2	812	613	2.08438	1.1111
AT3G44716.1	1132	933	2.91562	1.02115
AT1G13570.2	1795	1596	15.3885	3.15065
AT1G13570.1	1836	1637	5.54522	1.1069
AT1G13570.3	1529	1330	23.0663	5.66716
AT1G07360.1	1819	1620	255.85	51.607
AT1G60680.2	799	600	1.57143	0.855819
AT1G60680.1	1324	1125	51.4286	14.9379
AT2G44250.2	1127	928	0	0
AT2G44250.1	1352	1153	0	0
AT4G07868.1	892	693	0	0
AT2G29660.1	1848	1649	78	15.4565
AT2G22870.1	1750	1551	51.884	10.931
AT2G05755.1	1648	1449	40	9.02049
AT1G28270.1	1239	1040	0	0
AT1G01390.1	1789	1590	22	4.52131
AT1G01390.2	1836	1637	0	0
AT1G53470.1	3102	2903	50	5.62809
AT5G25080.1	1017	818	73	29.1614
AT3G03920.1	931	732	306	136.599
AT2G34450.1	1674	1475	12.3603	2.73827
AT2G34450.3	1791	1592	0	0
AT2G34450.2	685	486	2.53846	1.70676
AT2G34450.4	958	759	13.1012	5.64037
AT2G21680.1	1290	1091	0	0
AT3G24260.1	1125	926	0	0
AT3G61450.1	884	685	0	0
AT3G61450.4	789	590	1	0.553843
AT3G61450.3	847	648	0	0
AT3G61450.2	1056	857	0	0
AT3G61450.5	1094	895	0	0
AT3G61450.6	930	731	0	0
AT3G03020.1	779	580	11.0476	6.22414
AT3G03020.2	674	475	9.95238	6.84655
AT5G44780.1	2619	2420	1.95137	0.263488
AT5G44780.2	2541	2342	39.6904	5.53779
AT4G11610.1	3506	3307	0.246699	0.0243765
AT4G11610.3	3089	2890	5.7355	0.648503
AT4G11610.2	3494	3295	16.0178	1.58849
AT5G28400.1	2922	2723	33.5897	4.03085
AT5G44495.1	409	210	0	0
AT1G54690.1	801	602	159	86.3056
AT2G02470.1	1396	1197	32.9862	9.00486
AT2G02470.3	1470	1271	26.0139	6.68802
AT2G02470.2	1381	1182	35.7384	9.87998
AT3G51090.2	1381	1182	0	0
AT3G51090.1	1365	1166	27	7.56665
AT4G29030.1	828	629	264	137.149
AT1G12800.1	2756	2557	954	121.915
AT1G19500.1	678	479	0	0
AT5G67350.1	1430	1231	56	14.8651
AT1G60240.1	1162	963	0	0
AT5G54040.1	1791	1592	50.9137	10.4503
AT1G11580.1	1885	1686	541.357	104.922
AT1G11580.2	1969	1770	189.643	35.0108
AT3G44785.1	228	32.1317	0	0
AT1G76710.1	1808	1609	9.06595	1.84118
AT1G76710.3	1884	1685	0	0
AT1G76710.2	1906	1707	6.30614	1.20717
AT1G76710.4	1786	1587	18.6279	3.83553
AT1G79360.1	1913	1714	10	1.90646
AT3G16760.1	2126	1927	71.8137	12.1777
AT3G16760.2	1804	1605	78.1863	15.9182
AT5G66658.1	891	692	4	1.88883
AT3G01516.1	1243	1044	8	2.50396
AT3G01516.2	1591	1392	0	0
AT5G01225.1	653	454	0	0
AT1G45248.3	740	541	0	0
AT1G45248.4	445	246	0	0
AT1G45248.2	926	727	2.8966	1.30194
AT1G45248.5	797	598	0	0
AT1G45248.1	831	632	8.1034	4.18975
AT1G60470.1	1350	1151	7	1.98729
AT2G01100.3	1554	1355	23.4442	5.65373
AT2G01100.1	1211	1012	17.9343	5.79086
AT2G01100.2	1173	974	82.6215	27.7187
AT2G25800.1	3460	3261	197	19.7403
AT4G33565.1	1539	1340	67	16.3384
AT3G58230.1	462	263	0	0
AT5G36350.1	485	286	0	0
AT4G29730.1	1871	1672	28	5.47218
AT4G29730.2	1942	1743	0	0
AT4G29730.3	1410	1211	0	0
AT3G25990.1	1372	1173	4	1.1143
AT3G62920.1	489	290	12	13.5214
AT3G21800.1	1692	1493	0	0
AT3G56920.1	1730	1531	0	0
AT5G12070.1	459	260	0	0
AT2G41510.2	2234	2035	27.6006	4.43192
AT2G41510.1	2315	2116	0	0
AT2G41510.3	2401	2202	0	0
AT2G38255.1	696	497	0	0
AT2G03480.2	2642	2443	34.7169	4.64362
AT2G03480.3	2999	2800	16.971	1.98056
AT2G03480.1	2676	2477	27.8196	3.66997
AT4G38490.1	728	529	42	25.9437
AT1G17350.4	1011	812	21.2657	8.5578
AT1G17350.1	1185	986	0	0
AT1G17350.2	917	718	2.11388e-08	9.62042e-09
AT1G17350.5	1419	1220	2.7343	0.73236
AT1G17350.3	1218	1019	0	0
AT3G03770.1	3153	2954	24.0847	2.66421
AT3G03770.3	2818	2619	56.0186	6.98933
AT3G03770.2	2840	2641	272.897	33.7651
AT1G50420.1	2366	2167	124	18.6983
AT1G05450.2	874	675	5	2.4205
AT1G05450.1	464	265	0	0
AT4G21170.1	1758	1559	5	1.048
AT5G13910.1	1120	921	26	9.2247
AT5G27510.1	906	707	0	0
AT5G59840.1	1240	1041	112	35.1565
AT2G14755.1	660	461	0	0
AT1G06475.1	574	375	5.48402	4.77866
AT2G01930.1	1305	1106	33.7593	9.97418
AT2G01930.2	1787	1588	36.2407	7.45734
AT3G49010.7	1243	1044	175.716	54.9982
AT3G49010.5	720	521	0	0
AT3G49010.2	950	751	1484.72	646.016
AT3G49010.1	891	692	1.22259e-06	5.77317e-07
AT3G49010.6	1249	1050	33.624	10.464
AT3G49010.4	875	676	3.29852	1.59445
AT3G49010.3	906	707	322.641	149.121
AT3G49420.2	1138	939	0	0
AT3G49420.1	981	782	32.1194	13.4214
AT3G49420.3	995	796	0	0
AT2G33840.1	1708	1509	114.5	24.7945
AT2G33490.3	2335	2136	13.1311	2.0088
AT2G33490.4	2015	1816	25.1314	4.5221
AT2G33490.1	2600	2401	0	0
AT2G33490.2	2421	2222	46.7375	6.87321
AT3G11120.1	367	168	192.569	374.554
AT5G03944.1	198	15.9266	0	0
AT5G60490.1	1371	1172	23	6.41267
AT2G40350.2	775	576	0	0
AT2G40350.1	571	372	0	0
AT3G58260.1	1221	1022	0	0
AT1G58684.1	1288	1089	408.207	122.487
AT3G12960.1	376	177	0	0
AT5G11300.1	1832	1633	16	3.20164
AT5G11300.2	1909	1710	0	0
AT5G10410.1	1549	1350	13	3.14665
AT5G51290.1	2375	2176	34.5955	5.19517
AT5G51290.2	2512	2313	26.4045	3.73027
AT2G03440.1	1097	898	109	39.6633
AT5G26594.1	420	221	0	0
AT1G60390.1	2179	1980	66	10.8922
AT1G53570.6	2659	2460	2.92675	0.388767
AT1G53570.5	2332	2133	0	0
AT1G53570.3	2290	2091	45.2194	7.06657
AT1G53570.1	2439	2240	66.2414	9.66318
AT1G53570.7	2512	2313	20.3441	2.87409
AT1G53570.2	2582	2383	57.1528	7.83703
AT1G53570.4	2407	2208	0.115609	0.0171092
AT2G21600.1	1119	920	188	66.7742
AT4G38660.2	1324	1125	107.265	31.1562
AT4G38660.1	1765	1566	120.735	25.1929
AT5G37473.1	222	27.8721	0	0
AT1G65670.1	1723	1524	1	0.214414
AT5G09400.1	3022	2823	129	14.932
AT5G25450.1	1115	916	0	0
AT5G25450.2	987	788	2.27746	0.944414
AT5G25450.3	641	442	0.722543	0.534171
AT1G05150.1	2961	2762	272.185	32.2017
AT2G35050.2	4277	4078	326.157	26.1347
AT2G35050.1	4430	4231	331.843	25.6288
AT3G02450.1	2319	2120	270	41.6166
AT5G40890.1	3082	2883	410.703	46.5502
AT5G40890.2	2854	2655	50.2968	6.19033
AT3G23880.1	1229	1030	17	5.39324
AT2G41940.1	1274	1075	160	48.6351
AT3G18610.3	2075	1876	0.961605	0.167495
AT3G18610.1	2107	1908	0	0
AT3G18610.2	2072	1873	6.0384	1.05347
AT2G42070.2	1467	1268	66.2977	17.0851
AT2G42070.1	1555	1356	53.7023	12.9411
AT5G05710.1	770	571	16	9.15635
AT2G20495.2	1012	813	0	0
AT2G20495.4	917	718	0	0
AT2G20495.3	962	763	0	0
AT2G20495.1	1096	897	23	8.37864
AT2G20495.5	761	562	0	0
AT5G56440.1	1293	1094	0	0
AT1G04290.1	1073	874	48.2032	18.022
AT1G04290.2	384	185	16.7968	29.6683
AT5G43540.1	840	641	2	1.01955
AT5G46400.3	2833	2634	0.010547	0.00130843
AT5G46400.2	3171	2972	41.0495	4.51334
AT5G46400.1	3470	3271	10.9399	1.09288
AT1G32770.1	1395	1196	0	0
AT1G27740.1	1338	1139	12	3.44267
AT1G13470.1	1404	1205	3	0.813528
AT2G44578.1	694	495	0	0
AT2G02800.2	1532	1333	120.753	29.6009
AT2G02800.1	1831	1632	98.2475	19.6716
AT1G35230.1	760	561	7	4.07731
AT4G26760.1	2223	2024	143	23.0868
AT3G47440.1	1000	801	0	0
AT1G08920.1	2041	1842	0	0
AT1G08920.2	1917	1718	42.2024	8.02698
AT1G08920.3	1565	1366	24.7976	5.93195
AT3G55350.1	1739	1540	45	9.54839
AT5G43720.1	1507	1308	105	26.2313
AT5G12870.1	1252	1053	4	1.24128
AT1G36627.1	419	220	0	0
AT3G50280.2	1578	1379	3	0.710878
AT3G50280.1	1741	1542	0	0
AT4G26060.1	1008	809	51	20.5997
AT1G16340.3	1058	859	18.7362	7.12731
AT1G16340.4	1297	1098	24.97	7.43111
AT1G16340.2	1289	1090	7.99473	2.39671
AT1G16340.1	1465	1266	0.299151	0.0772138
AT3G16400.1	1950	1751	40.4855	7.55531
AT3G16400.2	1777	1578	774.238	160.327
AT4G08370.1	1053	854	0	0
AT5G56795.1	741	542	193.594	116.716
AT1G79040.1	784	585	7459	4166.42
AT4G28025.2	752	553	158.803	93.8365
AT4G28025.1	960	761	62.1971	26.7069
AT4G04040.1	2106	1907	174	29.8151
AT1G70680.1	911	712	0	0
AT1G70680.2	755	556	0	0
AT3G11060.1	642	443	0	0
AT2G20805.1	569	370	0	0
AT5G54830.1	3262	3063	82	8.74793
AT1G08770.1	1016	817	53	21.1979
AT1G60780.1	1961	1762	430.757	79.8849
AT3G04790.1	992	793	941	387.753
AT2G22088.1	405	206	1.88225	2.98572
AT5G08415.1	1541	1342	85	20.6969
AT2G34750.1	2404	2205	379	56.1654
ATMG00290.1	1089	890	0	0
AT1G43600.1	666	467	0	0
AT3G22510.1	833	634	0	0
AT3G17430.1	1892	1693	107	20.6521
AT3G17430.2	2120	1921	0	0
AT4G01210.1	3676	3477	160	15.0367
AT1G06130.2	1318	1119	79.5771	23.2379
AT1G06130.1	1571	1372	5.42292	1.29157
AT1G66700.3	1397	1198	3.26949e-05	8.91788e-06
AT1G66700.1	1384	1185	8.99997	2.48177
AT1G50180.1	2845	2646	21	2.59339
AT1G29350.1	3044	2845	277.414	31.8629
AT1G79540.1	3150	2951	52	5.75801
AT1G13150.1	1877	1678	2	0.389472
AT1G79090.3	3127	2928	183.64	20.4944
AT1G79090.1	3037	2838	41.0344	4.7247
AT1G79090.2	3180	2981	113.325	12.4224
ATCG01100.1	1083	884	13	4.8054
AT1G45233.2	1600	1401	31	7.23039
AT1G73620.1	1088	889	77	28.3027
AT5G62740.1	1337	1138	95	27.2785
AT2G35880.1	2117	1918	226	38.5033
AT2G35880.2	2305	2106	0	0
AT2G35880.3	2308	2109	0	0
AT1G32350.2	1435	1236	0	0
AT1G32350.1	1429	1230	0	0
AT1G65690.1	1251	1052	47	14.5989
AT1G11950.3	3160	2961	0.0015696	0.000173216
AT1G11950.2	3188	2989	6.20824e-08	6.78705e-09
AT1G11950.1	3217	3018	37.9984	4.11419
AT4G38062.1	3493	3294	51	5.05924
AT5G47430.4	3879	3680	0.00939036	0.000833821
AT5G47430.6	3517	3318	31.2955	3.08208
AT5G47430.1	3418	3219	0.00295184	0.000299647
AT5G47430.2	3121	2922	34.5396	3.86256
AT5G47430.5	3978	3779	31.2148	2.69912
AT5G47430.3	3325	3126	68.9378	7.20621
AT5G56750.2	1592	1393	0	0
AT5G56750.1	1708	1509	82	17.7567
AT5G51920.1	1884	1685	13	2.52105
AT3G59080.2	1934	1735	8.95374	1.68633
AT3G59080.1	2215	2016	43.0463	6.97723
AT1G78410.2	1122	923	1	0.354027
AT1G78410.1	842	643	0	0
AT5G55131.1	264	65.044	0	0
AT2G01270.3	1784	1585	18.7871	3.87319
AT2G01270.2	1901	1702	0	0
AT2G01270.1	2055	1856	134.213	23.6295
AT5G01200.1	1297	1098	7.30747	2.17472
AT2G30505.1	1905	1706	7.03592	1.34766
AT1G30820.1	2509	2310	82	11.5995
AT1G01450.1	1413	1214	7	1.88416
AT3G29575.4	1118	919	0	0
AT3G29575.1	1386	1187	35.1882	9.68689
AT3G29575.3	1132	933	18.8118	6.58852
AT3G44510.3	1768	1569	0	0
AT3G44510.4	1628	1429	0	0
AT3G44510.2	1306	1107	4.41692e-05	1.3038e-05
AT3G44510.5	1294	1095	12	3.581
AT3G44510.1	1318	1119	0	0
AT2G43970.1	2125	1926	1286	218.184
AT2G43970.2	2077	1878	0	0
AT1G80200.2	800	601	3.3022	1.79542
AT1G80200.1	618	419	1.6978	1.32407
AT1G80200.3	705	506	0	0
AT4G18030.1	2708	2509	666	86.7385
AT2G43020.1	2110	1911	172	29.4108
AT5G02690.1	360	161	1	2.02961
AT4G34265.3	960	761	0	0
AT4G34265.4	895	696	0	0
AT4G34265.2	850	651	25.6243	12.862
AT4G34265.5	620	421	0	0
AT4G34265.6	766	567	88.4646	50.9829
AT4G34265.1	882	683	54.9111	26.2711
AT1G09450.1	2205	2006	10	1.62895
AT1G51100.1	1001	802	70	28.5208
AT3G44428.1	333	134	0	0
AT3G28390.1	3678	3479	0	0
AT3G18330.1	1263	1064	0	0
AT1G65470.1	3170	2971	9.14154	1.00544
AT1G65470.2	2845	2646	48.8585	6.03376
AT4G10750.1	1264	1065	113	34.6711
AT3G20830.1	1762	1563	50	10.4532
AT4G36620.1	1190	991	15	4.94602
AT4G25960.1	4171	3972	372	30.6036
AT4G28310.1	870	671	45	21.9143
AT1G18020.1	1509	1310	0	0
AT5G05987.1	1105	906	36	12.9841
AT2G13350.1	1732	1533	0	0
AT5G67600.1	643	444	122	89.7874
AT3G15450.3	882	683	0	0
AT3G15450.1	951	752	48.4909	21.0708
AT3G15450.2	1051	852	19.5091	7.4823
AT1G06200.2	1111	912	14.4762	5.18678
AT1G06200.1	985	786	97.5238	40.544
AT3G03200.1	2791	2592	10.8804	1.37167
AT3G01630.1	1875	1676	0	0
AT3G01630.2	1995	1796	0	0
AT1G02330.1	1193	994	103	33.8602
AT3G51070.2	2499	2300	13.9115	1.97644
AT3G51070.1	2951	2752	6.0885	0.722936
AT2G20270.2	879	680	0	0
AT2G20270.1	896	697	108	50.6325
AT3G23400.2	1705	1506	0	0
AT3G23400.4	1217	1018	0	0
AT3G23400.3	1615	1416	0	0
AT3G23400.1	1186	987	443	146.664
AT2G28170.1	2406	2207	0	0
AT3G02980.1	1262	1063	6	1.84441
AT3G02980.2	1567	1368	0	0
AT3G14210.2	1565	1366	1833.59	438.621
AT3G14210.1	1951	1752	298.413	55.6573
AT2G20370.1	2463	2264	175	25.2581
AT5G04370.1	1868	1669	0	0
AT5G04370.3	1978	1779	0	0
AT5G04370.2	1666	1467	1	0.222745
AT5G64030.1	3200	3001	282	30.7059
AT1G72110.2	1756	1557	0	0
AT1G72110.1	1754	1555	0	0
AT4G21903.1	1943	1744	20.6384	3.86694
AT4G21903.2	1765	1566	0	0
AT4G21903.3	1774	1575	1.36163	0.2825
AT1G57820.2	2136	1937	105.779	17.8446
AT1G57820.3	2419	2220	39.1925	5.76884
AT1G57820.1	2433	2234	0.02877	0.00420819
AT1G08570.1	1714	1515	90.0063	19.4133
AT1G08570.2	1324	1125	62.7746	18.2335
AT1G08570.3	1340	1141	39.4077	11.2859
AT1G08570.4	1268	1069	81.8114	25.0078
AT4G28500.1	1559	1360	14	3.36378
AT3G22415.1	703	504	6	3.89008
AT1G18590.1	1499	1300	142	35.693
AT3G55120.1	1112	913	181	64.7808
AT3G55020.1	3043	2844	350.805	40.3065
AT3G55020.3	3181	2982	28.5793	3.13172
AT3G55020.2	3234	3035	12.0829	1.30092
AT2G25490.1	3052	2853	540	61.8487
AT1G21722.1	814	615	0	0
AT1G23790.1	1873	1674	26	5.07524
AT4G12060.1	1119	920	213	75.6537
AT2G28660.1	1263	1064	19	5.83513
AT4G38830.1	2162	1963	10	1.66463
AT5G39410.1	2064	1865	30	5.25631
AT5G05460.1	2487	2288	47	6.71244
AT3G30210.1	1224	1025	0	0
AT5G48560.1	2164	1965	74	12.3057
AT5G48560.2	2243	2044	0	0
AT1G05360.2	2271	2072	0	0
AT1G05360.3	1990	1791	19.1772	3.49887
AT1G05360.1	1763	1564	58.8228	12.2899
AT1G04090.1	2110	1911	1	0.170993
AT3G16555.1	1050	851	0	0
AT3G07900.1	1972	1773	12	2.21162
AT3G11950.4	2170	1971	0	0
AT3G11950.2	2096	1897	0	0
AT3G11950.1	2038	1839	20.4441	3.63266
AT3G11950.5	2369	2170	6.55589	0.987212
AT3G11950.3	2467	2268	0	0
AT4G20320.1	2662	2463	0	0
AT4G20320.4	2773	2574	0	0
AT4G20320.6	2803	2604	0	0
AT4G20320.5	2572	2373	16.0812	2.21441
AT4G20320.3	2800	2601	8.28044	1.04028
AT4G20320.2	2537	2338	75.6384	10.5715
AT2G40120.1	2300	2101	35	5.44353
AT1G10950.1	2530	2331	666	93.362
AT4G13890.1	1600	1401	11	2.56562
AT4G13890.2	1675	1476	0	0
AT1G48980.1	1830	1631	0	0
AT1G48980.3	1832	1633	0	0
AT1G48980.2	1818	1619	0	0
AT1G48980.4	1745	1546	1	0.211363
AT1G03370.1	3896	3697	121	10.6948
AT1G03370.2	4193	3994	0	0
AT1G52300.1	685	486	1194.36	803.043
AT3G19260.1	1655	1456	46	10.3237
AT4G39970.1	1168	969	278	93.7474
AT1G74290.1	1116	917	2.10505	0.750122
AT3G62090.2	1805	1606	12.848	2.61414
AT3G62090.1	1680	1481	9.152	2.01929
AT3G62090.4	1189	990	0	0
AT3G62090.3	1614	1415	0	0
AT4G19490.2	4016	3817	115.771	9.91093
AT4G19490.1	3793	3594	146.229	13.2952
AT3G63000.1	1669	1470	114	25.3411
AT5G19300.1	1701	1502	47	10.2251
AT1G44224.1	895	696	0	0
AT1G02430.2	762	563	0	0
AT1G02430.1	968	769	10.4516	4.44113
AT5G52940.1	1500	1301	3	0.753498
AT2G36570.1	2588	2389	219	29.9548
AT2G42395.1	890	691	3	1.41867
AT2G15860.2	2046	1847	0	0
AT2G15860.1	2088	1889	117	20.2391
AT2G15860.4	1748	1549	0	0
AT2G15860.3	2425	2226	0	0
AT5G03470.1	2324	2125	37	5.68959
AT4G37925.1	1003	804	259	105.265
AT5G01970.2	1593	1394	20.8484	4.88707
AT5G01970.1	1668	1469	28.1516	6.26209
AT3G14670.1	699	500	0	0
AT3G14670.3	952	753	0	0
AT3G14670.2	846	647	0	0
AT5G03480.1	1115	916	0	0
AT1G17550.2	2295	2096	110.718	17.2609
AT1G17550.1	2642	2443	49.2824	6.59184
AT1G70500.1	1730	1531	14	2.98807
AT1G11145.1	489	290	0	0
AT4G16480.1	2221	2022	0	0
AT4G16480.3	2144	1945	0	0
AT4G16480.2	2073	1874	42	7.32349
AT5G63130.2	1676	1477	12	2.65484
AT5G63130.1	1587	1388	0	0
AT4G00730.1	3398	3199	398.98	40.7545
AT4G00730.2	3287	3088	1.01981	0.107914
AT5G59670.1	2859	2660	6	0.737069
AT5G59670.2	3202	3003	0	0
ATMG00110.1	621	422	1	0.77433
AT5G33370.1	1568	1369	15	3.58036
AT5G33370.2	1483	1284	0	0
AT5G04280.2	2921	2722	47.1933	5.6654
AT5G04280.1	1379	1180	127.207	35.2263
AT5G04280.5	2696	2497	0	0
AT5G04280.4	2859	2660	1.45312e-08	1.78508e-09
AT5G04280.3	3263	3064	51.5999	5.50299
AT1G71180.1	1443	1244	29.1357	7.6532
AT1G03475.1	1743	1544	647	136.929
AT2G26975.1	969	770	74	31.4036
AT5G55350.1	1169	970	1	0.336873
AT5G44570.2	446	247	0	0
AT5G44570.1	800	601	0	0
AT5G44570.3	820	621	0	0
AT1G77220.1	2111	1912	60	10.2542
AT1G77220.2	2199	2000	0	0
AT3G10160.1	2427	2228	243	35.6393
AT5G37160.1	1368	1169	0	0
AT3G60340.2	1383	1184	69.6471	19.2216
AT3G60340.1	1247	1048	18.3529	5.72246
AT1G21380.1	2023	1824	240	42.9957
AT1G77000.4	1787	1588	0	0
AT1G77000.3	1550	1351	0	0
AT1G77000.1	1723	1524	0	0
AT1G77000.2	1615	1416	30	6.92303
AT1G66940.1	1434	1235	74.1	19.606
AT1G66940.4	1384	1185	69.9541	19.2901
AT1G66940.3	1522	1323	0	0
AT1G66940.2	1469	1270	10.7079	2.75511
AT4G13050.1	1717	1518	176	37.886
AT2G27350.5	2287	2088	28.8869	4.52074
AT2G27350.2	2160	1961	54.3497	9.05645
AT2G27350.6	1941	1742	54.6803	10.257
AT2G27350.1	1924	1725	2.83346	0.536744
AT2G27350.4	2040	1841	0	0
AT2G27350.3	2097	1898	18.2496	3.14192
ATMG01090.1	789	590	0	0
AT2G31030.1	1470	1271	0	0
AT1G15430.2	1593	1394	19.0817	4.47293
AT1G15430.1	1430	1231	21.9183	5.81818
AT5G65330.1	1078	879	1	0.371749
AT1G17760.1	2652	2453	108	14.3868
AT5G19900.1	2730	2531	81.7191	10.5504
AT5G19900.5	2513	2314	37.4751	5.29197
AT5G19900.4	2410	2211	40.8059	6.03077
AT5G19900.2	2873	2674	0	0
AT5G19900.3	3046	2847	0	0
AT1G49600.1	2065	1866	564.833	98.9115
AT1G49600.2	2379	2180	0	0
AT1G49600.3	2491	2292	4.59613	0.655264
AT2G07654.1	291	92.0002	0	0
AT2G36910.1	4748	4549	809	58.1127
AT5G01550.1	2401	2202	13	1.92914
AT5G18300.1	444	245	2	2.66749
AT2G14060.1	1473	1274	0	0
AT2G14060.2	1557	1358	4	0.962495
AT5G63160.1	1582	1383	81.0773	19.1565
AT5G63160.3	1865	1666	20.9879	4.11654
AT5G63160.2	1858	1659	46.9348	9.24458
AT5G57160.2	2674	2475	11.6218	1.5344
AT5G57160.1	3983	3784	69.3782	5.99115
AT5G20230.1	1192	993	59	19.4152
ATMG01360.1	1584	1385	0	0
AT4G33940.1	1127	928	28	9.85935
AT4G33940.2	1255	1056	0	0
AT4G34850.2	1319	1120	1	0.291756
AT4G34850.1	1433	1234	0	0
AT2G22340.1	1249	1050	1	0.311207
AT5G10060.1	2006	1807	126	22.7851
AT1G24570.1	1437	1238	1	0.263948
AT1G24570.2	1493	1294	0	0
AT5G38080.1	474	275	0	0
AT1G06225.1	381	182	0	0
AT5G14940.1	2044	1845	25	4.42774
AT3G21180.1	3979	3780	18	1.55603
AT3G50730.1	1116	917	0	0
AT2G15170.1	752	553	0	0
AT4G30990.1	8040	7841	136.179	5.67515
AT4G30990.3	8179	7980	114.821	4.70171
AT4G30990.2	8098	7899	0	0
AT1G14410.1	1493	1294	125	31.5656
AT2G21990.1	1347	1148	0	0
AT5G37300.1	1687	1488	2	0.439203
AT5G37300.3	1964	1765	0	0
AT5G37300.4	1872	1673	0	0
AT5G37300.2	1968	1769	0	0
AT1G25390.2	2747	2548	24.7879	3.17891
AT1G25390.1	2945	2746	83.2121	9.90203
AT3G07522.1	129	5.5143	0	0
AT3G15610.1	1700	1501	116	25.2532
AT1G79915.1	939	740	0	0
AT1G79915.2	950	751	0	0
AT1G74060.1	1656	1457	751.083	168.448
AT1G21530.2	1704	1505	1.04246	0.226341
AT1G21530.1	1644	1445	0	0
AT5G06850.1	3178	2979	66	7.23955
AT2G47460.1	1583	1384	51	12.0413
AT5G54660.1	978	779	43	18.0372
AT1G60010.1	1083	884	142	52.4897
AT1G71020.1	2377	2178	107	16.0533
AT1G71020.2	2398	2199	0	0
AT5G39640.1	231	34.449	0	0
AT3G62120.1	1938	1739	405.33	76.1637
AT3G62120.2	1906	1707	90.2322	17.2729
AT3G62120.3	1970	1771	136.438	25.1741
AT2G27050.1	2363	2164	252.324	38.1013
AT5G03415.2	1818	1619	11.089	2.23813
AT5G03415.1	1672	1473	50.911	11.294
AT1G18210.1	1242	1043	129.765	40.6547
AT1G18210.2	667	468	123.212	86.029
AT2G38640.1	981	782	51	21.3109
AT5G16090.1	637	438	0	0
AT4G10610.2	1716	1517	36.8877	7.94574
AT4G10610.1	1824	1625	150.463	30.2562
AT1G07750.1	1565	1366	158	37.7959
AT1G53080.1	1065	866	1	0.377329
AT1G67770.1	1775	1576	0	0
AT5G58840.2	2843	2644	0	0
AT5G58840.1	2673	2474	4	0.528322
AT5G58840.3	2390	2191	0	0
AT4G13575.2	3061	2862	159.117	18.1671
AT4G13575.1	754	555	26.8829	15.8279
AT2G36815.2	361	162	0	0
AT2G36815.1	324	125	0	0
AT5G09640.1	1647	1448	0	0
AT4G28240.1	1313	1114	105	30.7994
AT1G70360.2	840	641	0	0
AT1G70360.1	817	618	4	2.115
AT5G20960.2	4477	4278	313.78	23.9675
AT5G20960.1	4844	4645	73.22	5.15089
AT4G08550.1	1980	1781	0	0
AT4G08550.2	2142	1943	0	0
AT3G56380.2	618	419	0	0
AT3G56380.1	507	308	1	1.06093
AT4G02230.1	918	719	433	196.787
AT1G06590.1	3193	2994	54	5.8936
AT4G03210.1	1522	1323	87.3679	21.579
AT4G03210.2	1098	899	312.632	113.635
AT1G56045.1	472	273	358	428.508
AT2G45420.1	1326	1127	3	0.869833
AT5G53840.1	1335	1136	0	0
AT5G09790.1	1599	1400	0	0
AT5G09790.2	1555	1356	30	7.22936
AT2G45260.1	1810	1611	137.793	27.9493
AT1G53885.1	876	677	0	0
AT1G09160.1	2186	1987	133	21.8722
AT1G09160.2	2098	1899	0	0
AT1G66850.1	559	360	0	0
ATMG00310.1	465	266	0	0
AT3G28530.1	78	3.65937	0	0
AT1G49900.1	2954	2755	0	0
AT1G77450.1	1730	1531	102	21.7702
AT4G02735.1	1125	926	0	0
AT3G13400.1	1979	1780	2.39595e-08	4.39841e-09
AT3G13400.2	1952	1753	1	0.186405
AT1G77530.1	1496	1297	0	0
AT1G77530.2	1590	1391	3	0.704746
AT4G13690.1	1388	1189	10	2.74825
AT1G65346.1	369	170	0	0
AT3G42075.2	553	354	0	0
AT3G42075.1	684	485	0	0
AT1G49360.4	1610	1411	0	0
AT1G49360.2	1794	1595	10.0908	2.06731
AT1G49360.5	1402	1203	43.9092	11.9269
AT1G49360.1	1578	1379	5.57944e-07	1.3221e-07
AT1G49360.3	1742	1543	0	0
AT1G78490.2	3307	3108	36.011	3.7861
AT1G78490.1	3206	3007	41.989	4.5629
AT3G58960.1	1428	1229	0	0
AT3G54190.1	2026	1827	212	37.9171
AT3G06220.1	1008	809	4	1.61566
AT3G25882.1	683	484	14	9.45194
AT4G03150.1	729	530	60	36.9925
AT1G34015.1	507	308	0	0
AT4G37685.1	492	293	1	1.11525
AT5G43080.2	1458	1259	14.5083	3.76556
AT5G43080.1	1578	1379	11.4917	2.72306
AT3G44320.1	1519	1320	91.6113	22.6785
AT5G24930.1	1089	890	567	208.176
AT3G11160.1	746	547	0	0
AT1G77770.2	1311	1112	64.7585	19.0296
AT1G77770.3	1128	929	6.29378	2.21378
AT1G77770.1	1344	1145	14.9477	4.26588
AT4G18860.1	294	95.0001	0	0
AT1G01210.3	806	607	12.1837	6.55885
AT1G01210.1	624	425	25.4437	19.5627
AT1G01210.2	669	470	0	0
AT5G48100.1	2063	1864	1	0.175304
AT5G62280.1	1296	1097	28	8.34046
AT3G06570.1	1335	1136	38	10.9306
AT2G27507.1	256	57.1478	0	0
AT2G05185.2	686	487	0	0
AT2G05185.1	826	627	0	0
AT3G55520.1	1017	818	153.094	61.1565
AT3G55520.3	993	794	0	0
AT3G55520.2	1004	805	0	0
AT2G07626.1	93	4.05064	0	0
AT1G13990.1	1103	904	22.2026	8.02553
AT1G13990.2	1090	891	0	0
AT1G13990.3	1099	900	2.7974	1.01566
AT5G07330.1	848	649	0	0
AT3G51430.2	1309	1110	11.9762	3.52561
AT3G51430.1	1561	1362	27.0238	6.48347
AT4G34139.1	747	548	0	0
AT1G59910.1	3310	3111	105	11.0288
AT5G48205.1	799	600	0	0
AT2G37925.1	678	479	3	2.04656
AT3G55570.1	330	131	0	0
AT4G28730.2	963	764	4.77625	2.04283
AT4G28730.1	847	648	44.2238	22.3007
AT2G42610.2	989	790	30.0974	12.4492
AT2G42610.1	1219	1020	19.9026	6.37599
AT1G54070.1	737	538	0	0
AT2G21820.1	556	357	0	0
AT5G62290.1	1242	1043	6.62222	2.07471
AT5G62290.2	927	728	32.3778	14.533
AT1G24256.1	432	233	0	0
AT2G23830.1	831	632	0	0
AT4G25520.2	3001	2802	22.2358	2.59313
AT4G25520.1	3208	3009	87.2174	9.47151
AT1G57906.1	687	488	0	0
AT1G79820.5	1190	991	0	0
AT1G79820.3	1938	1739	17.3712	3.26415
AT1G79820.1	1825	1626	43.5853	8.75908
AT1G79820.4	1798	1599	12.1399	2.48087
AT1G79820.2	2031	1832	0	0
AT4G25433.1	751	552	3	1.77591
AT5G36110.1	1603	1404	3	0.69822
AT5G36110.2	1692	1493	0	0
AT4G19045.1	949	750	36	15.6848
AT4G07380.1	507	308	0	0
AT2G45560.2	1239	1040	7.00051	2.19956
AT2G45560.1	2237	2038	24.07	3.85931
AT2G45560.3	1798	1599	44.9295	9.18167
AT5G15802.1	659	460	23	16.3384
AT3G04510.1	1326	1127	1	0.289944
AT5G57760.1	553	354	25.7708	23.7882
AT3G04800.1	567	368	1	0.887954
AT1G13270.1	1438	1239	204	53.8019
AT1G13270.2	1399	1200	0	0
AT2G20990.2	2180	1981	0	0
AT2G20990.1	2253	2054	879	139.839
AT2G20990.3	2222	2023	0	0
AT4G25200.1	1048	849	1	0.384885
AT5G09600.2	1133	934	0	0
AT5G09600.1	1324	1125	9.38124	2.72487
AT5G09600.3	1150	951	70.3495	24.1723
AT5G50510.1	690	491	0	0
AT2G28870.1	951	752	7	3.04172
AT2G43386.1	640	441	0	0
AT3G22580.1	384	185	0	0
AT5G64060.1	1747	1548	2	0.42218
AT5G61240.1	1461	1262	196	50.7499
AT5G61240.2	1493	1294	0	0
AT1G05700.1	2880	2681	44	5.36283
AT1G05700.2	2944	2745	0	0
AT4G12080.1	1766	1567	36	7.50709
AT4G14605.1	1788	1589	83	17.0684
AT4G14605.2	1826	1627	0	0
AT2G31940.1	764	565	4	2.3134
AT2G15890.2	1402	1203	14.5318	3.94723
AT2G15890.1	1622	1423	6.46818	1.48531
AT3G53850.3	578	379	0	0
AT3G53850.2	832	633	12.3281	6.36402
AT3G53850.1	960	761	35.6719	15.3172
AT1G32850.1	2828	2629	1	0.124293
AT5G64160.1	1087	888	59.2057	21.7866
AT5G46500.1	1751	1552	0	0
AT5G46500.3	1435	1236	6.69611	1.77028
AT5G46500.4	1312	1113	0	0
AT5G46500.2	2292	2093	0	0
AT3G44930.1	2671	2472	0	0
AT3G61930.1	744	545	23	13.7902
AT3G21175.2	1485	1286	14.6136	3.71326
AT3G21175.3	1238	1039	0	0
AT3G21175.1	1397	1198	49.3864	13.4707
AT1G74200.2	2325	2126	0	0
AT1G74200.3	2258	2059	9	1.42832
AT1G74200.1	2450	2251	0	0
AT2G29110.1	2844	2645	1	0.123541
AT2G29110.2	3001	2802	0	0
AT4G12382.2	748	549	2	1.19041
AT4G12382.1	794	595	0	0
AT1G51460.1	2447	2248	20	2.90718
AT1G20230.1	2540	2341	5	0.697922
AT1G11910.1	2088	1889	1687.31	291.878
AT1G11910.2	2730	2531	3.69132	0.476572
AT4G29600.1	1015	816	0	0
AT2G29995.1	948	749	46	20.0685
AT1G14970.3	2398	2199	0	0
AT1G14970.2	2540	2341	0	0
AT1G14970.1	2351	2152	42	6.37743
AT3G49500.5	4031	3832	0.892131	0.0760749
AT3G49500.2	4022	3823	13.2669	1.13397
AT3G49500.1	4015	3816	108.767	9.31384
AT3G49500.4	4038	3839	0.109777	0.00934395
AT3G49500.3	4271	4072	15.9638	1.28105
AT1G02510.1	1086	887	0	0
AT1G74800.1	2678	2479	71	9.3588
AT1G44160.1	1460	1261	8	2.07307
AT4G09140.1	2410	2211	74	10.9366
AT4G09140.2	2490	2291	0	0
AT1G68850.1	1345	1146	22	6.27302
AT1G23200.1	2029	1830	13	2.3213
AT2G25650.1	1625	1426	37.4645	8.58498
AT3G07380.1	1455	1256	0	0
AT4G10500.1	1358	1159	18	5.0749
AT5G57920.2	1034	835	2.70227	1.0575
AT5G57920.3	1163	964	0	0
AT5G57920.1	725	526	0.297735	0.184962
AT1G04750.1	1276	1077	246.585	74.8152
AT1G04750.3	1207	1008	0	0
AT1G04750.4	1165	966	0	0
AT1G04750.2	1089	890	6.33118	2.32452
AT3G58520.2	1581	1382	0	0
AT3G58520.1	1679	1480	16	3.53262
AT1G65960.4	1250	1051	437.305	135.963
AT1G65960.3	5070	4871	68.8038	4.61565
AT1G65960.2	2053	1854	918.796	161.938
AT1G65960.1	3511	3312	0	0
AT2G01600.1	2297	2098	229	35.6671
AT1G09820.1	2235	2036	36	5.77781
AT5G25410.1	1204	1005	0	0
AT1G36000.1	387	188	0	0
AT5G67500.3	1339	1140	356.648	102.229
AT5G67500.1	981	782	86.352	36.0831
AT5G67500.2	1311	1112	0	0
AT2G30424.2	757	558	0	0
AT2G30424.3	667	468	0	0
AT2G30424.1	681	482	21	14.2367
AT5G27238.1	531	332	0	0
AT1G79590.3	1412	1213	0	0
AT1G79590.2	1387	1188	2.23685	0.615259
AT1G79590.1	1492	1293	73.7632	18.6414
AT3G49960.1	1401	1202	17	4.6215
AT3G53480.1	4688	4489	1186	86.3323
AT5G44568.1	718	519	25	15.7402
AT3G21580.1	1542	1343	53	12.8955
AT1G09800.2	1517	1318	0	0
AT1G09800.1	1755	1556	27.8525	5.84915
AT1G48750.1	544	345	108.99	103.23
AT1G80760.1	1212	1013	147	47.4183
AT2G31730.1	1038	839	44	17.1368
AT2G31730.2	791	592	0	0
AT3G20510.1	971	772	86	36.4015
AT1G10865.1	691	492	36.3613	24.1497
AT1G10865.2	564	365	20.6387	18.4768
AT2G18100.2	2519	2320	0	0
AT2G18100.4	2087	1888	8.7951	1.52222
AT2G18100.3	1634	1435	0	0
AT2G18100.1	2536	2337	5.2049	0.727766
AT5G51250.1	1107	908	0	0
AT1G07902.1	479	280	0	0
AT2G28950.1	1590	1391	530	124.505
AT3G06980.1	2954	2755	314	37.2431
AT4G24210.1	1204	1005	42	13.6559
AT1G63380.3	940	741	0	0
AT1G63380.2	1132	933	0	0
AT1G63380.1	849	650	0	0
AT1G63380.4	1026	827	3.5409	1.39909
AT2G04240.2	1308	1109	7.56772	2.22983
AT2G04240.1	941	742	20.4323	8.99811
AT4G20020.2	1528	1329	98.7257	24.2741
AT4G20020.1	1353	1154	11.2743	3.19243
AT1G75530.1	1668	1469	1	0.222442
AT3G13500.1	610	411	0	0
AT5G62180.1	1358	1159	22	6.20265
AT1G67420.6	2839	2640	0	0
AT1G67420.3	3098	2899	6.88539	0.776101
AT1G67420.1	2776	2577	22.0144	2.79146
AT1G67420.4	3164	2965	0	0
AT1G67420.2	3101	2902	2.10017	0.236481
AT1G67420.5	2889	2690	0	0
AT5G11390.1	2769	2570	60	7.6288
AT4G13130.1	2679	2480	10	1.31761
AT1G26762.1	569	370	0	0
AT2G37200.1	861	662	44.0256	21.7313
AT2G37200.2	939	740	18.9744	8.37864
AT1G06660.1	1867	1668	16	3.13446
AT3G54540.1	2659	2460	104.364	13.8628
AT3G54540.2	2494	2295	277.636	39.5305
AT5G35375.1	537	338	0	0
AT3G44555.2	393	194	0	0
AT3G44555.1	591	392	0	0
AT1G10060.1	1769	1570	0	0
AT1G10060.5	1982	1783	0	0
AT1G10060.2	1810	1611	10.3974	2.10896
AT1G10060.6	1775	1576	12.4342	2.5781
AT1G10060.4	2058	1859	0	0
AT1G10060.3	1923	1724	0	0
AT1G10060.7	1795	1596	29.1684	5.97197
AT5G09580.1	1520	1321	16	3.95782
AT5G09580.2	939	740	0	0
AT2G04800.1	595	396	30.2174	24.9344
AT2G04800.3	662	463	0	0
AT2G04800.2	767	568	4.78265	2.75143
AT2G04800.4	538	339	0	0
AT5G58160.1	4426	4227	122	9.43118
AT4G09940.1	1269	1070	0	0
AT4G09940.2	1517	1318	0	0
AT2G21250.2	1310	1111	0	0
AT2G21250.1	1273	1074	171.338	52.1299
AT5G61750.1	633	434	1	0.75292
AT2G43780.2	917	718	0	0
AT2G43780.1	813	614	30.0214	15.9772
AT2G43780.4	891	692	0	0
AT2G43780.3	780	581	40.9786	23.0473
AT3G29390.2	3371	3172	69.0514	7.1134
AT3G29390.1	2049	1850	65.9486	11.6486
AT5G16500.1	2428	2229	0	0
AT1G53655.1	418	219	0	0
AT2G34480.1	898	699	1874.94	876.493
AT2G34480.2	1077	878	255.061	94.9268
AT5G22050.2	1834	1635	45.7086	9.13521
AT5G22050.1	1221	1022	20.4286	6.5317
AT1G51610.1	2153	1954	68	11.3716
AT1G55000.3	1008	809	0	0
AT1G55000.1	1186	987	37.6718	12.472
AT1G55000.2	1055	856	18.3282	6.99657
AT5G26290.1	1164	965	23.8808	8.0865
AT1G43700.1	1457	1258	96	24.9361
AT1G09770.1	3199	3000	453.83	49.4323
AT1G53690.2	584	385	0	0
AT1G53690.1	548	349	0	0
AT2G39480.2	4066	3867	10.3978	0.878632
AT2G39480.1	4893	4694	164.602	11.4586
AT1G27008.1	535	336	0	0
AT3G27020.1	2653	2454	227	30.2266
AT1G75180.2	1828	1629	0	0
AT1G75180.4	1338	1139	14.2228	4.08037
AT1G75180.3	1787	1588	0	0
AT1G75180.1	1543	1344	99.7772	24.2589
AT5G45100.1	1357	1158	95	26.8073
AT5G45100.2	1375	1176	0	0
AT1G44100.1	2164	1965	313	52.0499
AT3G09500.1	849	650	1084	544.947
AT3G57200.1	2130	1931	20	3.38443
AT3G57200.2	2214	2015	0	0
AT3G13330.1	5907	5708	466	26.6772
AT4G09589.1	295	96.0001	0	0
AT5G19390.2	3341	3142	187.104	19.4588
AT5G19390.4	2841	2642	7.9606	0.984581
AT5G19390.3	3249	3050	52.3734	5.61112
AT5G19390.1	3182	2983	77.5618	8.49637
AT1G78915.2	1457	1258	0	0
AT1G78915.3	1522	1323	18.9617	4.68335
AT1G78915.1	1460	1261	77.0383	19.9632
AT5G07740.1	6208	6009	0.103261	0.00561528
AT5G07740.3	5983	5784	254.413	14.3731
AT5G07740.2	5793	5594	28.3836	1.658
AT1G24577.1	748	549	5	2.97602
AT1G31020.1	961	762	42	18.0108
AT3G28980.1	1632	1433	0	0
AT3G28980.4	1604	1405	0	0
AT3G28980.2	1585	1386	0	0
AT3G28980.5	1556	1357	0	0
AT3G28980.3	1505	1306	0	0
AT3G14640.2	1644	1445	0	0
AT3G14640.1	1706	1507	0	0
AT2G32970.2	2862	2663	9.11987	1.11907
AT2G32970.1	2570	2371	34.3895	4.7395
AT2G32970.4	3098	2899	5.49053	0.618877
AT2G32970.3	2544	2345	8.87235e-05	1.23633e-05
AT2G44430.1	2373	2174	61	9.16872
AT5G63270.1	574	375	5	4.35689
AT1G77240.1	1832	1633	13.0384	2.60902
AT3G20680.1	1127	928	48	16.9017
AT5G54510.1	2320	2121	203	31.2747
AT3G10870.1	1399	1200	32	8.71379
AT3G06080.1	2376	2177	14.3102	2.14795
AT3G06080.2	2242	2043	112.69	18.0241
AT5G60630.1	755	556	4	2.35084
AT1G63010.7	2731	2532	0	0
AT1G63010.4	2897	2698	0	0
AT1G63010.3	2799	2600	1.01482e-07	1.27543e-08
AT1G63010.1	2669	2470	198.867	26.309
AT1G63010.2	2793	2594	26.1331	3.292
AT1G63010.6	2812	2613	0	0
AT1G63010.5	2934	2735	0	0
AT3G46666.1	296	97.0001	1	3.36873
AT5G05980.2	2073	1874	69.7774	12.167
AT5G05980.1	2015	1816	110.223	19.8332
AT3G01120.1	2461	2262	1864	269.272
AT2G43930.2	952	753	14	6.07535
AT2G43930.1	676	477	0	0
AT5G27760.2	1218	1019	7.74109	2.48237
AT5G27760.1	749	550	124.259	73.825
AT2G05540.1	824	625	83	43.3947
AT5G44310.1	1202	1003	0	0
AT5G44310.2	1313	1114	0	0
AT1G51880.2	3095	2896	4.30849e-05	4.86144e-06
AT1G51880.1	2619	2420	0	0
AT1G51880.3	3064	2865	9.99996	1.14054
AT5G24210.1	1600	1401	36.8684	8.59913
AT5G24210.3	1562	1363	28.1316	6.7443
AT5G24210.2	1865	1666	0	0
AT2G38710.1	1117	918	101.124	35.9956
AT2G38710.3	1331	1132	0	0
AT2G38710.4	1320	1121	0	0
AT2G38710.2	1167	968	6.87599	2.32112
AT1G10417.4	1643	1444	0	0
AT1G10417.3	1970	1771	0	0
AT1G10417.2	2023	1824	0	0
AT1G10417.1	1705	1506	5	1.08488
AT1G07550.1	2819	2620	15	1.8708
AT2G02780.2	2842	2643	0	0
AT2G02780.1	2763	2564	107	13.6365
AT2G02780.3	2787	2588	0	0
AT3G11850.1	2235	2036	34	5.45682
AT3G11850.2	2543	2344	0	0
AT1G32610.3	1123	924	1.49268	0.527878
AT1G32610.2	1437	1238	0	0
AT1G32610.1	1533	1334	6.50732	1.59399
AT1G77093.1	452	253	0	0
AT3G04760.1	2532	2333	164.568	23.05
AT3G04760.2	2291	2092	62.4315	9.75171
AT1G01400.1	1145	946	0	0
AT4G28820.1	680	481	14	9.51089
AT4G28820.2	785	586	0	0
AT4G28820.4	697	498	0	0
AT4G28820.6	465	266	0	0
AT4G28820.5	822	623	0	0
AT4G28820.3	1516	1317	0	0
AT1G24580.1	884	685	37	17.6502
AT5G22765.1	294	95.0001	0	0
AT5G55070.2	1835	1636	1.92881e-07	3.85252e-08
AT5G55070.1	2008	1809	478	86.3431
AT5G48640.4	1396	1197	12.4554	3.40017
AT5G48640.3	1285	1086	0	0
AT5G48640.2	1248	1049	2.5555e-08	7.96047e-09
AT5G48640.5	895	696	1.1544e-06	5.41983e-07
AT5G48640.1	1118	919	34.5446	12.283
AT1G55130.1	2218	2019	89	14.4043
AT4G20460.1	1685	1486	37	8.13619
AT2G47150.1	603	404	1	0.80883
AT5G25190.1	1038	839	55	21.421
AT2G41540.2	2537	2338	39.7868	5.56074
AT2G41540.4	2594	2395	0	0
AT2G41540.1	2142	1943	22.3495	3.75867
AT2G41540.3	1898	1699	103.544	19.9146
AT3G05040.1	4124	3925	101.634	8.46135
AT3G05040.2	4050	3851	4.36554	0.370427
AT3G26935.1	2088	1889	232	40.1323
AT1G05065.1	717	518	4	2.5233
AT4G39080.1	3032	2833	1099.8	126.854
AT4G30180.1	988	789	13	5.384
AT2G45870.1	1664	1465	10	2.23049
AT2G45870.3	1755	1556	0	0
AT2G45870.2	1779	1580	0	0
AT4G08025.1	582	383	0	0
AT1G70410.1	1939	1740	20.7731	3.90112
AT1G70410.2	1542	1343	795.067	193.449
AT1G70410.3	1951	1752	60.1596	11.2204
AT1G75640.1	3812	3613	63	5.69785
AT3G04181.1	482	283	1	1.15465
AT2G43870.1	1551	1352	7	1.69184
AT1G14300.1	1470	1271	64	16.454
AT1G14300.2	1517	1318	0	0
AT3G04840.1	1193	994	2239	736.048
AT4G29780.1	2495	2296	44	6.26209
AT5G36900.1	363	164	0	0
AT2G31600.5	1216	1017	0	0
AT2G31600.4	1252	1053	0	0
AT2G31600.1	1234	1035	10	3.15717
AT2G31600.6	869	670	0	0
AT2G31600.2	1385	1186	0	0
AT2G31600.3	1329	1130	0	0
AT5G50780.1	2724	2525	0.086469	0.0111902
AT5G50780.2	3051	2852	18.0534	2.06847
AT5G50780.3	2893	2694	28.8601	3.50057
AT5G41800.1	1743	1544	54	11.4284
AT1G79660.1	799	600	54	29.409
AT2G25620.2	1788	1589	0.00156301	0.000321423
AT2G25620.1	1786	1587	124.998	25.7375
AT3G46780.1	1865	1666	2461	482.697
AT5G14130.2	1280	1081	0	0
AT5G14130.1	1260	1061	18	5.54365
AT2G43865.1	460	261	1	1.25198
AT1G75470.1	1164	965	0	0
AT4G23015.1	276	77.0053	9.14313	38.7983
AT4G04740.7	2678	2479	0	0
AT4G04740.1	3269	3070	59.8354	6.36881
AT4G04740.3	3714	3515	14.1646	1.31679
AT4G04740.5	3345	3146	0	0
AT4G04740.6	2964	2765	0	0
AT4G04740.4	3841	3642	0	0
AT4G04740.2	2983	2784	0	0
AT2G23030.1	1409	1210	7	1.89039
AT2G02000.1	1711	1512	0	0
AT1G12850.1	1733	1534	261	55.5973
AT5G19230.1	1190	991	0	0
AT5G19230.2	1130	931	47	16.4963
AT5G35530.1	1172	973	798	267.996
AT3G12780.1	1819	1620	4411.72	889.88
AT4G38040.1	1752	1553	68.5596	14.4256
AT4G38040.2	1820	1621	20.4404	4.12045
AT4G19038.1	541	342	0	0
AT3G14205.1	3264	3065	207.896	22.1643
AT3G14205.2	3866	3667	87.1041	7.76186
AT2G28860.1	1724	1525	0	0
AT3G50140.1	1940	1741	3.33172	0.625328
AT3G50140.2	2294	2095	0	0
AT5G28340.1	1308	1109	8.26136	2.43421
AT1G27670.1	1217	1018	2	0.641979
AT1G14910.2	2433	2234	50.0338	7.31844
AT1G14910.1	2459	2260	95.9662	13.8755
AT5G48200.1	651	452	0	0
AT1G02800.1	1823	1624	2	0.402423
AT4G13260.2	2157	1958	0	0
AT4G13260.3	1739	1540	19	4.03154
AT4G13260.1	2055	1856	0	0
AT3G26490.4	2329	2130	1.27988e-05	1.96348e-06
AT3G26490.2	2616	2417	0	0
AT3G26490.3	2548	2349	0	0
AT3G26490.1	2303	2104	17	2.64023
AT3G01175.1	1884	1685	4	0.775708
AT4G36350.1	1401	1202	0	0
AT3G03810.1	2938	2739	77	9.18622
AT3G03810.2	3026	2827	0	0
AT1G06710.12	3938	3739	20.0953	1.75621
AT1G06710.6	4180	3981	0	0
AT1G06710.11	4339	4140	0	0
AT1G06710.5	4218	4019	0	0
AT1G06710.19	3992	3793	10.9942	0.94715
AT1G06710.2	4350	4151	4.5013e-07	3.54343e-08
AT1G06710.8	3957	3758	0	0
AT1G06710.3	4270	4071	0	0
AT1G06710.13	3647	3448	2.91049	0.275828
AT1G06710.10	4429	4230	0	0
AT1G06710.16	4181	3982	0	0
AT1G06710.14	4484	4285	0	0
AT1G06710.17	4163	3964	0	0
AT1G06710.4	4260	4061	0	0
AT1G06710.9	3828	3629	0	0
AT1G06710.1	3418	3219	0	0
AT1G06710.18	3962	3763	0	0
AT1G06710.7	4047	3848	0	0
AT1G06710.15	4394	4195	0	0
AT5G24200.1	1534	1335	0	0
AT5G24200.3	1390	1191	3	0.823091
AT5G24200.2	1629	1430	0	0
AT5G03360.1	3108	2909	1	0.11233
AT4G25720.5	884	685	0	0
AT4G25720.2	1309	1110	8.52008	2.50818
AT4G25720.3	1128	929	0	0
AT4G25720.1	1198	999	51.814	16.9481
AT4G25720.4	910	711	3.66589	1.6848
AT1G62170.1	1302	1103	0	0
AT1G62170.2	1728	1529	7.1051	1.51845
AT3G13882.2	802	603	0	0
AT3G13882.1	778	579	117	66.0307
AT5G52120.1	1491	1292	14	3.54082
AT5G45600.2	1030	831	18.1743	7.14652
AT5G45600.1	1271	1072	57.8257	17.6264
AT2G44650.1	1171	972	420.65	141.414
AT1G68590.1	932	733	385.789	171.983
AT1G68590.2	742	543	285.211	171.634
AT5G60710.1	2783	2584	187	23.6476
AT2G23740.5	4298	4099	0	0
AT2G23740.2	4620	4421	18.4203	1.36149
AT2G23740.6	4312	4113	36.359	2.88863
AT2G23740.3	4411	4212	42.5643	3.30214
AT2G23740.1	4598	4399	46.2145	3.43291
AT2G23740.4	4070	3871	0	0
AT4G15230.1	5109	4910	0	0
AT4G15230.4	4794	4595	42	2.98677
AT4G15230.2	5157	4958	0	0
AT4G15230.3	4925	4726	0	0
AT2G15770.1	906	707	0	0
AT2G30432.1	633	434	3	2.25876
AT4G29830.1	1278	1079	91	27.5587
AT3G50800.1	922	723	10	4.5196
AT4G39590.1	1429	1230	0	0
AT1G05890.1	2496	2297	109.686	15.6038
AT1G05890.2	2421	2222	85.8151	12.62
AT1G31450.1	1384	1185	0	0
AT1G63930.1	1610	1411	5	1.15793
AT1G53165.2	2621	2422	36.9675	4.98752
AT1G53165.1	2609	2410	45.0325	6.10586
AT1G53165.3	2619	2420	0	0
AT3G57750.1	1326	1127	0	0
AT3G57750.2	1216	1017	17	5.46218
AT1G02160.2	569	370	3.30529	2.91908
AT1G02160.1	524	325	43.6947	43.9323
AT3G45243.1	351	152	0	0
AT3G12830.1	977	778	49	20.5804
AT5G13230.1	2471	2272	8	1.15059
AT2G37250.1	1765	1566	346	72.1976
AT1G70620.2	3452	3253	0.00236057	0.000237121
AT1G70620.5	3702	3503	0.128038	0.0119436
AT1G70620.9	3133	2934	0	0
AT1G70620.6	3501	3302	8.09548e-07	8.01132e-08
AT1G70620.8	3589	3390	12.5266	1.20746
AT1G70620.7	3739	3540	107.197	9.895
AT1G70620.1	3111	2912	34.5572	3.87781
AT1G70620.3	3249	3050	74.978	8.0329
AT1G70620.4	3820	3621	35.6112	3.21364
AT5G53270.1	872	673	0	0
AT3G58410.1	987	788	0	0
AT3G58410.2	966	767	0	0
AT1G03210.1	1011	812	40.7648	16.4047
AT1G03210.2	1095	896	7.23524	2.63866
AT1G28180.1	1476	1277	0	0
AT1G28180.2	1460	1261	0	0
AT1G02900.1	854	655	63	31.4295
AT3G26480.2	2103	1904	3	0.514864
AT3G26480.1	2434	2235	0	0
AT2G22420.1	1375	1176	20	5.55726
AT5G18960.1	2544	2345	59.13	8.23955
AT5G18960.2	3084	2885	87.1897	9.87547
AT1G60640.4	1148	949	1.10943	0.382008
AT1G60640.2	1370	1171	28.7603	8.02556
AT1G60640.6	1125	926	19.0594	6.72567
AT1G60640.3	1233	1034	39.0201	12.3312
AT1G60640.7	1186	987	0	0
AT1G60640.1	1300	1101	0.0507857	0.0150727
AT1G60640.5	1110	911	0	0
AT1G61060.1	804	605	0	0
AT3G22220.1	2867	2668	36.8645	4.51504
AT3G22220.2	2635	2436	58.1816	7.80454
AT3G22220.4	2884	2685	0	0
AT3G22220.3	3106	2907	9.95383	1.11888
AT1G79010.1	1106	907	350	126.095
AT1G72030.1	933	734	116	51.6417
AT2G36050.1	1445	1246	19	4.98281
AT3G17810.1	1969	1770	328	60.5535
AT5G20110.2	1315	1116	9.8785	2.89245
AT5G20110.1	978	779	27.1215	11.3767
AT3G43190.1	2890	2691	125.692	15.2628
AT3G43190.2	2698	2499	3.30757	0.432496
AT1G07060.2	1141	942	1	0.346887
AT1G07060.1	733	534	0	0
AT1G07060.4	678	479	0	0
AT1G07060.3	943	744	0	0
AT3G48090.1	2551	2352	13.701	1.9035
AT3G48090.2	2036	1837	62.299	11.0818
AT1G51055.1	560	361	1	0.905172
AT3G05160.1	1870	1671	40.2709	7.87504
AT3G05160.2	1978	1779	0	0
AT3G05160.3	2055	1856	0	0
AT4G28410.2	1774	1575	0	0
AT4G28410.1	1726	1527	9	1.92594
AT3G01010.1	477	278	0	0
AT3G58490.2	1539	1340	0.521872	0.127262
AT3G58490.1	1625	1426	144.478	33.1071
AT1G05690.1	1948	1749	31	5.79176
AT3G28870.1	1068	869	0	0
AT5G45330.1	2151	1952	24.8662	4.16264
AT5G45330.3	1837	1638	14.1338	2.81956
AT5G45330.2	2293	2094	0	0
AT4G17750.1	1682	1483	21.0195	4.63147
AT5G49970.2	1843	1644	0	0
AT5G49970.1	1975	1776	251	46.1816
AT4G03230.7	2836	2637	0.00276208	0.000342266
AT4G03230.3	3496	3297	11.3023	1.12018
AT4G03230.1	3381	3182	0	0
AT4G03230.4	3538	3339	26.6894	2.61193
AT4G03230.8	2559	2360	0	0
AT4G03230.6	3188	2989	0	0
AT4G03230.5	3431	3232	0.00547755	0.000553801
AT4G03230.2	3515	3316	0	0
AT5G05500.1	869	670	37	18.0453
AT5G58510.1	3286	3087	102.9	10.8923
AT5G58510.2	3240	3041	0.0997691	0.0107206
AT5G23590.2	1468	1269	57.208	14.7311
AT5G23590.1	2724	2525	25.4529	3.29393
AT4G30662.1	882	683	3	1.43529
AT2G15880.1	2709	2510	10	1.30186
AT1G17080.1	863	664	98	48.2277
AT1G76950.1	4082	3883	219	18.4296
AT3G49220.2	3927	3728	61.3153	5.37442
AT3G49220.1	2109	1910	778.799	133.239
AT3G49220.3	2215	2016	4.88556	0.791885
AT2G21200.1	898	699	5	2.33739
AT2G11890.2	984	785	13.332	5.54962
AT2G11890.1	1068	869	163.668	61.5435
AT2G29590.1	648	449	21.9778	15.9947
AT3G22560.1	928	729	1	0.44824
AT4G23560.1	2027	1828	1.01256	0.181002
AT1G64080.1	1732	1533	26	5.54204
AT3G25505.1	2272	2073	0	0
AT5G37415.1	951	752	0	0
AT5G37415.2	981	782	0	0
AT3G57410.8	3674	3475	0	0
AT3G57410.10	2564	2365	10.6143	1.46655
AT3G57410.7	3728	3529	66.4658	6.15439
AT3G57410.2	4357	4158	0	0
AT3G57410.3	4319	4120	0	0
AT3G57410.5	3972	3773	0	0
AT3G57410.9	3538	3339	0	0
AT3G57410.1	3592	3393	421.92	40.6335
AT3G57410.6	3733	3534	0	0
AT3G57410.4	4026	3827	0	0
AT3G03750.2	1724	1525	0	0
AT3G03750.1	1119	920	0	0
AT5G05840.1	1731	1532	7	1.49306
AT3G21850.1	584	385	0	0
AT4G16620.2	1770	1571	0	0
AT4G16620.3	1707	1508	7	1.51682
AT4G16620.4	1162	963	0	0
AT4G16620.1	1727	1528	1.88898e-06	4.03964e-07
AT5G37980.1	1323	1124	2.36908	0.688733
AT4G07515.1	554	355	0	0
AT1G49710.1	2152	1953	78	13.0506
AT5G03370.1	1259	1060	44	13.5639
AT2G37470.1	1002	803	114.341	46.5293
AT5G20060.2	1518	1319	0	0
AT5G20060.3	1158	959	0	0
AT5G20060.4	1099	900	103.871	37.7129
AT5G20060.1	1192	993	128.129	42.1635
AT2G12465.1	370	171	0	0
AT3G05990.1	2181	1982	87	14.3435
AT5G61580.1	2043	1844	29.0568	5.14903
AT5G61580.2	1836	1637	34.9432	6.97513
AT5G21080.1	3592	3393	4	0.385225
AT4G39090.1	1681	1482	498	109.804
AT2G16390.1	3104	2905	0	0
AT2G16390.2	2968	2769	32	3.77629
AT1G09710.3	2254	2055	0	0
AT1G09710.4	2135	1936	19.3597	3.26762
AT1G09710.2	2154	1955	0.000261674	4.37374e-05
AT1G09710.5	1935	1736	6.64004	1.24985
AT1G09710.1	2159	1960	1.39403e-05	2.32411e-06
AT5G52960.1	912	713	104	47.6631
AT1G49340.4	6726	6527	148.584	7.43872
AT1G49340.2	7095	6896	138.626	6.56879
AT1G49340.1	6881	6682	0.035084	0.0017157
AT1G49340.3	6987	6788	175.755	8.46064
AT5G23630.1	4225	4026	316	25.6479
AT4G12400.2	2647	2448	0	0
AT4G12400.1	2246	2047	35	5.58713
AT4G35590.2	1222	1023	2	0.638841
AT4G35590.1	1353	1154	0	0
AT4G31870.1	1698	1499	23.951	5.22109
AT4G31870.2	1712	1513	10.8714	2.34794
AT5G11750.2	1161	962	0	0
AT5G11750.1	1089	890	53.688	19.7118
AT4G16040.2	540	341	0	0
AT4G16040.1	393	194	0	0
AT5G19150.1	1373	1174	60.4265	16.8189
AT5G19150.2	1237	1038	13.5735	4.27301
AT5G64460.9	1282	1083	0	0
AT5G64460.7	1344	1145	0	0
AT5G64460.3	1113	914	118.854	42.4918
AT5G64460.8	1155	956	16.6159	5.67942
AT5G64460.1	1097	898	0	0
AT5G64460.2	1173	974	0.387106	0.12987
AT5G64460.10	1160	961	0.0416615	0.0141661
AT5G64460.6	1040	841	34.4471	13.3843
AT5G64460.11	1110	911	0	0
AT5G64460.5	1179	980	12.721	4.24164
AT5G64460.4	1046	847	15.9335	6.14706
AT5G05320.1	1504	1305	1	0.250396
AT3G04620.1	1035	836	8	3.12696
AT2G01770.1	902	703	0	0
AT3G23650.1	405	206	0	0
AT4G36130.1	1235	1036	780.287	246.112
AT3G52526.3	316	117	1	2.79288
AT3G52526.1	226	30.6548	0	0
AT3G52526.2	395	196	0	0
AT2G03420.1	2088	1889	108.371	18.7465
AT1G70330.1	1623	1424	163.527	37.5248
AT5G04220.3	2349	2150	0	0
AT5G04220.1	2233	2034	0	0
AT5G04220.2	2207	2008	29	4.71925
AT2G22770.1	1551	1352	48	11.6012
AT1G23420.2	1209	1010	0	0
AT1G23420.1	1160	961	0	0
AT5G07640.1	1287	1088	3	0.901012
AT4G22460.1	700	501	9.39375	6.12688
AT2G27650.1	3861	3662	1	0.0892319
AT2G42740.1	847	648	78.4986	39.5845
AT1G74160.2	3537	3338	0	0
AT1G74160.3	3242	3043	121.197	13.0145
AT1G74160.1	4616	4417	131.803	9.75069
AT5G56080.1	1301	1102	155	45.9609
AT4G10060.2	3305	3106	0	0
AT4G10060.1	3040	2841	233	26.7993
AT3G04440.1	1883	1684	0	0
AT3G04440.2	2354	2155	0	0
AT1G09020.1	2487	2288	313	44.702
AT3G56990.2	2760	2561	40.2072	5.13019
AT3G56990.3	2531	2332	77.4103	10.847
AT3G56990.1	2660	2461	26.3824	3.50301
AT5G54440.1	4226	4027	84.7789	6.87931
AT5G54440.3	3712	3513	0	0
AT5G54440.2	4131	3932	145.221	12.0685
AT3G50970.1	969	770	82	34.7986
AT2G04880.1	2028	1829	0	0
AT2G04880.2	2011	1812	154	27.7716
AT3G05840.1	1944	1745	202.782	37.9729
AT3G05840.2	1672	1473	437.218	96.9914
AT3G50170.2	1866	1667	0	0
AT3G50170.1	1783	1584	1	0.206292
AT5G04670.1	5076	4877	63.5699	4.25929
AT5G04670.2	2621	2422	81.4301	10.9862
AT1G30755.3	3176	2977	8.79585	0.965466
AT1G30755.6	2581	2382	39.6348	5.43718
AT1G30755.2	3252	3053	0	0
AT1G30755.4	3167	2968	0	0
AT1G30755.1	3091	2892	0	0
AT1G30755.5	2897	2698	0.569326	0.0689537
AT3G28918.1	93	4.05064	0	0
AT1G03687.1	1455	1256	47	12.2278
AT1G03687.2	1428	1229	0	0
AT3G11560.5	2110	1911	0	0
AT3G11560.4	3171	2972	2.32566	0.255703
AT3G11560.1	2179	1980	0	0
AT3G11560.2	3066	2867	438.663	49.9968
AT3G11560.3	3213	3014	46.7598	5.06953
AT5G50090.1	1297	1098	0	0
AT5G50090.2	781	582	6.96875	3.91264
AT5G50090.3	1165	966	5.03125	1.70191
AT1G45221.1	565	366	0	0
AT3G11830.2	1995	1796	104.081	18.9366
AT3G11830.1	2066	1867	557.919	97.6484
AT1G33970.5	1515	1316	16.8841	4.19237
AT1G33970.4	1442	1243	0.192449	0.050592
AT1G33970.2	1615	1416	0	0
AT1G33970.1	1437	1238	19.673	5.19264
AT1G33970.3	1456	1257	14.2505	3.70453
AT3G16630.1	3190	2991	293.683	32.0849
AT3G16630.2	3159	2960	98.317	10.8536
AT4G35290.5	3279	3080	9.16667	0.972521
AT4G35290.2	3485	3286	0	0
AT4G35290.1	3111	2912	20.6667	2.31909
AT4G35290.6	2584	2385	0	0
AT4G35290.3	3279	3080	9.16667	0.972521
AT4G35290.4	3189	2990	0	0
AT3G09840.1	2895	2696	1963	237.924
AT1G16570.2	1729	1530	0	0
AT1G16570.1	1636	1437	45	10.2328
AT1G70140.1	2681	2482	22	2.8964
AT5G15630.2	1946	1747	0	0
AT5G15630.4	1837	1638	15.6247	3.117
AT5G15630.3	1855	1656	5.55783e-05	1.09669e-05
AT5G15630.1	1880	1681	0	0
AT5G15630.5	1208	1009	5.3752	1.74077
AT2G31345.1	569	370	0	0
AT2G45403.1	701	502	0	0
AT5G18850.1	821	622	18	9.45628
AT2G05380.2	561	362	693.67	626.156
AT2G05380.1	613	414	1073.83	847.567
AT2G05380.3	914	715	1194.83	546.059
AT1G62800.2	1579	1380	0	0
AT1G62800.1	1490	1291	51.0861	12.9305
AT1G62800.3	1479	1280	5.91389	1.50974
AT4G14410.3	1474	1275	10.3609	2.65538
AT4G14410.2	1472	1273	105.341	27.0399
AT4G14410.1	1696	1497	23.2985	5.08563
AT3G19790.1	827	628	27.1092	14.1057
AT3G19790.2	938	739	15.0341	6.64768
ATMG01280.1	876	677	0	0
AT1G57790.1	1384	1185	13	3.58479
AT5G59360.1	1099	900	5	1.81537
AT1G79870.1	1287	1088	91.6854	27.5366
AT1G79870.2	1109	910	59.3146	21.299
AT1G45545.1	2259	2060	12	1.9035
AT1G45545.2	2409	2210	0	0
AT3G56360.1	1416	1217	911	244.605
AT4G13000.1	1444	1245	6	1.57478
AT1G04130.2	1027	828	0	0
AT1G04130.1	1468	1269	55	14.1625
AT5G46900.1	756	557	41.4232	24.3011
AT1G30580.1	1646	1447	782	176.594
AT1G68720.1	4290	4091	247	19.729
AT1G63055.1	628	429	0	0
AT2G37270.2	1006	807	570.31	230.928
AT2G37270.1	1180	981	191.69	63.851
AT1G24060.1	321	122	0	0
AT3G50210.3	1391	1192	0	0
AT3G50210.1	1485	1286	24.2642	6.16542
AT3G50210.4	1267	1068	1.55876e-07	4.76922e-08
AT3G50210.2	1326	1127	31.7358	9.20163
AT1G61570.1	761	562	106	61.6322
AT2G31890.1	2781	2582	99.0015	12.5292
AT5G09250.5	1112	913	0	0
AT5G09250.4	797	598	3.729	2.03765
AT5G09250.1	734	535	42.8268	26.1577
AT5G09250.3	774	575	4.61165	2.62076
AT5G09250.2	1034	835	6.83258	2.67385
AT1G09090.1	2701	2502	0	0
AT1G09090.2	2627	2428	24	3.22999
AT1G68250.2	756	557	0	0
AT1G68250.1	827	628	0	0
AT2G27000.1	1778	1579	36.2963	7.51135
AT4G33630.3	2173	1974	0	0
AT4G33630.2	2730	2531	44.493	5.74431
AT4G33630.1	2727	2528	319.507	41.2992
AT5G21060.3	1443	1244	0	0
AT5G21060.1	1483	1284	25.255	6.42718
AT5G21060.2	1443	1244	114.745	30.1406
AT3G48710.1	2111	1912	84	14.3559
AT3G15909.1	138	6.07083	0	0
AT3G04270.1	445	246	0	0
AT4G28460.1	670	471	1	0.693773
AT2G22122.1	769	570	51	29.2371
AT5G07850.1	1405	1206	0	0
AT2G24681.2	828	629	0	0
AT2G24681.1	861	662	1	0.493606
AT3G54710.1	1826	1627	46	9.23865
AT5G18403.1	334	135	0	0
AT2G40130.1	3250	3051	37	3.96276
AT2G40130.2	3037	2838	0	0
AT3G52540.1	1348	1149	10	2.84393
AT3G19080.2	1932	1733	0	0
AT3G19080.3	1861	1662	44	8.65087
AT3G19080.4	1900	1701	0	0
AT3G19080.1	1722	1523	0	0
AT1G33720.5	2623	2424	0	0
AT1G33720.3	2942	2743	0	0
AT1G33720.1	1615	1416	0	0
AT1G33720.2	3017	2818	6.13943	0.711911
AT1G33720.4	2558	2359	3.86057	0.534763
AT2G41997.1	386	187	0	0
AT3G46845.1	736	537	103	62.676
AT2G02840.1	1306	1107	0	0
AT2G12170.1	707	508	4	2.57297
AT3G17530.1	1423	1224	0	0
AT1G27630.2	2132	1933	0	0
AT1G27630.4	1688	1489	0	0
AT1G27630.5	1911	1712	16.7289	3.19303
AT1G27630.3	2242	2043	0	0
AT1G27630.1	1579	1380	24.333	5.76175
AT1G27630.6	1806	1607	8.93811	1.81747
AT1G29170.3	3473	3274	0	0
AT1G29170.1	3591	3392	90.9832	8.76483
AT1G29170.2	3691	3492	80.0168	7.48765
AT1G27860.1	870	671	0	0
AT5G15670.1	645	446	0	0
AT1G33070.1	498	299	0	0
AT5G14170.1	1962	1763	155	28.7288
AT3G26744.5	2150	1951	52.6004	8.80989
AT3G26744.2	2006	1807	63.3104	11.4487
AT3G26744.4	1857	1658	73.8777	14.5602
AT3G26744.1	2238	2039	28.2148	4.52167
AT3G26744.6	2047	1848	14.9967	2.65174
AT5G60770.1	1716	1517	5	1.07702
AT1G11765.1	721	522	0	0
AT2G30830.1	1356	1157	5.32065	1.50269
AT3G28100.1	1371	1172	7.47005	2.08273
AT3G28100.2	2568	2369	1.97911	0.272988
AT3G28100.3	1344	1145	10.2496	2.92509
AT4G08874.1	435	236	0	0
AT4G08874.2	551	352	0	0
AT1G06070.1	2003	1804	80	14.4908
AT1G77440.1	1137	938	90.0904	31.3844
AT1G77440.2	960	761	42.9096	18.425
AT4G27660.1	860	661	8	3.95482
AT3G26330.1	1714	1515	31	6.68632
AT1G10588.2	647	448	0	0
AT1G10588.1	596	397	0	0
AT1G48330.1	899	700	10	4.6681
AT1G34860.1	279	80.003	0	0
AT3G04340.1	4647	4448	557	40.9194
AT5G09978.1	634	435	12	9.01427
AT2G31900.5	4465	4266	0	0
AT2G31900.2	5064	4865	36.0482	2.42125
AT2G31900.1	5384	5185	10.5471	0.664694
AT2G31900.3	4111	3912	6.40469	0.53498
AT2G31900.4	4755	4556	0	0
AT3G29130.5	3518	3319	2.67439	0.263304
AT3G29130.3	3927	3728	2.18473	0.191496
AT3G29130.6	1062	863	3.88739	1.47192
AT3G29130.1	704	505	22.9685	14.8621
AT3G29130.2	840	641	0.284961	0.145266
AT3G29130.4	3833	3634	0	0
AT5G13300.1	3410	3211	181	18.4194
AT1G06730.1	1997	1798	67	12.1765
AT1G75400.1	2063	1864	137	24.0167
AT3G24430.1	1939	1740	526	98.7813
AT5G24620.2	1281	1082	49.3238	14.8959
AT5G24620.3	1772	1573	0	0
AT5G24620.4	1489	1290	11.6405	2.94862
AT5G24620.1	1538	1339	74.0357	18.0675
AT1G23310.1	2205	2006	5556.19	905.074
AT1G23310.2	2066	1867	1226.81	214.72
AT2G27360.1	1624	1425	77	17.6569
AT5G66120.2	1720	1521	425	91.3057
AT5G66120.1	1430	1231	0	0
AT3G10550.1	3012	2813	56	6.50514
AT1G28600.1	1598	1399	302	70.5387
AT1G28600.2	717	518	0	0
AT3G45010.1	1861	1662	190	37.356
AT4G33145.1	422	223	0	0
AT5G48980.1	1345	1146	0	0
AT3G04120.1	1711	1512	4789.26	1035.04
AT5G46070.1	3823	3624	279	25.1567
AT3G46530.1	3163	2964	139	15.3241
AT2G29310.4	1138	939	0	0
AT2G29310.2	1116	917	20.311	7.23769
AT2G29310.3	1294	1095	0	0
AT2G29310.1	1210	1011	0	0
AT4G32375.1	1595	1396	0	0
AT4G07670.2	910	711	0	0
AT4G07670.1	843	644	0	0
AT2G27800.1	1577	1378	22.0919	5.23868
AT1G31330.1	1203	1004	6569	2137.98
AT4G21215.1	1299	1100	19.087	5.66999
AT4G21215.2	1483	1284	27.913	7.10363
AT1G05087.1	946	747	5.93737	2.59724
AT1G05087.2	1060	861	4.40456	1.67162
AT1G61710.1	1209	1010	4	1.29413
AT3G44180.1	609	410	0	0
AT1G08600.2	4869	4670	7.34111e-08	5.13669e-09
AT1G08600.3	5000	4801	37.5078	2.55287
AT1G08600.1	4809	4610	7.43247e-08	5.2683e-09
AT1G08600.4	4872	4673	124.492	8.70532
AT5G67440.1	2743	2544	0	0
AT5G67440.3	2361	2162	21.5382	3.25531
AT5G67440.2	2662	2463	65.4618	8.68484
AT1G03220.1	1891	1692	611.633	118.121
AT4G30340.2	1897	1698	0	0
AT4G30340.1	1978	1779	116	21.3069
AT4G18530.1	1846	1647	0	0
AT4G18530.2	1932	1733	0	0
AT4G18530.3	1397	1198	10	2.72761
AT4G03100.1	1868	1669	91	17.8165
AT3G53235.1	345	146	5.59117	12.5138
AT3G50360.1	1053	854	96	36.7326
AT5G41360.1	2741	2542	47.9623	6.16542
AT5G41360.2	2582	2383	16.2407	2.227
AT1G14600.1	1234	1035	14	4.42004
AT5G27670.1	946	747	139	60.8041
AT3G27270.1	1137	938	26	9.05751
AT3G27270.2	1404	1205	0	0
AT4G18840.2	2720	2521	0	0
AT4G18840.3	1638	1439	7.59676	1.72507
AT4G18840.1	2734	2535	0.710367	0.0915679
AT4G04078.1	108	4.54805	0	0
AT3G16410.1	2412	2213	82.7581	12.2199
AT4G24180.2	1246	1047	0	0
AT4G24180.3	1203	1004	0	0
AT4G24180.5	1462	1263	0	0
AT4G24180.4	1111	912	3	1.07489
AT4G24180.1	1261	1062	0	0
AT4G24180.6	1064	865	0	0
AT1G31850.3	3392	3193	2.87888	0.294621
AT1G31850.4	2293	2094	185.04	28.8754
AT1G31850.2	3083	2884	0	0
AT1G31850.1	2862	2663	28.0808	3.4457
AT3G21630.1	2181	1982	84	13.8489
AT2G26840.2	1208	1009	4.09106	1.3249
AT2G26840.1	1042	843	20.9089	8.10481
AT1G67020.1	2278	2079	3	0.471525
AT5G49350.1	1227	1028	6.82301	2.16881
AT5G49350.2	775	576	6.17699	3.50423
AT4G29220.1	2068	1869	344	60.1433
AT5G56260.5	1326	1127	10.4131	3.01922
AT5G56260.2	1747	1548	3.67696	0.776169
AT5G56260.3	1704	1505	0	0
AT5G56260.1	1180	981	74.9099	24.9522
AT5G56260.4	2052	1853	0	0
AT5G03610.1	1504	1305	138	34.5547
AT3G07820.1	1509	1310	0	0
AT4G10330.1	1272	1073	21	6.39526
AT5G19030.1	716	517	12.6058	7.96741
AT5G19030.5	858	659	0	0
AT5G19030.3	710	511	0	0
AT5G19030.2	702	503	7.39424	4.80356
AT5G19030.4	717	518	0	0
AT2G30720.1	1821	1622	43	8.66275
AT1G07090.1	1087	888	40	14.7192
AT3G61320.4	1234	1035	0	0
AT3G61320.1	1642	1443	45.8299	10.3782
AT3G61320.3	1707	1508	20.7114	4.48792
AT3G61320.2	2269	2070	3.41606	0.539254
AT1G09350.1	1483	1284	7.79757	1.98442
AT1G09350.2	989	790	9.20243	3.80639
AT1G75380.2	1792	1593	9.65455	1.98041
AT1G75380.4	1627	1428	5.68293e-07	1.30042e-07
AT1G75380.1	1550	1351	7.8548	1.89984
AT1G75380.3	1462	1263	52.4907	13.5805
AT3G27250.2	1749	1550	4	0.84327
AT3G27250.1	1813	1614	0	0
AT5G17640.1	1845	1646	91	18.0655
AT3G48770.2	6133	5934	5	0.275335
AT3G48770.1	6355	6156	0	0
AT2G46080.1	1485	1286	131	33.2865
AT1G29418.1	672	473	89	61.4847
AT2G32090.1	971	772	41	17.3542
AT2G32090.2	735	536	0	0
AT2G01460.2	3314	3115	0	0
AT2G01460.1	3022	2823	0	0
AT2G01460.3	3409	3210	102	10.3833
AT2G07675.1	378	179	0	0
AT1G64970.1	1415	1216	176	47.2952
AT1G01960.1	5825	5626	555	32.2353
AT1G73200.1	2996	2797	108	12.6174
AT3G24190.1	2786	2587	776	98.0175
AT3G29290.1	2533	2334	8.22467	1.15148
AT3G29290.5	2232	2033	45.6265	7.33362
AT3G29290.4	2358	2159	0	0
AT3G29290.2	2446	2247	4.9994	0.727032
AT3G29290.3	2427	2228	43.1494	6.32846
AT2G43430.3	1290	1091	33.2573	9.96093
AT2G43430.1	1486	1287	22.1334	5.61964
AT2G43430.2	1866	1667	7.60931	1.49159
AT3G02650.1	2092	1893	114	19.6785
AT3G02130.2	3839	3640	99.0457	8.89145
AT3G02130.1	4233	4034	40.9543	3.31743
AT5G40981.1	254	55.1953	0	0
AT4G11270.1	4817	4618	203	14.3642
AT4G11270.2	4809	4610	0	0
AT3G11810.1	1289	1090	86.4409	25.9138
AT1G16700.1	1303	1104	243	71.9243
AT5G20510.3	635	436	0	0
AT5G20510.2	1004	805	0	0
AT5G20510.1	1126	927	19	6.69749
AT1G51965.1	2624	2425	46	6.19847
AT1G05680.1	1755	1556	127.779	26.8341
AT2G13620.1	2744	2545	0	0
AT4G16950.5	4544	4345	2.45153e-06	1.84368e-07
AT4G16950.2	4994	4795	54.9763	3.7465
AT4G16950.6	4415	4216	244.503	18.9506
AT4G16950.1	5254	5055	0	0
AT4G16950.4	4893	4694	25.8607	1.80026
AT4G16950.3	4926	4727	96.2581	6.65411
ATCG00650.1	306	107	3	9.16169
AT2G23540.1	1580	1381	92	21.7687
AT3G58950.1	1381	1182	0	0
AT3G25880.2	712	513	1	0.636973
AT3G25880.1	795	596	0	0
AT3G17680.1	1331	1132	30	8.65991
AT3G17680.3	1644	1445	0	0
AT3G17680.2	1318	1119	0	0
AT4G04810.2	908	709	4.8477	2.23423
AT4G04810.1	809	610	3.1523	1.68863
AT5G44250.2	1493	1294	0	0
AT5G44250.1	1516	1317	73	18.1124
AT5G46140.2	1254	1055	0	0
AT5G46140.1	1409	1210	3	0.810166
AT1G73710.1	3765	3566	72	6.59765
AT4G30240.1	1617	1418	49	11.2917
AT2G47870.1	733	534	0	0
AT3G09735.1	770	571	118	67.5281
AT2G23350.1	2589	2390	1276	174.458
AT1G21790.1	1426	1227	31	8.25573
AT2G26515.1	494	295	2	2.21537
AT5G10770.1	1975	1776	157	28.8865
AT5G45350.4	1262	1063	0	0
AT5G45350.2	1014	815	161.221	64.6403
AT5G45350.7	1091	892	30.5479	11.1907
AT5G45350.6	1168	969	0	0
AT5G45350.3	1483	1284	0	0
AT5G45350.1	1270	1071	9.23064	2.81631
AT5G45350.5	1216	1017	0	0
AT2G02620.1	2134	1935	3	0.506616
AT3G11320.1	2006	1807	116	20.9767
AT1G06170.1	1554	1355	2	0.482313
AT1G06170.2	1588	1389	0	0
AT3G51410.1	1814	1615	1	0.202333
AT5G52650.1	996	797	978	400.976
AT4G23930.2	686	487	0	0
AT4G23930.1	828	629	10	5.19503
AT5G57750.1	633	434	0	0
AT2G32840.2	1386	1187	0	0
AT2G32840.1	1389	1190	32	8.78702
AT5G11210.8	3256	3057	0	0
AT5G11210.5	2998	2799	3.42341	0.399663
AT5G11210.3	3182	2983	0	0
AT5G11210.4	3108	2909	0	0
AT5G11210.9	3200	3001	0	0
AT5G11210.2	3225	3026	0	0
AT5G11210.10	2996	2797	7.7774	0.908616
AT5G11210.6	3401	3202	0	0
AT5G11210.11	1498	1299	1.79919	0.452592
AT5G11210.1	2749	2550	0	0
AT5G11210.7	3310	3111	0	0
AT5G39120.1	830	631	0	0
AT2G25070.2	1858	1659	5.76959	1.13642
AT2G25070.1	1649	1450	129.23	29.1229
AT1G25277.1	983	784	2	0.83359
AT1G25277.2	720	521	0	0
AT3G46500.8	1441	1242	0	0
AT3G46500.1	1471	1272	0	0
AT3G46500.4	1534	1335	0	0
AT3G46500.10	1119	920	4.58913	1.62997
AT3G46500.7	1461	1262	0	0
AT3G46500.6	1531	1332	0	0
AT3G46500.5	1378	1179	0	0
AT3G46500.9	1140	941	0	0
AT3G46500.2	1801	1602	0	0
AT3G46500.3	1690	1491	0	0
AT3G53080.1	755	556	0	0
AT4G29570.1	1136	937	0	0
AT4G19980.1	712	513	6	3.82184
AT1G54620.1	815	616	0	0
AT4G24840.1	2776	2577	212	26.8819
AT2G33980.3	1414	1215	0	0
AT2G33980.1	2051	1852	17.2504	3.04366
AT2G33980.4	1049	850	4.74964	1.82591
AT2G33980.2	1345	1146	0	0
AT5G47077.1	228	32.1317	0	0
AT2G20820.2	597	398	200.746	164.817
AT2G20820.1	935	736	285.254	126.646
AT2G40310.1	1215	1016	0	0
AT3G11880.3	1890	1691	15.4516	2.98585
AT3G11880.4	1875	1676	0	0
AT3G11880.1	1709	1510	52.1296	11.281
AT3G11880.2	1809	1610	1.4188	0.287961
AT1G35183.2	598	399	0	0
AT1G35183.3	603	404	0	0
AT1G35183.1	280	81.0024	0	0
AT5G40710.2	1351	1152	6.62069	1.87797
AT5G40710.1	1177	978	10.3793	3.46791
AT5G50850.1	1879	1680	923	179.527
ATCG00440.1	363	164	3	5.97745
AT4G25470.1	986	787	0	0
AT1G53990.1	1104	905	3	1.08321
AT1G79440.1	2130	1931	139	23.5218
AT3G49300.1	474	275	0	0
AT4G17710.1	2202	2003	0	0
AT5G55565.1	498	299	0	0
AT4G22880.3	1247	1048	25.3006	7.88876
AT4G22880.2	1400	1201	15.6993	4.27147
AT4G22880.1	1260	1061	1.80561e-05	5.56091e-06
AT4G12420.2	2517	2318	0	0
AT4G12420.1	2292	2093	832	129.895
AT3G09340.1	1799	1600	1.37585	0.280988
AT1G72350.1	675	476	0	0
AT2G42890.1	3138	2939	90.9022	10.1068
AT2G42890.2	3160	2961	0	0
AT2G42890.3	2986	2787	0.0978148	0.0114685
AT1G70820.1	2252	2053	18	2.86498
AT1G70820.2	2347	2148	0	0
AT3G27150.1	1710	1511	45	9.73165
AT3G27150.2	1703	1504	2.56597e-08	5.57496e-09
AT5G41560.1	674	475	20.9186	14.3906
AT5G41560.2	768	569	4.08137	2.34386
AT1G27770.3	3569	3370	0	0
AT1G27770.1	3537	3338	205.266	20.0941
AT1G27770.2	3262	3063	0	0
AT1G27770.4	3506	3307	65.7337	6.4952
AT5G45280.1	1489	1290	0.00219697	0.000556511
AT5G45280.2	1557	1358	275.847	66.3753
AT3G03405.1	582	383	0	0
AT3G53650.1	955	756	49.0408	21.197
AT5G63870.2	1671	1472	106	23.5308
AT5G63870.3	1615	1416	0	0
AT5G63870.1	1682	1483	0	0
AT2G21590.6	1995	1796	2.00922e-08	3.6556e-09
AT2G21590.1	2220	2021	0	0
AT2G21590.7	1962	1763	35.4032	6.56188
AT2G21590.4	2614	2415	0	0
AT2G21590.5	2277	2078	6.59683	1.03736
AT2G21590.3	2286	2087	0	0
AT2G21590.2	2513	2314	0	0
AT5G05490.2	2128	1929	0	0
AT5G05490.1	2093	1894	0	0
AT4G25230.1	2899	2700	0	0
AT4G25230.2	2726	2527	44.0875	5.70097
AT4G25230.3	2571	2372	139.912	19.2744
AT2G36020.1	1351	1152	0	0
AT1G14060.1	1185	986	74	24.5241
AT5G57480.1	2133	1934	34	5.74461
AT3G07210.1	2452	2253	63	9.1373
AT5G02030.1	2168	1969	29	4.81272
AT5G03280.1	4851	4652	528	37.0879
AT4G17620.2	1896	1697	0	0
AT4G17620.3	1873	1674	0	0
AT4G17620.1	1946	1747	100	18.7045
AT1G62350.3	536	337	0	0
AT1G62350.1	786	587	3	1.67002
AT1G62350.2	858	659	0	0
AT5G05210.2	1734	1535	0	0
AT5G05210.1	1638	1439	195	44.2805
AT1G61310.1	3376	3177	50.9028	5.23556
AT5G27060.2	3267	3068	0	0
AT5G27060.1	3063	2864	1.28651	0.146784
AT5G27060.3	2874	2675	0	0
AT3G09450.1	2512	2313	69	9.74792
AT4G15140.1	787	588	17	9.44735
AT4G14330.1	2993	2794	77	9.00539
AT5G24140.1	1886	1687	7	1.35588
AT2G32885.1	1793	1594	0	0
AT1G62390.1	2849	2650	624	76.9444
AT4G35783.1	542	343	2	1.90535
AT3G60730.1	1672	1473	1	0.221838
AT2G19270.1	1323	1124	91	26.4553
AT2G19160.1	2347	2148	99.9993	15.2125
AT2G19160.2	2126	1927	0.000652217	0.000110598
AT1G57620.1	1098	899	56	20.3548
AT5G15650.1	2355	2156	1175.76	178.2
AT5G54500.2	967	768	169.816	72.2531
AT5G54500.1	1261	1062	231.184	71.133
AT3G48490.1	649	450	12	8.71379
AT5G58260.1	1209	1010	70.7	22.8737
AT5G58260.2	909	710	99.3	45.7014
AT2G45670.2	2207	2008	62.5492	10.1788
AT2G45670.1	2193	1994	357.451	58.5773
AT5G40080.1	733	534	25.3025	15.4832
AT4G33140.1	1536	1337	65	15.8862
AT5G56140.1	1713	1514	251.486	54.2783
AT5G60560.1	1125	926	0	0
AT5G60560.2	1224	1025	0	0
AT3G06210.2	2855	2656	45.8165	5.6368
AT3G06210.1	2805	2606	0.183476	0.0230061
AT1G08065.1	1088	889	0	0
AT5G40290.1	1347	1148	0	0
AT1G51660.1	2016	1817	78	14.0274
AT5G03150.1	2290	2091	72	11.2517
AT3G42155.1	501	302	0	0
AT5G47070.1	2026	1827	25	4.47136
AT1G64670.2	1857	1658	43.9205	8.65608
AT1G64670.3	1738	1539	0	0
AT1G64670.1	1706	1507	150.079	32.5422
AT4G18710.2	1494	1295	2.08169	0.525273
AT4G18710.1	1955	1756	526.918	98.0522
AT1G52120.2	1617	1418	0	0
AT1G52120.1	1573	1374	16	3.80515
AT3G63320.2	1596	1397	0	0
AT3G63320.1	1272	1073	0	0
AT4G19610.1	2881	2682	144	17.5445
AT5G24990.1	1636	1437	32.2977	7.34435
AT4G27450.1	1367	1168	257	71.9
AT1G60340.1	1116	917	2	0.712687
AT5G41090.1	884	685	0	0
AT4G39190.1	1406	1207	25	6.76817
AT5G48180.1	1729	1530	379	80.9443
AT1G49270.1	2415	2216	0	0
AT2G30930.1	1220	1021	120	38.4055
AT4G40050.1	2406	2207	115.417	17.0885
AT4G40050.2	2409	2210	53.5834	7.92276
AT5G52870.2	1520	1321	0	0
AT5G52870.1	1453	1254	49	12.7684
AT2G31850.1	342	143	0	0
AT2G16600.1	1333	1134	436.707	125.839
AT2G16600.2	702	503	472.293	306.819
AT3G23620.1	1416	1217	195	52.3579
AT4G09420.1	1992	1793	62	11.2993
AT5G09770.1	798	599	103	56.1887
AT4G16807.1	1654	1455	6	1.34749
AT2G33790.1	1137	938	25	8.70915
AT5G03320.1	1839	1640	81	16.1391
AT5G03320.2	2026	1827	0	0
AT1G63500.1	2594	2395	183	24.968
AT5G11070.1	944	745	42	18.4218
AT5G26270.1	969	770	19.6846	8.35359
AT5G26270.2	1220	1021	8.31544	2.66132
AT3G58560.1	2428	2229	336	49.257
AT5G39800.1	677	478	16.6975	11.4146
AT3G05100.1	2005	1806	75	13.5701
AT1G62530.2	1291	1092	0	0
AT1G62530.1	1065	866	0	0
AT3G51970.1	1244	1045	11	3.43965
AT3G61390.1	1803	1604	0	0
AT3G61390.2	1708	1509	0	0
AT3G61390.4	1675	1476	3	0.664161
AT3G61390.3	1894	1695	0	0
AT3G61390.5	1408	1209	0	0
AT1G61230.1	1518	1319	4	0.990954
AT1G74910.1	2172	1973	0	0
AT1G74910.3	1967	1768	204.036	37.7106
AT1G74910.2	2041	1842	179.932	31.9195
AT3G22104.3	2212	2013	11.9112	1.93353
AT3G22104.2	2043	1844	2.57866	0.456953
AT3G22104.4	1996	1797	7.93764	1.44338
AT3G22104.1	2220	2021	116.668	18.8635
AT4G13992.1	2038	1839	2	0.355375
AT3G11840.1	1371	1172	6	1.67287
AT1G13710.1	1931	1732	56	10.5652
AT4G18600.1	6574	6375	0	0
AT4G18600.4	6453	6254	0	0
AT4G18600.5	6476	6277	84.7219	4.41044
AT4G18600.3	6544	6345	0	0
AT4G18600.2	6594	6395	0	0
AT1G04690.1	1609	1410	296	68.5979
AT5G06500.1	762	563	0	0
AT1G03030.2	1525	1326	16.0807	3.96278
AT1G03030.1	1458	1259	27.9193	7.24631
AT1G68830.1	2120	1921	423	71.9534
AT3G29375.1	1133	934	0	0
AT3G29375.2	1237	1038	0	0
AT3G29375.3	1419	1220	55	14.7313
AT1G12520.2	1253	1054	14.123	4.37851
AT1G12520.3	1245	1046	0	0
AT1G12520.1	1248	1049	662.877	206.488
AT5G27070.1	864	665	0	0
AT1G53910.2	1465	1266	30.5193	7.87733
AT1G53910.3	1590	1391	222.379	52.2402
AT1G53910.1	1907	1708	40.3705	7.72351
AT4G37030.1	2354	2155	7	1.06142
AT5G37170.1	1148	949	0	0
AT5G37170.2	1643	1444	0	0
AT5G37170.3	1483	1284	0	0
AT3G23990.1	2275	2076	753	118.524
AT3G12090.1	1202	1003	42	13.6832
AT5G67460.2	1303	1104	9.54626	2.82555
AT5G67460.1	1757	1558	27.4537	5.75801
AT5G45275.1	2140	1941	25	4.20875
AT4G00870.1	1639	1440	0	0
AT1G23180.2	3099	2900	0	0
AT1G23180.1	3035	2836	172	19.818
AT1G15050.1	993	794	0	0
AT1G15050.2	642	443	2	1.47525
AT5G19800.1	657	458	10.1939	7.27296
AT1G18560.1	2676	2477	39	5.1449
AT1G76810.1	4658	4459	722.003	52.9103
AT5G51600.1	2735	2536	86	11.0812
AT5G65870.1	1102	903	17	6.15176
AT2G33340.3	2087	1888	155.21	26.8631
AT2G33340.1	2245	2046	334.038	53.3493
AT2G33340.2	2014	1815	34.7516	6.25657
AT2G02498.1	445	246	0	0
AT4G24340.1	1225	1026	4.09374	1.3038
AT4G36980.1	1944	1745	162.286	30.3895
AT4G36980.4	1984	1785	0	0
AT4G36980.2	2269	2070	79.7143	12.5836
AT4G36980.3	1978	1779	0	0
AT3G43630.1	603	404	0	0
AT5G38550.1	2146	1947	10.2762	1.72467
AT5G38550.2	2245	2046	7.09269	1.13277
AT5G65700.2	3469	3270	0	0
AT5G65700.1	3572	3373	639.032	61.9077
AT4G25850.2	1658	1459	11	2.46363
AT4G25850.3	1756	1557	0	0
AT4G25850.1	1675	1476	1.84386e-05	4.08207e-06
AT5G15100.1	1423	1224	0	0
AT3G14720.3	2475	2276	0	0
AT3G14720.2	2618	2419	0	0
AT3G14720.1	2389	2190	323	48.1944
AT3G06970.1	975	776	0	0
AT1G73880.1	1877	1678	37	7.20523
AT3G45160.1	755	556	91	53.4817
AT4G14990.1	3361	3162	107.89	11.1495
AT4G14990.2	2980	2781	51.1102	6.00545
AT5G44770.1	1685	1486	1	0.219897
AT2G30280.1	1474	1275	28	7.17606
AT5G37550.1	1125	926	17	5.99896
AT5G59660.1	2559	2360	9.87502	1.3673
AT5G59660.2	2681	2482	0	0
AT5G59660.3	2568	2369	0.124976	0.0172386
AT1G70120.1	582	383	0	0
AT4G22360.1	2077	1878	85	14.7898
AT1G30650.1	2011	1812	33	5.95106
AT3G01280.1	1492	1293	852.881	215.54
AT5G23110.1	14494	14295	342	7.81772
AT3G06300.1	1450	1251	101	26.3817
AT1G09180.1	737	538	1	0.607374
AT5G54095.1	767	568	0	0
AT5G54095.2	665	466	1	0.701217
AT1G16950.1	788	589	0	0
AT1G65740.1	1116	917	0	0
AT3G13782.1	1177	978	5.87199	1.96194
AT3G13782.2	1306	1107	4.6725	1.37924
AT5G63370.1	3452	3253	2.53281e-06	2.54423e-07
AT5G63370.3	3109	2910	67.8183	7.61539
AT5G63370.6	3348	3149	0.0592806	0.00615146
AT5G63370.9	2955	2756	0	0
AT5G63370.2	3116	2917	4.30009	0.481703
AT5G63370.10	2870	2671	101.565	12.4254
AT5G63370.5	3379	3180	0	0
AT5G63370.4	3314	3115	0.000909427	9.54e-05
AT5G63370.8	3261	3062	50.233	5.36071
AT5G63370.7	3210	3011	39.0233	4.23498
AT3G02200.1	1698	1499	71.9144	15.6766
AT3G02200.2	1639	1440	381.086	86.4766
AT5G66180.3	1413	1214	13.8386	3.72487
AT5G66180.1	1437	1238	22.1614	5.84945
AT5G66180.2	1497	1298	0	0
AT1G74630.2	2092	1893	2	0.345237
AT1G74630.1	1993	1794	0	0
AT1G67210.3	1762	1563	0	0
AT1G67210.2	1634	1435	9.75214e-08	2.22068e-08
AT1G67210.1	1679	1480	22	4.85735
AT5G32460.1	1606	1407	0	0
AT5G24380.1	2378	2179	35	5.24867
AT3G32090.1	549	350	0	0
AT3G46850.1	2231	2032	0	0
AT3G13680.1	1463	1264	0	0
AT4G25430.1	1683	1484	1	0.220193
AT4G30130.1	3227	3028	0	0
AT4G30130.3	3666	3467	0	0
AT4G30130.2	3736	3537	0	0
AT4G30130.4	2958	2759	14	1.65812
AT2G42455.1	339	140	0	0
AT5G04200.1	1301	1102	34	10.0817
AT3G53940.2	1708	1509	0	0
AT3G53940.1	1632	1433	28	6.38484
AT1G69690.1	2063	1864	92	16.128
AT5G02350.1	2184	1985	18.7684	3.08962
AT4G10820.1	822	623	0	0
AT5G46040.1	1761	1562	6	1.25519
AT5G17310.4	1741	1542	9.87268	2.09213
AT5G17310.1	1737	1538	0	0
AT5G17310.6	1624	1425	0	0
AT5G17310.3	1770	1571	0	0
AT5G17310.5	1705	1506	0	0
AT5G17310.2	2038	1839	219.127	38.9362
AT3G26040.1	1354	1155	1	0.282915
AT2G31150.1	2049	1850	52	9.18481
AT1G12100.1	437	238	3	4.11891
AT5G38970.4	1763	1564	5	1.04465
AT5G38970.2	2040	1841	0	0
AT5G38970.3	1794	1595	0	0
AT5G38970.1	1974	1775	0	0
AT5G05380.3	1028	829	0	0
AT5G05380.1	1056	857	0	0
AT5G05380.4	952	753	10	4.33954
AT5G05380.2	1024	825	0	0
AT3G44760.1	1057	858	0	0
AT4G05530.1	1354	1155	138	39.0423
AT1G06620.1	1491	1292	24	6.06998
AT1G06620.2	1578	1379	0	0
AT5G48960.1	2353	2154	107	16.2322
AT5G61420.1	1812	1613	83.1369	16.8422
AT5G61420.2	1899	1700	247.863	47.6432
AT1G47470.1	604	405	0	0
AT2G35950.1	988	789	3	1.24246
AT2G35950.2	1043	844	0	0
AT3G05070.1	913	714	88	40.2738
AT3G04100.1	624	425	0	0
AT4G12250.1	1929	1730	54	10.1997
AT1G14220.1	939	740	14	6.18208
AT3G12000.1	1597	1398	0	0
AT4G22950.1	1132	933	3	1.0507
AT4G22950.2	1229	1030	0	0
AT4G22950.3	691	492	0	0
AT1G12080.2	841	642	81.8486	41.6596
AT1G12080.1	590	391	20.1514	16.841
AT2G11205.1	246	47.5399	0	0
AT2G26350.4	2019	1820	0	0
AT2G26350.1	1566	1367	30.6267	7.321
AT2G26350.3	1932	1733	0	0
AT2G26350.2	2142	1943	3.37326	0.567304
AT2G26350.5	1764	1565	0	0
AT5G27395.2	1274	1075	52.202	15.8678
AT5G27395.1	1576	1377	22.798	5.41005
AT5G09230.6	1337	1138	30.5987	8.78615
AT5G09230.3	1414	1215	5.59142	1.50378
AT5G09230.1	1397	1198	0	0
AT5G09230.4	1558	1359	0	0
AT5G09230.5	1322	1123	0	0
AT5G09230.7	1448	1249	16.0128	4.18932
AT5G09230.2	1370	1171	6.7971	1.89673
AT4G11385.1	432	233	0	0
AT2G14620.2	1360	1161	0	0
AT2G14620.3	1263	1064	9	2.76401
AT2G14620.1	1286	1087	0	0
AT4G19660.1	2293	2094	61	9.519
AT4G19660.2	2355	2156	0	0
AT5G18890.1	1653	1454	0	0
AT4G09984.1	544	345	0	0
AT2G39830.4	2260	2061	0	0
AT2G39830.3	2259	2060	0	0
AT2G39830.1	2167	1968	30	4.98121
AT2G39830.2	2295	2096	0	0
AT5G53900.1	1823	1624	30.4245	6.12176
AT5G53900.3	1702	1503	0	0
AT5G53900.2	1667	1468	76.5755	17.0452
AT5G41630.1	1368	1169	0	0
AT2G20465.1	395	196	0	0
AT2G04060.1	1410	1211	0	0
AT3G57680.1	2144	1945	0	0
AT3G57680.2	2222	2023	0	0
AT3G57680.3	1178	979	10	3.33776
AT4G31170.8	1957	1758	10.8292	2.01287
AT4G31170.4	1772	1573	8.90753	1.85041
AT4G31170.10	1416	1217	0	0
AT4G31170.3	1859	1660	17.8211	3.50803
AT4G31170.9	1443	1244	0	0
AT4G31170.2	2001	1802	57.2122	10.3746
AT4G31170.1	1903	1704	100.23	19.2205
AT4G31170.5	2349	2150	0.00032056	4.87202e-05
AT4G31170.6	2305	2106	5.76477e-05	8.94462e-06
AT4G31170.7	2058	1859	0	0
AT1G12740.3	2000	1801	34	6.16884
AT1G12740.1	1978	1779	0	0
AT1G12740.2	1905	1706	0	0
AT1G12740.4	1923	1724	1.6729e-08	3.17082e-09
AT3G11330.1	2219	2020	126	20.3825
AT4G00310.1	1390	1191	11.3429	3.11207
AT4G00310.2	1285	1086	11.6571	3.50752
AT3G24640.1	473	274	0	0
AT5G18820.3	2318	2119	28.3298	4.36869
AT5G18820.1	2337	2138	0.00100402	0.000153452
AT5G18820.2	2353	2154	11.6692	1.77024
AT2G23987.1	454	255	0	0
AT5G04040.1	3300	3101	30.0523	3.16676
AT5G04040.2	3064	2865	38.9477	4.44217
AT4G27920.1	691	492	0	0
AT4G27980.1	1935	1736	0	0
AT4G27980.3	2158	1959	0	0
AT4G27980.2	2161	1962	0	0
AT3G14150.6	1610	1411	2.08687e-07	4.8329e-08
AT3G14150.3	1622	1423	15.9489	3.66239
AT3G14150.5	1687	1488	0	0
AT3G14150.7	1023	824	6.05781	2.4023
AT3G14150.1	1537	1338	0.0410055	0.0100144
AT3G14150.2	1409	1210	44.672	12.0639
AT3G14150.4	1848	1649	0	0
AT5G45750.1	1215	1016	105	33.7702
AT2G04270.9	2461	2262	0.000542939	7.84326e-05
AT2G04270.6	3193	2994	0	0
AT2G04270.5	3392	3193	0	0
AT2G04270.1	3368	3169	98.5731	10.1642
AT2G04270.2	3213	3014	5.96234e-06	6.46416e-07
AT2G04270.8	3372	3173	0	0
AT2G04270.4	3799	3600	18.048	1.63819
AT2G04270.7	3375	3176	0	0
AT2G04270.3	2297	2098	7.86147	1.22444
AT3G42560.1	297	98.0001	0	0
AT4G04695.1	1866	1667	37.5877	7.36798
AT1G32150.1	1755	1556	58	12.1803
AT1G53520.1	1096	897	89	32.4217
AT4G36670.1	1911	1712	34	6.48953
AT5G64750.1	1638	1439	10	2.27079
AT3G61490.1	2127	1928	14.5826	2.47153
AT3G61490.3	1736	1537	50.8573	10.8123
AT3G61490.4	2201	2002	0	0
AT3G61490.5	1863	1664	0.560118	0.109993
AT3G61490.2	2442	2243	0	0
AT2G22055.1	650	451	0	0
AT1G23710.1	1335	1136	43	12.3688
AT1G44191.1	1135	936	0	0
AT2G03160.1	603	404	0	0
AT3G15430.1	2120	1921	66.6857	11.3434
AT3G15430.5	2211	2012	0	0
AT3G15430.3	2273	2074	25.4064	4.00288
AT3G15430.2	2345	2146	27.3648	4.16678
AT3G15430.4	2317	2118	10.7513	1.65872
AT3G15430.6	2008	1809	44.7919	8.09094
AT5G05570.2	3786	3587	4.48283	0.408375
AT5G05570.1	3776	3577	110.517	10.096
AT1G74850.1	3425	3226	202	20.4609
AT2G29430.1	474	275	0	0
AT3G53520.3	1531	1332	2.50759e-06	6.15165e-07
AT3G53520.1	1912	1713	132.515	25.2781
AT3G53520.4	1884	1685	10.7903	2.09254
AT3G53520.2	1527	1328	61.6951	15.1807
AT1G31440.1	1969	1770	196	36.1844
AT2G31400.2	3342	3143	0	0
AT2G31400.1	3308	3109	1419	149.142
AT1G51950.1	1781	1582	111	22.9274
AT1G22160.1	813	614	32	17.0302
AT2G33300.1	1176	977	0	0
AT3G25260.1	1940	1741	0	0
AT5G51740.3	1573	1374	0	0
AT5G51740.2	1832	1633	27.0663	5.41603
AT5G51740.1	1651	1452	9.9337	2.23554
AT3G53180.1	3079	2880	294	33.3575
AT5G40190.1	1002	803	41	16.6842
AT5G36210.1	3078	2879	238	27.0131
AT4G02770.1	1134	935	4319	1509.42
AT5G25980.1	1860	1661	159.846	31.4464
AT5G25980.2	1966	1767	618.964	114.464
AT5G25980.3	1857	1658	50.2603	9.90556
AT1G21323.1	387	188	0	0
AT5G47310.1	1269	1070	128	39.0899
AT5G66660.1	1472	1273	0	0
AT3G10974.1	383	184	0	0
AT5G63200.2	2136	1937	0	0
AT5G63200.1	2230	2031	72	11.5841
AT1G16540.2	2912	2713	37.9754	4.57395
AT1G16540.1	2842	2643	2.01013	0.248522
AT1G16540.3	2872	2673	16.0144	1.95772
AT1G13930.2	738	539	471.68	285.955
AT1G13930.1	913	714	118.32	54.15
AT1G13930.3	819	620	0	0
AT1G22500.1	1425	1226	32	8.529
AT5G04600.1	2293	2094	256	39.9486
AT3G43230.1	1892	1693	126	24.3193
AT5G03380.2	1555	1356	167.962	40.4753
AT5G03380.1	1792	1593	168.038	34.4691
AT5G14580.1	3459	3260	86	8.62024
AT4G33000.6	1238	1039	27.5156	8.65368
AT4G33000.3	1220	1021	0	0
AT4G33000.2	1110	911	17.7345	6.3612
AT4G33000.5	1094	895	8.63003	3.15085
AT4G33000.4	1210	1011	13.1199	4.24051
AT4G33000.1	1001	802	0	0
AT2G03600.4	1269	1070	0	0
AT2G03600.5	1245	1046	0	0
AT2G03600.3	1158	959	0	0
AT2G03600.1	1209	1010	0	0
AT2G03600.2	1342	1143	0	0
AT2G03600.6	1341	1142	0	0
AT3G11690.1	1794	1595	54	11.063
AT4G30320.1	740	541	5	3.02003
AT3G11780.2	823	624	62.7606	32.8655
AT3G11780.1	1036	837	98.2394	38.3529
AT1G71880.1	2210	2011	554	90.0194
AT1G49010.1	1353	1154	76	21.5202
AT3G03990.1	1659	1460	169	37.8244
AT3G18320.1	1363	1164	5.62501	1.5791
AT2G25810.1	1174	975	74	24.8008
AT5G41440.1	375	176	0	0
AT1G08910.1	2909	2710	128	15.434
AT3G20155.1	882	683	0	0
AT1G54120.1	626	427	13	9.94841
AT3G05365.4	844	645	0	0
AT3G05365.1	858	659	0	0
AT3G05365.3	580	381	0	0
AT3G05365.2	777	578	2.44775	1.38381
AT3G05490.1	1933	1734	133	25.0635
AT2G31350.1	1651	1452	22.4459	5.05136
AT2G31350.2	1321	1122	83.6492	24.3617
AT2G31350.3	1742	1543	22.905	4.85067
AT1G77360.2	1576	1377	2	0.474607
AT1G77360.1	1672	1473	0	0
AT4G27190.1	3067	2868	0	0
AT3G14490.1	1824	1625	3	0.603262
AT3G48880.3	2107	1908	3.05769	0.523665
AT3G48880.1	1483	1284	4.9978	1.2719
AT3G48880.2	1325	1126	46.9445	13.6234
AT3G54690.1	1477	1278	149	38.0973
AT2G23530.1	1993	1794	13	2.36788
AT5G42340.1	2341	2142	0	0
AT2G46300.1	1380	1181	0	0
AT3G61690.1	5008	4809	222.428	15.1138
AT3G61690.3	4889	4690	0.0664246	0.00462801
AT3G61690.2	5200	5001	77.5051	5.06421
AT3G44665.1	344	145	0	0
AT5G07150.2	2117	1918	27	4.59995
AT5G07150.1	1938	1739	0	0
AT2G24610.1	2627	2428	36	4.84498
AT2G24610.2	2837	2638	0	0
AT1G51120.1	1059	860	0	0
AT1G27250.1	414	215	0	0
AT4G36810.1	1798	1599	286	58.4462
AT5G64250.1	1370	1171	17.2038	4.80071
AT5G64250.2	1581	1382	104.796	24.7785
AT1G21320.3	2493	2294	1.61891	0.230605
AT1G21320.2	1170	971	0	0
AT1G21320.4	1992	1793	0	0
AT1G21320.5	1076	877	0.381087	0.141992
AT1G21320.1	1907	1708	0	0
AT5G46840.2	1656	1457	2.95143	0.661929
AT5G46840.1	1771	1572	163.049	33.8924
AT5G48480.1	1958	1759	182.813	33.9609
AT3G01670.2	2776	2577	73.6295	9.33632
AT3G01670.1	2741	2542	200.37	25.7571
AT3G15900.1	738	539	40	24.2499
AT4G04880.2	1473	1274	0	0
AT4G04880.1	1439	1240	55	14.4937
AT4G04880.3	1466	1267	0	0
AT2G22940.1	306	107	0	0
AT2G33800.1	1309	1110	1306	384.467
AT1G78810.3	1873	1674	0	0
AT1G78810.2	1783	1584	24	4.95102
AT1G78810.1	1818	1619	0	0
AT5G05930.2	1688	1489	0	0
AT5G05930.7	1180	981	0	0
AT5G05930.4	1624	1425	8.31935	1.90771
AT5G05930.1	1621	1422	16.2475	3.73357
AT5G05930.3	1866	1667	17.8816	3.50518
AT5G05930.5	1805	1606	0	0
AT5G05930.6	1024	825	9.55152	3.78318
AT4G25845.1	734	535	0	0
AT4G38350.2	4157	3958	0	0
AT4G38350.1	4166	3967	322	26.5236
AT5G48580.1	1341	1142	213.399	61.0612
AT2G42720.1	1841	1642	4	0.796022
AT3G56840.1	1567	1368	67	16.0039
AT2G24620.1	884	685	0	0
AT3G22270.1	3639	3440	200	18.9981
AT1G06530.1	1421	1222	185.133	49.5052
AT1G14860.1	1329	1130	23	6.65101
AT5G66190.2	1504	1305	0	0
AT5G66190.1	1509	1310	2732	681.472
AT1G66340.1	2774	2575	144	18.2736
AT3G46490.2	1457	1258	9.04932	2.35057
AT3G46490.1	1478	1279	55.9507	14.2946
AT1G52520.1	2587	2388	54	7.38921
AT3G19552.1	347	148	0	0
AT5G42800.1	1520	1321	35	8.65772
AT4G04650.1	999	800	0	0
AT1G22470.1	828	629	1	0.519503
AT3G13090.1	4693	4494	27.4708	1.99745
AT5G15030.1	588	389	0	0
AT2G25900.1	1834	1635	0	0
AT2G25900.2	1677	1478	99	21.8876
AT1G02690.1	2171	1972	68.2944	11.3166
AT1G02690.2	1940	1741	48.7056	9.14153
AT1G32490.1	3708	3509	177.064	16.4887
AT1G32490.2	3629	3430	27.9358	2.66137
AT3G53710.2	1972	1773	47.1772	8.69484
AT3G53710.3	1698	1499	5.18373	1.13
AT3G53710.1	1958	1759	180.639	33.5571
AT5G53750.1	1750	1551	40	8.42726
AT3G22010.1	792	593	0	0
AT3G05150.2	1630	1431	12	2.74019
AT3G05150.3	1672	1473	0	0
AT3G05150.1	1899	1700	0	0
AT5G07230.1	543	344	0	0
AT1G51070.1	1138	939	306.139	106.535
AT1G51070.2	1187	988	7.86118	2.59997
AT2G34020.1	2248	2049	40	6.37906
AT2G34020.2	2347	2148	0	0
AT5G02970.1	2290	2091	88	13.752
AT1G51630.1	1828	1629	187	37.511
AT3G09910.2	887	688	0	0
AT3G09910.4	1224	1025	0	0
AT3G09910.1	1252	1053	0	0
AT3G09910.5	963	764	0	0
AT3G09910.3	839	640	5	2.55287
AT3G06720.2	2335	2136	365	55.838
AT3G06720.1	2330	2131	0	0
AT1G52640.1	1744	1545	2	0.423
AT3G48205.2	416	217	0	0
AT3G48205.1	341	142	0	0
AT1G14453.1	479	280	0	0
AT1G05783.1	550	351	0	0
AT4G33070.1	2213	2014	127	20.6055
AT5G56410.1	1512	1313	0	0
AT5G03590.3	789	590	0	0
AT5G03590.1	839	640	0	0
AT5G03590.2	1216	1017	0	0
AT3G22860.1	2418	2219	0	0
AT3G19940.1	1545	1346	0	0
AT4G31540.1	3080	2881	0	0
AT5G43695.1	352	153	0	0
AT3G16330.1	1114	915	17	6.07108
AT1G04895.1	246	47.5399	0	0
AT5G27840.4	1834	1635	8.46821	1.69244
AT5G27840.1	1689	1490	92.9798	20.3911
AT5G27840.3	1861	1662	7.55197	1.4848
AT5G27840.2	1648	1449	0	0
AT4G33990.1	2927	2728	19	2.27587
AT4G33990.2	3206	3007	0	0
AT1G49390.1	1337	1138	5.05409	1.45124
AT1G49390.2	1410	1211	0	0
AT4G08330.2	898	699	9.26039	4.32903
AT4G08330.1	938	739	7.73961	3.42226
AT1G11720.1	3609	3410	0.00703341	0.000673985
AT1G11720.2	3720	3521	332.993	30.9035
AT4G03965.1	1053	854	6	2.29579
AT5G63440.1	1113	914	12.2034	4.36288
AT5G63440.3	974	775	8.7302	3.68096
AT5G63440.2	1068	869	29.0664	10.9297
AT1G11850.2	868	669	53.2995	26.0336
AT1G11850.4	591	392	0	0
AT1G11850.1	582	383	1.79476e-08	1.53125e-08
AT1G11850.3	504	305	62.7005	67.1753
AT3G29075.1	1450	1251	76	19.8516
AT5G40460.1	1217	1018	8	2.56791
AT1G72970.2	2068	1869	7.61878e-06	1.33203e-06
AT1G72970.1	2167	1968	642	106.598
AT3G18580.1	1040	841	30	11.6564
AT3G28291.1	180	11.1077	0	0
AT4G30310.1	1818	1619	0	0
AT4G30310.3	1584	1385	50.1147	11.8237
AT4G30310.4	2244	2045	80.2116	12.8169
AT4G30310.2	2043	1844	113.674	20.1436
AT1G57775.1	533	334	0	0
AT4G23890.1	1051	852	232	88.9788
AT1G10330.1	1552	1353	5	1.20757
AT5G05800.4	1957	1758	2.00593e-07	3.72852e-08
AT5G05800.2	1926	1727	0.453601	0.0858263
AT5G05800.3	2084	1885	46.8367	8.1192
AT5G05800.5	1764	1565	18.9545	3.95765
AT5G05800.1	1729	1530	30.7551	6.56848
AT5G09990.1	416	217	4	6.02336
AT5G50570.2	2308	2109	7.21065	1.11721
AT5G50570.1	1938	1739	7.80083	1.46582
AT1G65440.3	4907	4708	0.0275665	0.0019133
AT1G65440.2	5310	5111	374.374	23.9352
AT1G65440.1	5503	5304	237.674	14.6426
AT1G65440.4	5491	5292	8.92453	0.551066
AT1G70110.1	2021	1822	3	0.538036
AT5G26617.1	429	230	0	0
AT1G47570.3	2017	1818	1.35521e-05	2.43585e-06
AT1G47570.1	3014	2815	45.3172	5.26046
AT1G47570.2	1958	1759	33.6828	6.2572
AT5G36001.1	1581	1382	0	0
AT5G36001.2	1438	1239	8	2.10988
AT1G16640.1	837	638	3	1.53652
AT4G30900.3	1504	1305	15.8976	3.98071
AT4G30900.2	1706	1507	20.0933	4.35689
AT4G30900.1	1631	1432	26.009	5.93498
AT2G15325.1	601	402	0	0
AT3G17840.1	2435	2236	262	38.2885
AT1G22870.4	3114	2915	0	0
AT1G22870.1	3308	3109	3.35591e-05	3.52718e-06
AT1G22870.2	3269	3070	66	7.02496
AT1G22870.3	3311	3112	1.10905e-05	1.16453e-06
AT3G23820.1	2599	2400	1295	176.318
AT2G25290.1	2857	2658	1.67132e-05	2.05467e-06
AT2G25290.4	2941	2742	48.9244	5.83038
AT2G25290.3	2723	2524	0.0755523	0.0097813
AT2G25290.2	2876	2677	0	0
AT2G46920.4	3415	3216	41.2579	4.19207
AT2G46920.2	3683	3484	0	0
AT2G46920.1	3583	3384	0	0
AT2G46920.3	3474	3275	71.7421	7.15816
AT1G15940.1	3641	3442	162	15.3795
AT1G60380.1	957	758	0	0
AT3G53790.1	1203	1004	0	0
AT5G17130.1	568	369	0	0
AT1G76360.1	1897	1698	90	17.3198
AT2G21770.1	3962	3763	4	0.347347
AT1G22590.2	2215	2016	8.19225	1.32786
AT1G22590.1	837	638	51.8078	26.5346
AT3G06435.1	1749	1550	10.7952	2.27581
AT3G06435.2	1589	1390	2.92915	0.688598
AT1G35660.1	4748	4549	64	4.5973
AT5G51560.1	2500	2301	94	13.349
AT4G19710.2	3201	3002	472	51.3771
AT4G19710.1	3144	2945	2.81647e-07	3.12506e-08
AT4G36740.2	804	605	0	0
AT4G36740.1	974	775	7	2.95144
AT1G23410.1	885	686	46.795	22.2902
AT4G22212.1	790	591	57	31.5156
AT1G28000.1	1183	984	0	0
AT3G23180.2	1002	803	0.0548658	0.0223267
AT3G23180.1	998	799	16.9451	6.93005
AT5G36540.1	357	158	0	0
AT5G54320.1	1110	911	0	0
AT1G13250.1	1738	1539	79	16.7736
AT2G16019.1	111	4.6639	0	0
AT2G15460.1	1209	1010	0	0
AT1G63540.1	1997	1798	0	0
AT5G53180.5	1640	1441	0	0
AT5G53180.1	1687	1488	130.196	28.5911
AT5G53180.2	1747	1548	0	0
AT5G53180.6	1524	1325	19.1643	4.72623
AT5G53180.4	1741	1542	0	0
AT5G53180.3	1897	1698	6.64018	1.27785
AT5G58740.1	838	639	91	46.5349
AT5G31412.1	1302	1103	0	0
AT1G06140.1	2226	2027	8	1.28966
ATMG00940.1	495	296	0	0
AT5G09460.1	2546	2347	390	54.2988
AT4G26120.2	2329	2130	0	0
AT4G26120.1	1866	1667	11	2.15623
AT5G66290.1	1007	808	37	14.9633
AT5G66290.2	1033	834	0	0
AT5G66290.3	578	379	0	0
AT1G34930.1	279	80.003	0	0
AT5G36550.1	357	158	0	0
AT4G38870.1	1563	1364	0	0
AT3G05670.2	3173	2974	0	0
AT3G05670.1	3153	2954	127	14.0486
AT3G05670.3	3172	2973	0	0
AT4G23210.4	2621	2422	0	0
AT4G23210.2	2548	2349	0	0
AT4G23210.5	2444	2245	0	0
AT4G23210.3	2461	2262	21.4819	3.10326
AT4G23210.1	2534	2335	0	0
AT4G00860.1	700	501	326	212.627
AT4G08555.1	590	391	17	14.2073
AT5G38170.1	444	245	0	0
AT4G21120.1	2342	2143	10	1.52481
AT4G21120.2	3533	3334	0	0
AT2G15320.1	1761	1562	82	17.1542
AT1G60970.1	880	681	0	0
AT4G29850.1	646	447	0	0
AT2G24720.1	3217	3018	11	1.191
AT1G10630.2	1303	1104	0	0
AT1G10630.1	1194	995	294.161	96.6053
AT1G03950.1	1023	824	35	13.8797
AT3G29780.1	603	404	3	2.42649
AT3G16320.4	1754	1555	0	0
AT3G16320.1	2677	2478	13.4363	1.77181
AT3G16320.3	2587	2388	8.5637	1.17183
AT3G16320.2	2644	2445	0	0
AT4G27120.1	1284	1085	15.527	4.67624
AT4G27120.2	1314	1115	41.1973	12.0735
AT4G27120.3	1578	1379	4.27562	1.01315
AT4G14900.1	3186	2987	407.753	44.6067
AT4G20520.1	1273	1074	0	0
AT2G47350.1	2536	2337	19.6387	2.74594
AT2G47350.2	2179	1980	29.3613	4.84562
AT4G31400.1	1315	1116	18	5.27044
AT4G31400.2	1145	946	0	0
AT3G01322.1	345	146	0	0
AT3G12835.1	105	4.43819	0	0
AT1G56420.1	1030	831	18	7.07799
AT1G21340.1	878	679	4	1.92499
AT2G44260.2	2030	1831	55	9.81551
AT2G44260.1	1799	1600	0	0
AT2G27110.1	3122	2923	18.8177	2.10367
AT2G27110.2	3269	3070	62.6524	6.66865
AT2G27110.3	2824	2625	22.5298	2.80457
AT2G38920.6	1478	1279	4	1.02195
AT2G38920.1	1523	1324	0	0
AT2G38920.3	1495	1296	1.04449e-06	2.63352e-07
AT2G38920.5	1490	1291	0	0
AT2G38920.4	1603	1404	0	0
AT2G38920.2	1505	1306	0	0
AT5G54620.1	1394	1195	0	0
AT2G45970.1	2645	2446	287	38.341
AT5G64110.1	1434	1235	168	44.4509
AT1G34825.1	484	285	0	0
ATCG00830.1	825	626	50.5	26.3606
AT5G52530.3	3806	3607	87.388	7.9167
AT5G52530.2	3311	3112	16.3712	1.71902
AT5G52530.1	3254	3055	274.241	29.3332
AT2G04570.1	1455	1256	114	29.6588
AT3G16520.3	2472	2273	144.621	20.7907
AT3G16520.1	1639	1440	280.379	63.6241
AT3G16520.2	1820	1621	0	0
AT2G30250.1	1776	1577	67	13.8829
AT1G72230.1	1062	863	47	17.7961
AT2G38400.1	2047	1848	68.2864	12.0745
AT2G38400.2	1614	1415	18.7136	4.32155
AT3G22085.1	876	677	0	0
AT5G19410.1	2005	1806	0	0
AT5G19410.2	1956	1757	11	2.04578
AT4G08260.1	808	609	0	0
AT2G30630.3	2009	1810	0	0
AT2G30630.1	1920	1721	1	0.18987
AT2G30630.2	1983	1784	0	0
AT1G70944.1	117	4.91545	0	0
AT2G25185.1	426	227	0	0
AT5G14260.1	2305	2106	67.269	10.4375
AT5G14260.3	2185	1986	29.2736	4.81654
AT5G14260.2	2109	1910	374.457	64.063
AT5G14260.4	1588	1389	0	0
AT2G15327.1	752	553	0	0
AT2G16490.1	865	666	0	0
AT4G14815.1	742	543	0	0
AT1G63480.1	1949	1750	28.393	5.30166
AT1G63480.6	1637	1438	0	0
AT1G63480.3	1770	1571	0.0104345	0.00217038
AT1G63480.4	1765	1566	0.405318	0.084575
AT1G63480.7	1580	1381	18.227	4.3128
AT1G63480.2	1849	1650	0	0
AT1G63480.5	1665	1466	0	0
AT3G30340.2	1049	850	0	0
AT3G30340.1	1317	1118	4	1.16911
AT3G12980.1	5701	5502	89.0523	5.28887
AT3G12980.2	5683	5484	51.9477	3.09533
AT1G14640.1	2346	2147	0	0
AT1G14640.2	2212	2013	11.2248	1.82211
AT5G63680.2	2109	1910	0	0
AT5G63680.1	1899	1700	174.215	33.487
AT5G63680.3	2060	1861	7.78452	1.36686
AT3G16870.1	1012	813	61	24.5176
AT5G03960.1	1645	1446	0	0
AT5G03960.2	1648	1449	9.53289	2.14978
AT5G03960.3	1496	1297	5.12159	1.29034
AT2G41260.1	946	747	0	0
AT2G41260.2	1138	939	0	0
AT5G04510.3	2281	2082	20.492	3.21619
AT5G04510.2	2210	2011	0	0
AT5G04510.1	2093	1894	113.508	19.5833
AT4G33110.2	1237	1038	14.1891	4.46679
AT4G33110.1	1324	1125	155.169	45.0702
AT4G11980.1	1155	956	46	15.7231
AT2G20290.4	5012	4813	71.5569	4.85818
AT2G20290.2	5063	4864	0	0
AT2G20290.1	4742	4543	8.32289	0.598645
AT2G20290.3	5018	4819	17.1202	1.16089
AT3G24140.1	1847	1648	49.6717	9.84895
AT3G24140.2	2299	2100	4.32831	0.6735
AT5G48720.3	1362	1163	0	0
AT5G48720.4	1358	1159	45	12.6872
AT5G48720.2	1523	1324	0	0
AT5G48720.1	1402	1203	0	0
AT4G38070.1	1190	991	0	0
AT5G43440.2	1370	1171	11.71	3.26767
AT5G43440.1	1270	1071	7.29	2.22421
AT3G21230.2	2142	1943	0	0
AT3G21230.3	2123	1924	0	0
AT3G21230.4	2053	1854	0	0
AT3G21230.1	2063	1864	76	13.3231
AT1G48780.1	1297	1098	6.81174	2.02719
AT1G48780.2	1012	813	8.18826	3.29109
AT3G44610.1	1751	1552	28	5.89528
AT1G35895.1	782	583	0	0
AT5G51810.2	1560	1361	0	0
AT5G51810.1	1482	1283	0	0
AT5G44750.2	3842	3643	145.171	13.0214
AT5G44750.1	3830	3631	0.829216	0.0746242
AT1G70290.2	2905	2706	32.8108	3.96212
AT1G70290.1	3349	3150	14.1892	1.47192
AT2G37460.1	1632	1433	115	26.2235
AT3G25430.2	1894	1695	35	6.7474
AT3G25430.1	2092	1893	0	0
AT3G43490.1	783	584	0	0
AT4G00750.1	2236	2037	68	10.9083
AT2G15360.1	394	195	0	0
AT5G42490.2	3713	3514	0	0
AT5G42490.1	3382	3183	2	0.20532
AT5G54067.1	545	346	0	0
AT2G25700.1	734	535	0	0
AT1G52810.1	870	671	0	0
AT1G69390.1	1077	878	112	41.6833
AT1G21280.1	994	795	0	0
AT4G39860.1	1520	1321	21.2358	5.25296
AT4G39860.2	1255	1056	91.7642	28.3954
AT4G39860.4	1533	1334	0	0
AT4G39860.3	1339	1140	1.01376e-05	2.90583e-06
AT2G01818.1	1101	902	7.9823	2.89174
AT2G01818.2	762	563	3.0177	1.75148
AT1G22600.1	1355	1156	2	0.565341
AT2G26460.1	2032	1833	75	13.3702
AT1G58410.2	3154	2955	15.9997	1.76926
AT1G58410.4	2801	2602	0.000343881	4.31857e-05
AT1G58410.3	2907	2708	0	0
AT1G58410.1	3003	2804	1.10922e-06	1.29264e-07
AT1G54500.1	926	727	297	133.494
AT5G48470.1	1495	1296	32	8.06832
AT3G22670.1	1899	1700	0	0
AT1G34550.2	2804	2605	102.157	12.8144
AT1G34550.1	2600	2401	108.843	14.8131
AT5G53480.1	4028	3829	637	54.3616
AT4G23650.1	2035	1836	654	116.397
AT1G30600.1	3069	2870	137	15.5983
AT2G28540.2	3447	3248	213	21.429
AT2G28540.1	3252	3053	0	0
AT5G19460.1	1938	1739	85	15.9719
AT3G08505.3	1536	1337	0	0
AT3G08505.2	1494	1295	17.3826	4.38614
AT3G08505.1	1345	1146	48.6174	13.8626
AT3G61040.2	1311	1112	0	0
AT3G61040.1	1598	1399	0	0
AT2G29130.1	2188	1989	6	0.985723
AT3G55220.1	4312	4113	210.203	16.7001
AT1G70170.1	1483	1284	26	6.61678
AT1G72930.2	915	716	19.3048	8.81029
AT1G72930.1	1084	885	130.564	48.208
AT1G49970.1	1722	1523	667.894	143.3
AT5G38680.1	1074	875	0	0
AT5G08690.1	2203	2004	2197.76	358.361
AT1G68080.1	1702	1503	0	0
AT1G68080.3	1439	1240	17.6869	4.66089
AT1G68080.2	1310	1111	0.462092	0.13591
AT1G68080.4	1863	1664	14.851	2.91635
AT1G68080.5	1803	1604	0	0
AT2G42150.1	2169	1970	17	2.81982
AT3G03370.2	1043	844	6.12252	2.37042
AT3G03370.1	1033	834	3.08086	1.2071
AT1G07747.1	288	89.0004	0	0
AT5G59420.1	1789	1590	193	39.6642
AT5G64670.1	1327	1128	144	41.715
AT3G60320.1	2879	2680	422	51.4536
AT3G20540.1	3552	3353	117.306	11.4321
AT3G20540.2	3438	3239	10.6941	1.07887
AT1G59406.1	1287	1088	0	0
AT1G49640.1	1269	1070	0	0
AT1G62935.1	651	452	2	1.44587
AT5G02740.2	1519	1320	0	0
AT5G02740.1	1361	1162	127	35.7138
AT5G52320.2	1739	1540	20.3333	4.31446
AT5G52320.1	1799	1600	26.6667	5.44612
AT5G10680.1	1095	896	0	0
AT5G10680.2	950	751	1	0.435109
AT5G02760.1	1543	1344	98	23.8268
AT3G60540.1	624	425	0	0
AT3G60540.3	571	372	4	3.51362
AT3G60540.2	954	755	0	0
AT1G61990.1	1964	1765	87	16.1069
AT1G61990.2	1875	1676	0	0
AT4G39460.3	1451	1252	104	27.1436
AT4G39460.1	1451	1252	104	27.1436
AT4G39460.2	1441	1242	0	0
AT4G35220.1	1396	1197	77	21.0201
AT5G56790.1	3027	2828	76	8.78158
AT2G12405.1	351	152	0	0
AT3G06230.1	882	683	0	0
AT3G01590.2	1557	1358	3.13791	0.755055
AT3G01590.1	1598	1399	99.8621	23.325
AT4G15300.1	1623	1424	0	0
AT4G15300.3	1398	1199	2.33333	0.63591
AT4G15300.2	1725	1526	4.66667	0.999288
AT5G38640.1	2320	2121	109.198	16.8234
AT2G46870.1	1628	1429	54	12.3481
AT1G50745.1	1568	1369	3	0.716071
AT3G15354.2	3513	3314	105.959	10.4478
AT3G15354.5	2093	1894	179.473	30.964
AT3G15354.4	3321	3122	0.0013966	0.000146177
AT3G15354.1	3303	3104	50.537	5.32018
AT3G15354.3	3395	3196	155.03	15.8506
AT2G06095.1	696	497	0	0
AT4G17760.1	1080	881	10	3.70905
AT4G17760.2	1189	990	0	0
AT5G62710.1	2429	2230	49.1189	7.19751
AT5G62710.2	2202	2003	30.8811	5.0379
AT2G26500.3	547	348	402.938	378.353
AT2G26500.1	897	698	210.266	98.4355
AT2G26500.2	557	358	561.796	512.783
AT5G10745.2	856	657	5.11615	2.54458
AT5G10745.3	778	579	12.111	6.83502
AT5G10745.1	1939	1740	41.7729	7.84482
AT5G01330.1	2166	1967	14	2.32574
AT5G51730.1	1362	1163	42	11.8007
AT1G32210.1	957	758	121.253	52.271
AT1G32210.2	1329	1130	2.33218	0.674407
AT2G28910.3	1846	1647	0	0
AT2G28910.1	1687	1488	606.37	133.16
AT2G28910.2	1871	1672	29.63	5.79074
AT4G26940.1	2243	2044	260.644	41.6683
AT4G26940.2	1945	1746	58.3557	10.9214
AT2G38160.6	1339	1140	0.0218808	0.00627187
AT2G38160.1	1369	1170	0	0
AT2G38160.4	1408	1209	0	0
AT2G38160.2	1384	1185	23.9774	6.61185
AT2G38160.5	1142	943	0.000678767	0.000235206
AT2G38160.3	1402	1203	7.30346e-07	1.98382e-07
AT1G09370.1	663	464	0	0
AT2G03913.1	303	104	0	0
AT1G23400.1	3046	2847	121.205	13.9114
AT4G17070.1	1434	1235	58	15.3461
AT4G07835.1	261	62.0706	0	0
AT1G76990.1	2866	2667	99.5803	12.2008
AT1G76990.3	3073	2874	115.102	13.0868
AT1G76990.2	2977	2778	0	0
AT1G76990.5	2570	2371	9.71304	1.33863
AT1G76990.4	1918	1719	602.605	114.55
AT3G03880.1	1178	979	31	10.3471
AT5G54060.1	1651	1452	6	1.35028
AT1G15700.1	1250	1051	22	6.84003
AT5G62050.1	2022	1823	104	18.6417
AT1G31812.1	779	580	787	443.389
AT1G19360.2	1830	1631	0	0
AT1G19360.1	1915	1716	190.402	36.2571
AT1G55546.1	396	197	0	0
AT4G32870.1	698	499	43	28.1583
AT1G34370.1	1919	1720	1.12779e-05	2.14258e-06
AT1G34370.2	1816	1617	179.338	36.2411
AT1G34370.3	1585	1386	103.662	24.4395
AT4G34650.2	1102	903	13.4645	4.87237
AT4G34650.1	1656	1457	37.5355	8.41824
AT4G01270.1	1718	1519	8	1.72096
AT5G37560.1	1335	1136	0	0
AT5G22330.1	1816	1617	131	26.4728
AT3G04480.1	2706	2507	151	19.6816
AT3G15353.2	648	449	152.847	111.237
AT3G15353.1	580	381	1148.15	984.721
AT4G36230.1	1020	821	7	2.78608
AT1G18485.1	3222	3023	68	7.35037
AT5G05020.1	865	666	0	0
AT5G26960.1	1708	1509	34	7.36255
AT5G60910.2	814	615	1.69979	0.903146
AT5G60910.1	1287	1088	2.30021	0.69084
AT4G31980.1	2306	2107	36.064	5.59303
AT4G13630.1	2444	2245	28.028	4.07956
AT4G13630.2	2400	2201	60.972	9.05209
AT4G25300.1	1350	1151	33	9.36865
AT4G25300.2	1376	1177	0	0
AT1G17200.2	599	400	4.6947	3.83519
AT1G17200.1	920	721	112.305	50.8983
AT2G20020.1	2402	2203	136	20.1726
AT3G28635.1	492	293	1	1.11525
AT2G05645.1	615	416	0	0
AT4G31750.3	1749	1550	86.509	18.2376
AT4G31750.2	1575	1376	0	0
AT4G31750.1	2193	1994	4.49099	0.735962
AT3G56650.1	1356	1157	145	40.9518
AT3G44710.1	1734	1535	1	0.212878
AT4G24974.1	514	315	0	0
AT2G40790.1	856	657	0	0
AT2G40790.2	704	505	0	0
ATMG01270.1	447	248	0	0
AT2G02023.1	364	165	0	0
AT5G66380.1	1577	1378	36	8.53673
AT4G09800.1	802	603	733.576	397.526
AT5G26970.1	583	384	0	0
AT4G18960.2	1614	1415	0	0
AT4G18960.4	1744	1545	0	0
AT4G18960.1	1532	1333	0	0
AT4G18960.3	1938	1739	0	0
AT4G04190.1	1040	841	6	2.33128
AT4G04190.2	750	551	0	0
AT4G04190.3	890	691	0	0
AT4G27890.1	934	735	0	0
AT2G45510.1	1826	1627	52	10.4437
AT1G20450.2	1511	1312	91.0291	22.6717
AT1G20450.1	1614	1415	315.971	72.9674
AT1G04220.1	2044	1845	128.704	22.7947
ATCG00500.1	1467	1268	4	1.03081
AT5G67411.1	1572	1373	5	1.18997
AT2G07787.1	1309	1110	0	0
AT2G20800.1	2076	1877	1	0.17409
AT1G23590.2	1226	1027	0	0
AT1G23590.1	1093	894	0	0
AT5G16250.1	900	701	179	83.4398
AT5G51845.1	495	296	0	0
AT4G15410.1	1617	1418	131	30.1879
AT2G20150.1	1284	1085	1	0.301168
AT1G49840.1	2288	2089	57	8.9161
AT2G06530.2	1290	1091	0	0
AT2G06530.1	1141	942	126	43.7077
AT3G22170.1	2973	2774	133.856	15.7677
AT3G22170.2	3340	3141	94.1444	9.79411
AT3G23245.1	354	155	0	0
AT1G01120.1	2052	1853	500	88.1725
AT5G36720.1	264	65.044	0	0
AT2G22805.1	422	223	0	0
AT2G46100.2	1154	955	0	0
AT2G46100.1	926	727	73	32.8116
AT3G07410.1	896	697	45	21.0969
AT3G07310.2	1869	1670	21.4864	4.20422
AT3G07310.1	1595	1396	113.514	26.5706
AT2G25340.1	660	461	0	0
AT3G08000.1	737	538	4	2.4295
AT1G72260.1	962	763	0	0
AT2G37420.2	3570	3371	0	0
AT2G37420.1	3568	3369	51	4.94661
AT1G31510.1	930	731	0	0
AT5G15745.1	192	14.0216	0	0
AT1G36005.1	531	332	0	0
AT5G49280.1	1399	1200	33	8.9861
AT5G17910.2	4674	4475	141.237	10.3132
AT5G17910.1	4902	4703	123.763	8.59913
AT5G17910.3	4844	4645	6.25889e-05	4.40301e-06
AT3G18000.1	1912	1713	352	67.1465
AT4G01897.1	672	473	23	15.8893
AT3G13110.1	1904	1705	420	80.494
AT1G76920.1	1746	1547	96	20.2777
AT5G04270.1	1180	981	17	5.66263
AT1G19110.1	2692	2493	272	35.6521
AT3G04350.1	2360	2161	83	12.5505
AT3G04350.2	2863	2664	0	0
AT2G29380.1	1495	1296	1	0.252135
AT3G43837.1	997	798	0	0
AT4G28815.1	1016	817	0	0
AT4G28815.2	1081	882	0	0
AT1G15910.1	2593	2394	114.04	15.5658
AT1G76480.2	844	645	0	0
AT1G76480.1	651	452	0	0
AT2G40730.1	2880	2681	273	33.2739
AT4G33530.2	3163	2964	0	0
AT4G33530.1	3147	2948	337	37.3543
AT3G55390.1	1023	824	10	3.96562
AT4G15060.1	1620	1421	0	0
AT4G15060.2	1281	1082	0	0
AT3G45100.2	1919	1720	49.2342	9.35355
AT3G45100.3	2041	1842	11.7377	2.08225
AT3G45100.1	1827	1628	4.02813	0.808514
AT1G55940.1	1413	1214	2.01967	0.543626
AT1G55940.2	1718	1519	4.98033	1.07137
AT3G20840.1	2368	2169	15	2.2598
AT5G20490.2	5594	5395	251.632	15.241
AT5G20490.1	4593	4394	0	0
AT5G20490.3	5058	4859	282.476	18.9965
AT3G01300.1	2147	1948	81	13.5873
AT1G24590.1	1014	815	0	0
AT5G15025.1	369	170	9	17.2994
AT4G00140.1	774	575	1.09503	0.622296
AT2G32140.1	1485	1286	1	0.254096
AT3G53590.1	3429	3230	4.02657	0.407353
AT1G22790.2	1323	1124	35.503	10.3214
AT1G22790.1	1286	1087	37.497	11.2721
AT3G26690.2	1157	958	10.7678	3.67284
AT3G26690.1	1093	894	39.2322	14.3398
AT3G06490.1	1867	1668	9	1.76313
AT5G36740.4	3588	3389	0	0
AT5G36740.3	4622	4423	0	0
AT5G36740.1	4135	3936	25	2.0755
AT5G36740.5	3525	3326	0	0
AT5G36740.2	3477	3278	0	0
AT5G18980.3	2166	1967	38.8345	6.45137
AT5G18980.1	2951	2752	14.9893	1.7798
AT5G18980.2	3022	2823	22.1762	2.56693
AT3G01990.1	2381	2182	0	0
AT3G01990.5	2340	2141	0	0
AT3G01990.7	2234	2035	18.4227	2.9582
AT3G01990.4	2366	2167	0	0
AT3G01990.10	2487	2288	0	0
AT3G01990.2	2450	2251	0	0
AT3G01990.8	2552	2353	0	0
AT3G01990.11	1562	1363	0	0
AT3G01990.6	2243	2044	0	0
AT3G01990.9	2513	2314	0	0
AT3G01990.3	2398	2199	0	0
AT3G06985.1	322	123	0	0
AT5G27090.1	958	759	0	0
AT5G27090.2	474	275	0	0
AT1G78160.1	1953	1754	0	0
AT1G78160.2	2399	2200	0	0
AT1G63535.1	183	11.741	0	0
AT5G48890.1	953	754	0	0
AT5G48890.2	548	349	0	0
AT1G10240.1	2363	2164	34.3957	5.19381
AT1G10240.2	2833	2634	5.60426	0.695249
AT1G77790.1	1041	842	1	0.388084
AT1G63900.2	1767	1568	8.67446	1.80774
AT1G63900.1	1685	1486	105.326	23.1608
AT3G42153.1	351	152	0	0
AT1G11608.1	1240	1041	0	0
AT3G13670.1	2706	2507	430.662	56.1333
AT1G18980.1	935	736	25.3113	11.2376
AT1G14185.1	1890	1691	29	5.60393
AT1G54540.1	959	760	18	7.73922
AT2G07691.1	578	379	0	0
AT4G00930.3	3801	3602	0	0
AT4G00930.5	3433	3234	0	0
AT4G00930.2	3808	3609	15.9635	1.44537
AT4G00930.1	3721	3522	50.6478	4.69905
AT4G00930.4	3610	3411	0	0
AT4G29160.3	1192	993	0.00124373	0.000409276
AT4G29160.2	1350	1151	0	0
AT4G29160.1	1225	1026	196.478	62.5757
AT2G31960.2	6705	6506	2.65096e-08	1.33146e-09
AT2G31960.4	6367	6168	249.462	13.2159
AT2G31960.3	6993	6794	0	0
AT2G31960.5	6575	6376	306.538	15.7099
AT2G31960.1	6633	6434	0.000185063	9.39889e-06
AT5G54070.1	1512	1313	11.231	2.79507
AT3G56090.1	1277	1078	152	46.0748
AT1G19397.1	857	658	4	1.98643
AT5G05780.1	1623	1424	398.979	91.5542
AT5G05780.2	1579	1380	0.0210949	0.00499502
AT1G51970.1	375	176	0	0
AT1G61097.1	686	487	0	0
AT5G20270.1	1481	1282	182	46.3897
AT1G05660.1	1534	1335	24.3748	5.9662
AT1G61215.2	1550	1351	11.6989	2.82963
AT1G61215.1	2201	2002	12.3011	2.00779
AT4G04632.1	464	265	0	0
AT3G44805.1	747	548	0	0
AT3G17760.1	1708	1509	0	0
AT3G17760.2	1693	1494	0	0
AT5G22600.1	1657	1458	0	0
AT5G22600.2	1586	1387	0	0
AT1G68350.1	861	662	1	0.493606
AT3G52490.1	3275	3076	35	3.71809
AT5G06210.1	849	650	44	22.1196
AT5G59210.2	1514	1315	44.599	11.0825
AT5G59210.1	1711	1512	61.401	13.2697
AT3G51180.1	2202	2003	14	2.28394
AT1G11905.1	1164	965	26.9661	9.13122
AT1G11905.2	663	464	5.03393	3.54509
AT2G19146.1	567	368	0	0
AT3G01570.1	814	615	1	0.531329
AT3G58140.1	1733	1534	409	87.1237
AT5G54340.1	735	536	0	0
AT3G45320.1	620	421	0	0
AT5G18840.1	1890	1691	30	5.79717
AT4G31370.1	1031	832	0	0
AT5G03200.1	1318	1119	27	7.88446
AT5G65650.1	1055	856	51	19.4686
AT3G50030.1	1660	1461	0	0
AT3G22470.2	1962	1763	0	0
AT3G22470.1	2037	1838	19	3.3779
AT4G15733.1	261	62.0706	0	0
AT3G16960.1	345	146	0	0
AT1G74310.1	3284	3085	151	15.9941
AT1G74310.2	2855	2656	0	0
AT4G22560.1	1009	810	10	4.03416
AT5G04210.1	588	389	0	0
AT4G39030.1	2261	2062	61	9.66673
AT4G17160.1	936	737	0	0
AT3G02790.1	712	513	0	0
AT4G21180.1	2356	2157	86.0299	13.0328
AT4G21180.2	1987	1788	0	0
AT2G46460.1	483	284	0	0
AT4G20260.10	1132	933	513.138	179.718
AT4G20260.4	1082	883	7.28741e-08	2.69681e-08
AT4G20260.7	1668	1469	4.35905	0.969635
AT4G20260.9	1331	1132	77.3505	22.3283
AT4G20260.2	1470	1271	0	0
AT4G20260.3	1060	861	68.8626	26.1348
AT4G20260.5	1005	806	0	0
AT4G20260.6	895	696	0	0
AT4G20260.1	1043	844	151.29	58.5743
AT4G20260.8	1354	1155	0	0
AT4G16310.4	6334	6135	0	0
AT4G16310.1	5931	5732	86.3853	4.92461
AT4G16310.5	5387	5188	62.5545	3.94001
AT4G16310.3	6216	6017	38.1828	2.07361
AT4G16310.2	6228	6029	3.87736	0.21015
AT1G27045.1	1269	1070	0	0
AT1G27045.3	1371	1172	0	0
AT1G27045.2	1396	1197	0	0
AT1G27045.5	1104	905	1	0.361069
AT1G27045.4	1244	1045	0	0
AT3G60830.1	1852	1653	122	24.1171
AT5G28780.1	1014	815	0	0
AT3G13404.1	451	252	10	12.9669
AT5G64850.1	908	709	180	82.9592
AT1G34805.1	279	80.003	0	0
AT5G59105.1	501	302	0	0
AT2G37920.1	1638	1439	43	9.76441
AT5G54250.3	2296	2097	6.85026	1.06745
AT5G54250.4	2439	2240	26.8336	3.91443
AT5G54250.1	2342	2143	82.3162	12.5517
AT5G54250.2	2712	2513	0	0
AT2G29250.1	1872	1673	0	0
AT2G20190.1	4905	4706	424	29.441
AT2G45410.1	908	709	1	0.460885
AT3G20660.1	2102	1903	10	1.71712
AT2G41445.3	611	412	0	0
AT2G41445.1	857	658	0	0
AT2G41445.4	1022	823	0	0
AT2G41445.2	1082	883	0	0
AT1G11070.2	3375	3176	0	0
AT1G11070.4	3184	2985	3.96941	0.434531
AT1G11070.3	3294	3095	0	0
AT1G11070.1	2432	2233	1.03059	0.150811
AT1G11070.5	2777	2578	0	0
AT5G05130.1	2928	2729	22	2.63425
AT1G26240.1	1773	1574	5	1.03801
AT2G03280.2	1904	1705	0	0
AT2G03280.1	1823	1624	28	5.63392
AT1G08350.1	2213	2014	0	0
AT1G08350.4	1872	1673	0	0
AT1G08350.2	2013	1814	35.0249	6.30925
AT1G08350.3	2007	1808	17.9751	3.24872
AT4G19240.1	1101	902	0	0
AT2G36310.1	1849	1650	115	22.7747
AT2G07727.1	3243	3044	6.43183	0.690444
AT5G67160.1	1670	1471	50	11.107
AT1G25145.1	1224	1025	88.2639	28.1383
AT5G23530.1	1582	1383	74	17.4843
AT1G47410.2	850	651	18.6301	9.35132
AT1G47410.1	1125	926	5.36988	1.89492
ATMG00270.1	618	419	0	0
AT3G12670.1	3234	3035	332	35.7452
AT2G22190.2	1670	1471	11.7126	2.60182
AT2G22190.1	1522	1323	51.2874	12.6675
AT1G15015.1	843	644	0	0
AT1G10690.1	929	730	12	5.37151
AT4G18660.1	1393	1194	0	0
AT5G61330.1	1855	1656	65.3684	12.8987
AT5G61330.2	2440	2241	0	0
AT5G61330.3	1627	1428	49.6316	11.3571
AT2G26540.1	1460	1261	83	21.5081
AT2G26540.2	1534	1335	0	0
AT2G26540.3	1521	1322	0	0
AT5G44900.1	1204	1005	4	1.30057
AT1G34400.1	366	167	0	0
AT5G62900.1	975	776	46	19.3702
AT1G32900.1	2292	2093	3431	535.661
AT5G18500.6	1994	1795	133.091	24.2283
AT5G18500.3	2304	2105	7.34282	1.13985
AT5G18500.1	2311	2112	48.5517	7.51189
AT5G18500.4	2219	2020	0	0
AT5G18500.5	2083	1884	0	0
AT5G18500.2	2224	2025	120.015	19.3663
AT1G29920.1	1314	1115	27499.7	8059.18
AT5G39740.1	1339	1140	1225.88	351.383
AT5G39740.2	1291	1092	748.888	224.095
AT5G47500.1	1454	1255	176	45.8255
AT1G67540.2	1153	954	0	0
AT1G67540.1	1241	1042	0	0
AT4G26140.6	2623	2424	0	0
AT4G26140.5	2753	2554	0	0
AT4G26140.1	2803	2604	2.49743e-08	3.13394e-09
AT4G26140.2	2699	2500	16.4965	2.1562
AT4G26140.4	2859	2660	0	0
AT4G26140.7	2592	2393	8.2474	1.12619
AT4G26140.3	2778	2579	0	0
AT4G26140.9	2587	2388	25.2561	3.45597
AT4G26140.8	2701	2502	0	0
AT3G56040.1	3052	2853	242	27.7174
AT1G24000.1	558	359	1	0.910215
AT2G40960.2	1294	1095	7.46875	2.22881
AT2G40960.1	1614	1415	26.5312	6.12688
AT2G34930.1	3081	2882	68	7.70998
AT4G01880.1	1563	1364	34.1	8.16918
AT4G01880.3	1236	1037	0	0
AT4G01880.2	1523	1324	22.9	5.65179
AT4G02590.1	1648	1449	94.6907	21.3539
AT4G02590.3	1346	1147	57.8552	16.4823
AT4G02590.2	1458	1259	34.4541	8.94238
AT1G02400.1	1414	1215	46	12.3714
AT1G02400.2	1479	1280	0	0
AT4G17210.1	1806	1607	0	0
AT2G07110.1	453	254	0	0
AT4G31910.1	1841	1642	219	43.5822
AT5G26620.1	225	29.9375	0	0
AT5G44610.3	701	502	12.6129	8.21012
AT5G44610.1	825	626	40.3871	21.0817
AT5G44610.2	1044	845	0	0
AT3G44850.1	2311	2112	66	10.2115
AT4G02430.3	1940	1741	46	8.63371
AT4G02430.1	1674	1475	0	0
AT4G02430.2	1698	1499	0	0
AT4G02430.4	1542	1343	2.24948e-07	5.47323e-08
AT3G50350.1	546	347	19.682	18.5344
AT3G50350.2	935	736	23.318	10.3526
AT2G06983.2	575	376	0	0
AT2G06983.1	568	369	0	0
AT1G80120.1	1387	1188	22	6.05124
AT5G08080.2	1471	1272	0	0
AT5G08080.5	1432	1233	9.74458	2.58249
AT5G08080.3	1348	1149	0.00037771	0.000107418
AT5G08080.4	1359	1160	123.179	34.699
AT5G08080.1	1587	1388	35.076	8.25769
AT1G68680.1	1069	870	51	19.1553
AT5G49040.1	576	377	0	0
AT5G14340.1	1142	943	0	0
AT5G14340.2	1672	1473	2	0.443676
AT1G05030.2	2371	2172	11.8924	1.78916
AT1G05030.1	1883	1684	28.1076	5.45406
AT4G22140.3	1441	1242	0	0
AT4G22140.2	1341	1142	96.9613	27.7441
AT4G22140.1	1202	1003	14.0387	4.57365
AT5G17030.1	1615	1416	0	0
AT4G02655.2	640	441	0	0
AT4G02655.1	575	376	0	0
AT1G55260.2	1006	807	0	0
AT1G55260.1	1082	883	198	73.2728
ATCG01000.1	1032	833	0	0
AT1G07490.1	642	443	4.05755	2.99294
AT1G06030.1	1216	1017	0	0
AT1G05770.1	785	586	2	1.11525
AT4G16451.1	144	6.5079	0	0
AT2G47640.4	643	444	49.18	36.1946
AT2G47640.1	844	645	31.268	15.8409
AT2G47640.2	841	642	0.897427	0.456775
AT2G47640.3	930	731	23.2834	10.408
AT2G31335.1	501	302	1	1.08201
AT3G17330.3	2202	2003	14.3845	2.34666
AT3G17330.2	2276	2077	49.0477	7.7165
AT3G17330.1	2498	2299	86.5679	12.3043
AT1G19700.2	1973	1774	139.328	25.6639
AT1G19700.4	2203	2004	11.8945	1.93949
AT1G19700.5	2104	1905	0	0
AT1G19700.3	2320	2121	49.032	7.554
AT1G19700.1	2281	2082	91.7459	14.3994
AT5G25200.1	1104	905	0	0
AT4G30640.1	1152	953	5	1.71441
AT4G00040.1	1366	1167	111	31.0807
AT3G15680.1	1251	1052	115.089	35.7483
AT3G15680.2	1465	1266	3.91116	1.00951
AT3G56940.1	1493	1294	7275	1837.12
AT3G56940.2	1416	1217	0	0
AT5G53220.7	1736	1537	4.60779	0.979619
AT5G53220.1	1975	1776	0	0
AT5G53220.6	2047	1848	0	0
AT5G53220.4	2249	2050	7.9922	1.27395
AT5G53220.2	2152	1953	0	0
AT5G53220.3	1591	1392	1.40001	0.328647
AT5G53220.5	2056	1857	0	0
AT4G15150.1	482	283	4	4.61862
AT1G26100.1	885	686	30	14.2901
AT5G48700.1	354	155	0	0
AT2G32880.2	1532	1333	16.0701	3.93936
AT2G32880.1	1417	1218	23.9299	6.41997
AT3G15440.1	712	513	0	0
AT3G62580.1	980	781	196	82.0056
AT1G76340.1	1901	1702	86	16.5111
AT5G64340.1	2471	2272	287	41.2774
AT3G50123.1	144	6.5079	0	0
AT1G01530.1	758	559	0	0
AT3G43160.1	888	689	0	0
AT4G04850.2	3026	2827	448	51.7834
AT4G04850.1	2992	2793	0	0
AT3G17710.1	1284	1085	14	4.21635
AT1G71360.2	2009	1810	16.761	3.02593
AT1G71360.1	2511	2312	32.239	4.55651
AT5G40370.2	941	742	21.7693	9.58692
AT5G40370.1	1019	820	189.231	75.4078
AT2G34224.2	324	125	0	0
AT2G34224.1	589	390	0	0
AT3G51440.1	1329	1130	19	5.49431
AT1G48660.1	1722	1523	0	0
AT1G48660.2	1959	1760	3	0.556989
AT2G25240.1	1620	1421	12	2.75947
AT1G22440.1	1783	1584	90	18.5663
AT5G14150.1	1453	1254	15.3517	4.00035
AT5G14150.2	1598	1399	9.64828	2.25357
AT4G18950.1	2108	1909	95.9843	16.4298
AT4G18950.2	2109	1910	19.0157	3.25325
AT2G25840.4	1754	1555	13.6726	2.87316
AT2G25840.2	1527	1328	100.521	24.7343
AT2G25840.3	1422	1223	72.806	19.4527
AT2G25840.1	1671	1472	0	0
AT3G43600.1	5082	4883	431.175	28.854
AT5G45115.1	806	607	0	0
AT5G45115.2	775	576	3	1.70191
ATMG01400.1	318	119	0	0
AT5G18037.1	466	267	0	0
AT3G14040.1	1802	1603	0	0
AT3G06680.3	552	353	125.558	116.227
AT3G06680.2	426	227	38.6016	55.567
AT3G06680.1	402	203	0	0
AT1G80525.1	416	217	0	0
ATMG00810.1	723	524	0	0
AT3G26630.1	1757	1558	82	17.1983
AT5G45150.3	3037	2838	0	0
AT5G45150.1	2959	2760	3	0.355182
AT5G45150.2	3220	3021	0	0
AT4G27590.2	1038	839	0	0
AT4G27590.1	701	502	1	0.650931
AT3G52040.1	530	331	49	48.3734
AT1G50325.1	615	416	0	0
AT1G12120.1	2072	1873	188	32.7988
AT4G00940.2	1458	1259	0	0
AT4G00940.3	1223	1024	14	4.46752
AT4G00940.1	1394	1195	0	0
AT2G24255.1	1511	1312	0	0
AT4G38210.1	1142	943	22	7.62341
AT5G08330.1	1593	1394	122	28.598
AT2G32340.2	1050	851	0	0
AT2G32340.1	1522	1323	10	2.4699
AT2G41340.2	1685	1486	0	0
AT2G41340.3	1550	1351	3.0815e-06	7.45324e-07
AT2G41340.1	1532	1333	15	3.67705
AT3G02110.1	1824	1625	190	38.2066
AT4G29140.1	2319	2120	87	13.4098
AT5G19360.1	2057	1858	0	0
AT5G15600.2	743	544	21.7144	13.0433
AT5G15600.1	945	746	3.28558	1.43917
AT2G43450.1	305	106	0	0
AT3G46740.1	2863	2664	700	85.8622
AT5G50240.3	798	599	17.2651	9.41849
AT5G50240.2	1052	853	6.7165	2.57295
AT5G50240.4	580	381	2.01835	1.73105
AT5G50240.1	1061	862	3.92907e-05	1.48943e-05
AT3G59040.1	2090	1891	213.499	36.893
AT3G59040.2	2312	2113	8.50057	1.31458
AT4G22666.2	669	470	19.9444	13.8664
AT4G22666.1	813	614	17.0556	9.07686
AT1G34290.1	801	602	0	0
AT1G20850.1	1378	1179	160	44.345
AT2G28640.1	2359	2160	0	0
AT3G05220.1	2814	2615	230.756	28.835
AT3G05220.2	2314	2115	96.2439	14.8697
AT1G49620.3	1129	930	10.9412	3.84432
AT1G49620.1	789	590	1.05882	0.586422
AT1G49620.2	1206	1007	0	0
AT1G16390.1	1985	1786	68	12.4413
AT1G61130.1	1606	1407	2	0.464488
AT1G23220.1	902	703	73	33.9317
AT5G14400.3	1373	1174	0	0
AT5G14400.1	1411	1212	0	0
AT5G14400.2	1402	1203	0	0
AT5G14400.4	1008	809	0	0
AT3G55500.1	1251	1052	11	3.41677
AT5G61530.3	1481	1282	0	0
AT5G61530.2	1542	1343	36.0454	8.77025
AT5G61530.4	1795	1596	19.6142	4.01585
AT5G61530.1	1680	1481	31.0229	6.84488
AT5G61530.5	1517	1318	9.31746	2.31005
AT3G09690.2	2017	1818	25.0704	4.50615
AT3G09690.1	2111	1912	45.9296	7.84952
AT4G00710.2	2774	2575	125.803	15.9643
AT4G00710.1	2803	2604	263.197	33.0277
AT5G57500.1	1380	1181	4	1.10675
AT5G05650.1	378	179	0	0
AT2G07290.1	405	206	0	0
AT5G19930.2	1368	1169	46.7484	13.0675
AT5G19930.1	1318	1119	6.25157	1.82557
AT1G54440.1	2521	2322	0.00237367	0.000334039
AT1G54440.4	2886	2687	11.2056	1.36272
AT1G54440.3	2292	2093	0	0
AT1G54440.5	2266	2067	31.1748	4.92836
AT1G54440.2	2246	2047	20.6172	3.29117
AT4G38370.1	956	757	40	17.2664
AT2G26010.1	620	421	7	5.43318
AT2G37600.2	582	383	132.433	112.989
AT2G37600.1	792	593	44.5672	24.5583
AT3G55330.1	1102	903	505	182.744
AT5G52300.2	2131	1932	1	0.169134
AT5G52300.1	2171	1972	0	0
AT2G42270.1	7160	6961	194.355	9.12354
AT5G53160.2	1748	1549	61.8362	13.0446
AT5G53160.1	1262	1063	106.164	32.6349
AT3G22436.1	259	60.0956	0	0
AT5G19220.1	1732	1533	893	190.348
AT5G18560.1	1515	1316	3	0.74491
AT4G14150.1	4294	4095	51	4.06963
AT1G27120.2	2395	2196	42.3721	6.30501
AT1G27120.1	2576	2377	30.6279	4.21044
AT2G16530.4	1601	1402	0	0
AT2G16530.2	1531	1332	0	0
AT2G16530.1	1572	1373	29.7937	7.09075
AT2G16530.3	1644	1445	20.0694	4.53843
AT2G16530.5	1539	1340	0	0
AT3G55010.1	1577	1378	160.297	38.0114
AT3G55010.2	1694	1495	55.7033	12.1753
AT2G03260.2	2013	1814	3	0.540409
AT2G03260.1	2596	2397	0	0
AT5G47540.1	1698	1499	203	44.252
AT5G63880.2	1074	875	0	0
AT5G63880.1	1057	858	33	12.568
AT5G06340.1	1035	836	204	79.7374
AT5G38810.1	780	581	0	0
AT5G38810.2	804	605	0	0
AT4G18810.1	2524	2325	154.314	21.6881
AT4G18810.2	2072	1873	233.686	40.7693
AT4G13350.2	2545	2346	87.5987	12.2014
AT4G13350.1	2339	2140	259.401	39.6093
AT1G54150.2	1018	819	22.1957	8.85569
AT1G54150.1	1386	1187	25.8043	7.10363
AT1G11540.2	1454	1255	9.36567	2.43856
AT1G11540.1	1320	1121	9.63433	2.80837
AT3G11200.2	1404	1205	0	0
AT3G11200.1	1372	1173	265	73.8221
AT3G10230.1	1964	1765	395.549	73.2309
AT3G10230.2	1750	1551	8.45078	1.78042
AT1G11320.1	1906	1707	15	2.87142
AT5G64740.1	4172	3973	1783.61	146.697
AT5G01030.2	2924	2725	59.2391	7.10363
AT5G01030.1	2878	2679	55.7599	6.80123
AT5G01030.3	3004	2805	13.0011	1.51455
AT1G23037.1	489	290	0	0
AT4G14740.3	1786	1587	0	0
AT4G14740.2	1969	1770	0	0
AT4G14740.4	2396	2197	12.1389	1.80546
AT4G14740.1	2050	1851	115.861	20.4536
AT3G58340.1	978	779	0	0
AT3G58340.2	948	749	0	0
AT4G33470.1	1562	1363	117	28.0497
AT3G59390.2	1048	849	7.38261	2.84145
AT3G59390.1	933	734	9.61739	4.28154
AT1G54530.1	805	606	9	4.85298
AT5G14900.1	906	707	0	0
AT1G63590.1	807	608	0	0
AT4G10080.1	1597	1398	164	38.3332
AT1G61090.1	719	520	0	0
AT3G32190.1	1077	878	0	0
AT1G49580.1	2358	2159	203	30.7243
AT5G35688.1	284	85.0011	0	0
AT5G35688.2	498	299	0	0
AT5G13170.1	1351	1152	3	0.850956
AT5G06180.2	1508	1309	4.8479	1.21019
AT5G06180.4	1550	1351	0	0
AT5G06180.3	1082	883	8.67847	3.2116
AT5G06180.1	1567	1368	12.4736	2.97951
AT2G13600.1	2227	2028	19	3.06143
AT3G55890.1	1237	1038	2.89944	0.912757
AT3G55890.2	1269	1070	0	0
AT3G55890.4	879	680	7.10056	3.4121
AT3G55890.3	911	712	0	0
AT5G37040.1	729	530	0	0
AT5G14310.1	1981	1782	71.7654	13.1597
AT1G55175.1	915	716	0	0
AT1G52230.1	702	503	2847	1849.51
AT1G67390.1	1644	1445	0	0
AT3G01090.1	2084	1885	158	27.3895
AT3G01090.3	1986	1787	0	0
AT3G01090.2	2208	2009	0	0
AT1G73320.2	1369	1170	0	0
AT1G73320.1	1301	1102	27	8.00609
AT2G18460.1	984	785	0	0
AT4G34780.1	427	228	0	0
AT5G54855.1	717	518	38	23.9713
AT1G07920.1	1858	1659	889.258	175.154
AT5G44230.2	2464	2265	0.0560419	0.00808505
AT5G44230.1	2452	2253	24.944	3.61778
AT5G50990.1	1961	1762	11	2.03998
AT2G42330.3	2422	2223	7.45137	1.0953
AT2G42330.1	2786	2587	0	0
AT2G42330.2	3182	2983	22.5486	2.47005
AT3G02390.1	429	230	0	0
AT3G02390.2	488	289	0	0
AT4G15970.1	1139	940	0	0
AT5G41315.2	2702	2503	0	0
AT5G41315.3	2558	2359	5.60333	0.776169
AT5G41315.1	2137	1938	12.3967	2.09021
AT3G48610.1	1986	1787	263	48.0916
AT3G49710.1	2166	1967	15	2.49187
AT1G13740.1	1832	1633	48	9.60491
AT1G60300.1	969	770	0	0
AT1G22090.1	1176	977	0	0
AT3G09590.1	576	377	4	3.46703
AT4G29980.1	643	444	0	0
AT5G03900.1	2358	2159	18.9461	2.86752
AT5G03900.2	2198	1999	206.054	33.6827
AT4G39320.1	1141	942	7	2.42821
AT5G21030.1	2628	2429	0	0
AT5G21030.2	2565	2366	0	0
AT5G53110.1	1372	1173	27	7.52149
AT4G19330.1	1152	953	0	0
AT3G54085.1	533	334	6.96648	6.81562
AT3G54085.3	237	39.4185	1.50678	12.4908
AT3G54085.2	619	420	6.27128	4.87916
AT3G47780.1	3281	3082	71	7.52773
AT5G49330.1	1632	1433	35	7.98105
AT3G29635.1	1560	1361	3	0.72028
AT5G10970.1	819	620	16	8.4327
AT1G01700.4	1689	1490	0	0
AT1G01700.1	1839	1640	15	2.98872
AT1G01700.3	1563	1364	0	0
AT1G01700.2	1922	1723	0	0
AT1G01700.5	1664	1465	0	0
AT3G05155.1	2023	1824	9.91304	1.77591
AT3G05155.2	1287	1088	1.08696	0.326454
AT4G13263.1	582	383	0	0
AT1G73650.5	1232	1033	96.6713	30.5799
AT1G73650.2	1335	1136	77.1059	22.1793
AT1G73650.4	1153	954	7.81772	2.67775
AT1G73650.1	1149	950	0	0
AT1G73650.3	1337	1138	15.4052	4.42346
AT2G41080.1	1953	1754	25	4.65746
AT1G66380.1	980	781	0	0
AT1G66380.3	730	531	0	0
AT1G66380.2	1024	825	0	0
AT5G64700.2	1555	1356	0	0
AT5G64700.1	1513	1314	25	6.21703
AT5G01610.1	863	664	20	9.84238
AT5G01610.2	967	768	0	0
AT1G49760.2	2549	2350	476	66.1877
AT1G49760.1	2639	2440	488	65.3534
AT5G16360.1	1370	1171	21	5.86004
AT5G35460.2	2212	2013	76.8321	12.472
AT5G35460.1	1819	1620	150.168	30.2901
AT4G15840.1	2827	2628	99	12.3097
AT4G15840.2	2903	2704	0	0
AT1G21680.1	2541	2342	73	10.1853
AT3G18970.1	2024	1825	8.47909	1.51818
AT1G68870.1	661	462	33	23.3405
AT2G31650.1	3615	3416	49	4.68723
AT4G29905.1	711	512	280	178.701
AT1G70070.1	3564	3365	191	18.5476
AT2G16200.2	432	233	0	0
AT2G16200.1	252	53.2554	0	0
AT5G54165.1	396	197	2	3.31743
AT5G46430.1	697	498	504.706	331.168
AT5G46430.2	606	407	264.294	212.193
AT1G03130.1	956	757	1596	688.93
AT3G12840.1	540	341	0	0
AT3G51590.1	590	391	0	0
AT4G19920.1	1186	987	1	0.331071
AT1G50190.1	1860	1661	1	0.196729
AT1G54330.1	1177	978	2	0.668235
AT4G05631.1	882	683	5	2.39215
AT3G02220.1	1059	860	183	69.533
AT3G51270.4	1677	1478	38.6713	8.54973
AT3G51270.1	1732	1533	116.632	24.8607
AT3G51270.3	1635	1436	41.6968	9.48825
AT3G51270.2	1670	1471	0	0
AT1G67855.1	467	268	0	0
AT5G53960.1	871	672	0	0
AT4G35850.1	1734	1535	193	41.0854
AT5G44260.1	1719	1520	19	4.08459
AT3G14200.1	1337	1138	286	82.1225
AT3G27503.1	530	331	0	0
AT2G27610.1	2607	2408	8	1.08561
AT5G20500.1	826	627	232	120.909
AT3G01360.1	1910	1711	6.47585	1.23676
AT3G01360.2	1206	1007	36.1379	11.7266
AT5G59050.1	1764	1565	51.4636	10.7454
AT5G59050.3	3010	2811	4.32123	0.502325
AT5G59050.4	1706	1507	5.21514	1.13081
AT5G59050.2	3116	2917	0	0
AT3G05625.2	1263	1064	0	0
AT3G05625.1	1262	1063	83	25.5143
AT2G46210.1	1966	1767	28	5.17797
AT2G28600.1	1770	1571	130	27.0399
AT5G17490.1	2258	2059	8	1.26961
AT4G23090.2	627	428	0	0
AT4G23090.1	555	356	0	0
AT1G48405.1	894	695	0	0
AT1G62480.1	818	619	439	231.746
AT2G34357.1	4320	4121	305	24.1844
AT5G49300.1	956	757	23	9.9282
AT1G18130.1	498	299	0	0
AT5G01260.3	1643	1444	0	0
AT5G01260.2	1666	1467	84.3655	18.792
AT5G01260.1	1923	1724	23.6345	4.47968
AT1G14810.2	1062	863	0	0
AT1G14810.1	1605	1406	441	102.492
AT5G16540.2	1454	1255	68.5354	17.8447
AT5G16540.3	1733	1534	5.81309	1.23828
AT5G16540.4	1816	1617	20.9195	4.22746
AT5G16540.1	1635	1436	54.732	12.4545
AT3G06450.4	2585	2386	62.986	8.62605
AT3G06450.2	2681	2482	5.29652e-05	6.97312e-06
AT3G06450.1	2713	2514	37.0136	4.81099
AT3G06450.3	2532	2333	0.000290991	4.0757e-05
AT3G48346.1	605	406	1	0.804845
AT1G62300.1	2319	2120	120	18.4963
AT2G44065.2	1122	923	11.6295	4.11717
AT2G44065.1	1032	833	73.9388	29.0045
AT2G44065.3	1233	1034	5.43162	1.71651
AT1G77570.1	662	463	11	7.76337
AT4G19191.1	1965	1766	2	0.370065
AT2G40640.8	1693	1494	0	0
AT2G40640.3	1604	1405	0	0
AT2G40640.5	1714	1515	0	0
AT2G40640.1	1528	1329	11.7842	2.89743
AT2G40640.6	1697	1498	0	0
AT2G40640.4	1786	1587	0	0
AT2G40640.7	1693	1494	0	0
AT2G40640.9	1621	1422	0	0
AT2G40640.2	1600	1401	9.34706	2.18009
AT4G21010.1	859	660	0	0
AT4G29170.3	1272	1073	0	0
AT4G29170.1	1179	980	15	5.00154
AT4G29170.2	1274	1075	0	0
AT3G45770.1	1584	1385	50.8174	11.9895
AT3G45770.2	1344	1145	35.1826	10.0406
AT5G50080.2	1174	975	0	0
AT5G50080.1	889	690	0	0
AT3G46730.1	2687	2488	7.48753	0.983392
AT5G61720.1	1678	1479	0	0
AT5G08460.1	1262	1063	0	0
AT3G13433.1	503	304	0	0
AT4G00770.1	1788	1589	5.95525	1.22466
AT2G30575.1	2353	2154	47	7.13002
AT2G41473.1	276	77.0053	0	0
AT4G32930.2	675	476	0	0
AT4G32930.1	702	503	77	50.022
AT1G35550.1	631	432	2.05577	1.555
AT3G10440.2	2138	1939	2.22134	0.374348
AT3G10440.1	2134	1935	23.7787	4.01555
AT3G18260.1	973	774	17	7.17706
AT5G21910.1	1088	889	5.89929	2.16839
AT3G19440.1	1683	1484	27	5.94522
AT3G19440.2	1725	1526	0	0
AT4G36500.1	1041	842	72	27.9421
AT5G38200.2	2182	1983	0	0
AT5G38200.3	1987	1788	7.80786	1.42693
AT5G38200.1	1758	1559	10.1921	2.13628
AT1G66660.2	1321	1122	21	6.11596
AT1G66660.1	1195	996	0	0
AT3G62160.1	1641	1442	16	3.62571
AT1G66130.1	1536	1337	92	22.4851
AT4G19550.2	1020	821	0	0
AT4G19550.1	852	653	13.9351	6.97328
AT1G52980.1	1966	1767	467	86.3612
AT4G20820.1	1955	1756	8	1.48869
AT2G39250.2	1428	1229	61.4155	16.3292
AT2G39250.1	1542	1343	38.5845	9.38804
AT1G61370.2	2787	2588	10.366	1.30884
AT1G61370.1	3079	2880	10.634	1.20654
AT1G67910.1	809	610	7.51482	4.02557
AT1G67910.2	1059	860	3.48518	1.32423
AT3G22520.1	3170	2971	261.248	28.7335
AT5G18610.3	2081	1882	0.000539269	9.3632e-05
AT5G18610.2	2333	2134	71.567	10.9586
AT5G18610.1	2005	1806	19.9566	3.61083
AT2G04795.1	759	560	17	9.91972
AT2G24250.2	1648	1449	0	0
AT2G24250.1	1602	1403	14	3.26068
AT1G21880.2	1665	1466	144	32.0972
AT1G21880.1	1327	1128	0	0
AT4G29360.2	2096	1897	59.9929	10.3341
AT4G29360.1	2111	1912	0.00710069	0.00121353
AT3G17770.1	2368	2169	230	34.6503
AT5G45450.1	821	622	0	0
AT2G13965.1	348	149	8	17.5445
AT2G47700.2	1581	1382	26.4859	6.26246
AT2G47700.1	1565	1366	75.5141	18.0641
AT5G32619.1	343	144	0	0
AT3G26910.2	2489	2290	9.09506e-05	1.2978e-05
AT3G26910.1	2505	2306	56.9999	8.07706
AT3G26910.3	2788	2589	0	0
AT5G08320.2	1018	819	4.29497	1.71362
AT5G08320.1	777	578	24.705	13.9668
AT4G39940.1	1399	1200	322	87.6825
AT5G56690.1	1209	1010	0	0
AT3G45060.1	1912	1713	85	16.2144
AT4G16710.3	1204	1005	0	0
AT4G16710.4	962	763	32.3143	13.8391
AT4G16710.1	1139	940	4.68567	1.62885
AT4G16710.2	1152	953	6.65116e-07	2.28057e-07
AT3G19360.2	1865	1666	7.89573	1.54866
AT3G19360.1	1654	1455	31.1043	6.98546
AT1G46408.1	817	618	0	0
AT3G59370.1	622	423	19	14.6775
AT2G39900.1	1197	998	63	20.6276
AT3G52561.1	617	418	1	0.78174
AT5G61920.1	1348	1149	0	0
AT5G61920.4	799	600	0	0
AT5G61920.6	1245	1046	8.32361	2.60027
AT5G61920.2	1313	1114	0	0
AT5G61920.5	1155	956	0	0
AT5G61920.3	868	669	4.07516	1.99048
AT2G39410.1	1249	1050	11	3.42327
AT2G39410.2	1198	999	0	0
AT3G48510.1	1237	1038	0	0
AT1G63810.1	3572	3373	131	12.6909
AT1G63810.2	3801	3602	0	0
AT3G45890.1	2213	2014	37.0099	6.00477
AT3G11570.1	1905	1706	10.2514	1.96356
AT1G08470.1	1571	1372	61	14.5283
AT3G11550.1	995	796	20	8.21023
AT2G45720.4	1917	1718	18.3332	3.487
AT2G45720.3	2032	1833	0	0
AT2G45720.5	1981	1782	11.0366	2.02379
AT2G45720.2	2329	2130	20.0903	3.08209
AT2G45720.1	2317	2118	16.54	2.55181
AT4G17330.3	6394	6195	296.981	15.6648
AT4G17330.1	6664	6465	85.2248	4.3076
AT4G17330.2	6691	6492	423.794	21.3312
AT3G24570.1	1008	809	88.9945	35.9462
AT3G24570.2	812	613	27.649	14.7386
AT1G47300.1	921	722	0	0
AT3G12180.1	869	670	47	22.9225
AT5G10470.1	4008	3809	113.936	9.77435
AT5G10470.2	4146	3947	454.634	37.6386
AT3G60890.1	641	442	5	3.69646
AT3G60890.2	503	304	0	0
AT3G60890.3	850	651	0	0
AT1G09760.1	1190	991	190	62.6496
AT2G16700.1	1251	1052	4.38333	1.36153
AT2G16700.3	1493	1294	0	0
AT2G16700.2	774	575	26.1477	14.8595
AT2G16700.4	1011	812	3.46899	1.396
AT5G48550.2	1510	1311	0	0
AT5G48550.1	1284	1085	0	0
AT5G01840.1	1251	1052	52	16.152
AT2G21385.3	1232	1033	0	0
AT2G21385.4	1328	1129	15.0772	4.36379
AT2G21385.1	1360	1161	123.852	34.8586
AT2G21385.5	1367	1168	25.3501	7.09209
AT2G21385.2	1130	931	82.7204	29.0336
AT5G49850.1	2474	2275	40	5.74536
AT2G04063.1	339	140	0	0
AT1G26300.1	1225	1026	38	12.1025
AT1G26300.3	1956	1757	0	0
AT1G26300.2	2048	1849	0	0
AT1G67460.2	1939	1740	0	0
AT1G67460.1	1861	1662	1	0.196611
AT4G07825.1	1592	1393	132	30.9643
AT4G27652.1	684	485	11	7.41121
AT3G06950.1	1223	1024	42	13.4026
AT5G55140.1	891	692	70	33.0545
AT4G08850.2	3342	3143	18.0048	1.87189
AT4G08850.1	3808	3609	461.995	41.8301
AT1G23690.2	1113	914	0	0
AT1G23690.3	984	785	0	0
AT1G23690.4	796	597	0	0
AT1G23690.1	1128	929	0	0
AT2G18570.1	1993	1794	66	12.0215
AT4G25515.1	2398	2199	30.5468	4.53919
AT2G47180.1	1392	1193	197	53.959
AT1G53240.1	1721	1522	1712	367.559
AT3G17130.1	944	745	12	5.26336
AT3G45150.1	498	299	0	0
AT3G09925.1	841	642	33	16.7964
AT1G33910.1	906	707	0	0
AT5G20670.1	865	666	10	4.90641
AT3G43420.1	365	166	0	0
AT4G24204.2	1044	845	0	0
AT4G24204.1	989	790	0	0
AT4G24204.3	944	745	0	0
AT1G03900.1	1239	1040	285	89.5468
AT2G01790.1	810	611	0	0
AT2G17270.1	1673	1474	32	7.09399
AT3G44460.1	1776	1577	1	0.207208
AT1G53830.1	2037	1838	28	4.97795
AT1G22240.1	1978	1779	0	0
AT4G34860.3	1809	1610	12.6468	2.56681
AT4G34860.1	2330	2131	61.3532	9.40788
AT4G34860.2	2214	2015	0	0
AT5G43740.2	3280	3081	14.8841	1.57859
AT5G43740.1	2866	2667	43.3292	5.30879
AT1G09080.2	2095	1896	7.99997	1.37876
AT1G09080.1	2116	1917	2.57816e-05	4.39466e-06
AT3G06820.2	3414	3215	9.35478	0.950804
AT3G06820.3	1805	1606	44.0514	8.96299
AT3G06820.1	1833	1634	0	0
AT5G58540.2	1618	1419	40.2273	9.26354
AT5G58540.3	1930	1731	27.6803	5.22531
AT5G58540.1	1809	1610	0.0924013	0.0187538
AT5G15310.3	1650	1451	0	0
AT5G15310.4	1472	1273	0	0
AT5G15310.1	1568	1369	9.92029	2.36788
AT5G15310.2	1292	1093	30.0797	8.99274
AT1G08050.1	2490	2291	51	7.27417
AT2G29210.1	3013	2814	239.953	27.8639
AT2G29210.2	2884	2685	96.0465	11.689
AT3G25727.1	462	263	0	0
AT1G65165.1	503	304	0	0
AT2G25060.1	840	641	148	75.447
AT3G06000.1	636	437	0	0
AT4G15790.1	926	727	58.951	26.4969
AT4G15790.2	947	748	9.04897	3.95308
AT1G14010.1	915	716	69	31.4901
AT3G22275.1	834	635	0	0
AT1G69210.1	1063	864	11	4.16023
AT1G69210.2	1153	954	0	0
AT3G22231.1	773	574	1.43669	0.817877
AT2G22230.1	971	772	157	66.4539
AT5G62460.2	1463	1264	75	19.3889
AT5G62460.1	1542	1343	0	0
AT5G62460.3	1628	1429	0	0
AT4G34215.1	1166	967	15.3897	5.20045
AT4G34215.2	1298	1099	84.6103	25.1573
AT3G24530.2	2120	1921	0	0
AT3G24530.3	1951	1752	0	0
AT3G24530.1	1970	1771	102	18.82
AT4G19150.1	1044	845	65.9368	25.4982
AT4G19150.2	1328	1129	9.06325	2.62318
AT5G66900.2	2839	2640	12.9412	1.6018
AT5G66900.1	2635	2436	60.4573	8.10979
AT5G66900.3	2918	2719	0	0
ATMG01080.1	504	305	0	0
AT3G15620.1	2114	1915	0	0
AT3G15620.2	2112	1913	13	2.22058
AT5G42053.1	307	108	0	0
AT3G29385.1	657	458	0	0
AT2G28000.1	2222	2023	2723	439.835
AT1G10910.2	2430	2231	13.1353	1.92388
AT1G10910.1	2281	2082	99.8647	15.6736
AT4G31355.1	879	680	2	0.96108
AT1G64700.1	931	732	7	3.12482
AT5G59830.2	1636	1437	0.000181445	4.12597e-05
AT5G59830.1	1689	1490	44.9998	9.86877
AT5G59830.3	1785	1586	0	0
AT2G14045.1	998	799	30.1664	12.3372
AT2G14045.3	594	395	0	0
AT2G14045.4	1320	1121	23.5754	6.87214
AT2G14045.2	807	608	40.2582	21.6366
AT3G27325.3	4397	4198	5.59277	0.435334
AT3G27325.1	3788	3589	177.407	16.1524
AT3G27325.2	3912	3713	0	0
AT2G23000.2	1623	1424	147.918	33.9429
AT2G23000.1	2053	1854	35.6152	6.27717
AT5G44265.1	381	182	0	0
AT2G29140.1	3382	3183	110.727	11.3672
AT2G29140.2	3827	3628	27.5918	2.48514
AT5G01650.3	1064	865	7.38493	2.78977
AT5G01650.2	800	601	0	0
AT5G01650.4	795	596	12.1013	6.63476
AT5G01650.1	710	511	122.514	78.3434
AT3G03726.2	795	596	0	0
AT3G03726.1	870	671	0	0
AT5G54230.1	1390	1191	9	2.46927
AT5G55960.1	2478	2279	179	25.6653
AT4G29520.1	1198	999	78	25.5133
AT3G25500.1	3640	3441	335.389	31.8495
AT5G61190.11	3628	3429	40.5882	3.86786
AT5G61190.3	3847	3648	0	0
AT5G61190.5	3556	3357	0.0390025	0.00379647
AT5G61190.9	3488	3289	0	0
AT5G61190.10	3401	3202	0	0
AT5G61190.1	3318	3119	0	0
AT5G61190.2	3790	3591	0	0
AT5G61190.6	3547	3348	0.85023	0.0829831
AT5G61190.7	3715	3516	0	0
AT5G61190.8	3685	3486	0	0
AT5G61190.4	3626	3427	41.5225	3.95921
AT1G16440.1	1573	1374	2	0.475644
AT2G18380.1	1048	849	9	3.46396
AT5G44830.1	1047	848	0	0
AT1G68090.1	1209	1010	0	0
AT1G68090.2	1281	1082	0	0
AT5G57220.1	1768	1569	27	5.62314
AT2G02770.1	943	744	0	0
AT3G53800.2	1804	1605	0	0
AT3G53800.1	1409	1210	2	0.540111
AT5G19620.1	2578	2379	159	21.8394
AT2G46915.1	2312	2113	221.999	34.3313
AT2G46915.2	2061	1862	0.000827369	0.000145197
AT4G33720.1	877	678	3	1.44587
AT1G14170.2	1753	1554	39.5442	8.31515
AT1G14170.1	1893	1694	0	0
AT1G14170.3	1968	1769	16.4558	3.03969
AT1G28040.1	1471	1272	0	0
AT1G16720.2	2166	1967	30.454	5.05915
AT1G16720.3	1965	1766	0.0126399	0.00233878
AT1G16720.1	2297	2098	1080.53	168.295
AT5G24300.1	2663	2464	110.564	14.6626
AT5G24300.2	2351	2152	430.436	65.3589
AT3G11325.2	1534	1335	0	0
AT3G11325.1	1395	1196	0	0
AT1G16900.1	2097	1898	90	15.4948
AT5G50070.1	644	445	0	0
AT4G04670.1	3387	3188	69	7.07244
AT5G45670.1	1759	1560	298	62.4209
AT3G45673.1	183	11.741	0	0
AT2G46160.2	1001	802	20.6421	8.41041
AT2G46160.1	1543	1344	17.3579	4.22024
AT3G59500.1	1149	950	108	37.1483
AT3G59500.2	1135	936	0	0
AT5G18210.2	902	703	7	3.25373
AT5G18210.1	921	722	0	0
AT3G46040.1	835	636	376	193.183
AT1G67250.1	724	525	101	62.8638
AT5G13470.1	786	587	30	16.7002
AT4G39520.1	1813	1614	271	54.8661
AT2G16570.1	2146	1947	44.5858	7.48288
AT1G71910.1	1178	979	0	0
AT1G71910.2	1040	841	4	1.55418
AT4G30650.1	837	638	55	28.1696
AT4G35980.1	813	614	52	27.6741
AT3G56180.1	857	658	0	0
AT3G56180.2	985	786	0	0
AT1G63000.1	1466	1267	397	102.389
AT1G77480.2	1990	1791	0	0
AT1G77480.1	1851	1652	45	8.90104
AT5G29560.1	854	655	0	0
AT3G43682.1	453	254	0	0
AT1G21970.1	968	769	0	0
AT2G22970.1	1765	1566	55.5844	11.5984
AT2G22970.4	1753	1554	0	0
AT2G22970.2	989	790	0.00695323	0.00287606
AT2G22970.3	1611	1412	23.7705	5.50101
AT5G44590.1	1161	962	0	0
AT5G44590.2	1103	904	0	0
AT5G27150.1	2553	2354	299.799	41.6161
AT1G71260.1	972	773	59	24.9408
AT5G24670.2	2080	1881	0	0
AT5G24670.5	1816	1617	74.3373	15.0223
AT5G24670.4	2029	1830	59.6431	10.65
AT5G24670.3	2684	2485	0	0
AT5G24670.1	2607	2408	5.08005	0.689366
AT5G25440.2	1346	1147	38	10.8258
AT5G25440.1	1446	1247	0	0
AT4G15393.3	1560	1361	23.46	5.63258
AT4G15393.1	1622	1423	22.9326	5.26607
AT4G15393.2	1708	1509	26.3819	5.71287
AT2G24230.1	2996	2797	68	7.94428
AT3G46280.1	1783	1584	106	21.867
AT5G58470.2	2539	2340	120.655	16.8487
AT5G58470.1	2387	2188	71.3451	10.655
AT1G58470.1	1490	1291	18.7951	4.75726
AT1G58470.2	1712	1513	5.20489	1.12412
AT5G38780.1	1454	1255	8	2.08298
AT5G38780.2	1602	1403	0	0
AT1G53840.1	2227	2028	209	33.6757
AT1G64200.2	1187	988	0	0
AT1G64200.3	737	538	0	0
AT1G64200.1	1063	864	49	18.5319
AT4G00090.1	1759	1560	102	21.3655
AT4G24040.1	2321	2122	28	4.31172
AT1G31460.1	1922	1723	27.9672	5.30398
AT3G61650.1	2149	1950	92.6093	15.5188
AT4G37650.1	2173	1974	77	12.7462
AT1G55535.3	1584	1385	0	0
AT1G55535.2	1280	1081	16.5265	4.99568
AT1G55535.1	1525	1326	32.4735	8.00246
AT3G01850.4	926	727	35.9773	16.1708
AT3G01850.2	1639	1440	5.05263	1.14655
AT3G01850.3	947	748	8.87282	3.87613
AT3G01850.1	1333	1134	21.0972	6.07926
AT5G23035.1	361	162	0	0
AT1G29580.1	270	71.016	0	0
AT5G50450.1	1464	1265	9	2.32483
AT1G08270.1	412	213	0	0
AT1G08270.2	1034	835	8.62612	3.37573
AT3G01130.6	1241	1042	0	0
AT3G01130.3	1566	1367	0	0
AT3G01130.1	793	594	171.405	94.2923
AT3G01130.4	1527	1328	2.49044	0.612796
AT3G01130.8	893	694	0	0
AT3G01130.7	1118	919	1.10426	0.392641
AT3G01130.2	706	507	0	0
AT3G01130.5	1244	1045	0	0
AT1G22200.2	1617	1418	28.597	6.58996
AT1G22200.1	1751	1552	127.403	26.8242
AT5G40740.1	2717	2518	81	10.5116
AT4G37110.1	1770	1571	54.3854	11.3121
AT4G37110.4	1815	1616	0	0
AT4G37110.3	1941	1742	7.61454	1.42835
AT4G37110.2	1731	1532	1.09477e-05	2.33509e-06
AT1G30974.1	357	158	0	0
AT1G30974.2	437	238	0	0
AT4G31670.1	2267	2068	52	8.21658
AT3G17520.1	1274	1075	0	0
AT5G25425.1	591	392	0	0
AT5G49760.1	3539	3340	342	33.4594
AT5G25110.1	1749	1550	8	1.68654
AT4G27070.1	2002	1803	68	12.324
AT5G09870.1	4138	3939	1128.39	93.6077
AT4G20600.1	771	572	0	0
AT2G11620.1	1476	1277	0	0
AT3G18880.1	685	486	4	2.68944
AT3G18880.2	542	343	0	0
AT4G31441.1	123	5.19716	0	0
AT4G31290.1	1386	1187	248	68.2715
AT3G46565.1	261	62.0706	0	0
AT4G29740.1	1951	1752	0	0
AT4G29740.2	1991	1792	13	2.37052
AT4G29740.3	2186	1987	0	0
AT5G13930.1	1703	1504	1220	265.064
AT2G30490.1	2083	1884	2109	365.792
AT3G48260.2	2157	1958	0	0
AT3G48260.1	2053	1854	21	3.70125
AT1G80170.2	1752	1553	15.3172	3.22289
AT1G80170.1	1979	1780	15.6828	2.87901
AT1G78600.2	1377	1178	42.2408	11.7172
AT1G78600.1	1676	1477	19.7592	4.37147
AT5G08720.1	2483	2284	211	30.1873
AT5G43780.1	1904	1705	529	101.384
AT5G25220.2	1891	1692	54.7548	10.5745
AT5G25220.1	2046	1847	107.245	18.9736
AT4G23515.2	1270	1071	0	0
AT4G23515.1	1238	1039	0	0
AT5G18620.1	3821	3622	92.8265	8.37455
AT5G18620.2	3722	3523	185.174	17.1753
AT3G46960.2	4350	4151	0	0
AT3G46960.3	4171	3972	0.0165351	0.0013603
AT3G46960.1	4330	4131	135.983	10.7565
AT5G20080.1	1671	1472	311	69.0384
AT4G30830.2	1489	1290	0.000211346	5.35356e-05
AT4G30830.1	1738	1539	5.99979	1.2739
AT3G01210.1	1289	1090	39.0554	11.7083
AT3G01210.2	982	783	18.9446	7.90611
AT4G23350.1	1378	1179	0	0
AT4G16745.2	2173	1974	0	0
AT4G16745.1	2040	1841	6	1.06497
AT5G09680.2	1194	995	0	0
AT5G09680.3	996	797	10.7703	4.41577
AT5G09680.1	922	723	46.2297	20.894
AT4G25315.3	1181	982	6.09198	2.02715
AT4G25315.2	979	780	26.4569	11.0837
AT4G25315.1	1036	837	2.99699	1.17003
AT2G18550.1	1058	859	1	0.380404
AT5G63640.2	2866	2667	0	0
AT5G63640.1	2288	2089	113.041	17.6821
AT3G45910.1	603	404	0	0
AT4G25540.1	3638	3439	14	1.33025
AT5G66005.3	926	727	32	14.3831
AT5G66005.6	996	797	0	0
AT5G66005.2	1180	981	0	0
AT5G66005.7	910	711	0	0
AT5G66005.1	876	677	0	0
AT5G66005.8	1046	847	0	0
AT5G66005.4	1002	803	0	0
AT5G66005.5	1002	803	0	0
AT2G29525.4	1059	860	0	0
AT2G29525.1	1191	992	0	0
AT2G29525.2	1491	1292	0	0
AT2G29525.3	1120	921	8	2.83837
AT2G29525.5	720	521	0	0
AT5G51080.2	1382	1183	17.9901	4.96921
AT5G51080.3	1321	1122	0.00987572	0.00287617
AT5G51080.1	1489	1290	0	0
AT5G64680.3	857	658	31.0583	15.4238
AT5G64680.1	896	697	0.000314342	0.00014737
AT5G64680.2	1046	847	30.9413	11.937
AT4G19110.3	1522	1323	153.259	37.8534
AT4G19110.2	2544	2345	254.997	35.5329
AT4G19110.1	2565	2366	485.744	67.0858
AT1G16240.4	1044	845	0	0
AT1G16240.1	1255	1056	0	0
AT1G16240.3	1086	887	80.2173	29.5517
AT1G16240.2	1065	866	69.7827	26.3311
AT3G07390.1	1196	997	309	101.275
AT3G07390.2	1086	887	0	0
AT4G25940.1	2296	2097	35.8835	5.59159
AT5G28150.1	1606	1407	62	14.3991
AT1G53500.1	2526	2327	433	60.8037
AT1G01520.5	1361	1162	0	0
AT1G01520.4	1426	1227	13.9481	3.71458
AT1G01520.2	1506	1307	2.00201	0.500529
AT1G01520.3	1429	1230	9.8388	2.61382
AT1G01520.1	1349	1150	79.211	22.5074
AT5G22170.1	540	341	0	0
AT2G43130.1	1060	861	98	37.193
AT1G57630.1	713	514	1	0.635734
AT5G53895.1	512	313	3	3.13195
AT1G34140.1	1224	1025	0	0
AT2G16300.1	1330	1131	0	0
AT3G16370.1	1911	1712	1788	341.272
AT2G21185.1	612	413	42	33.2306
AT2G27315.1	538	339	0	0
AT5G42235.1	575	376	0	0
AT1G12440.3	1489	1290	0	0
AT1G12440.1	1333	1134	166	47.8336
AT1G12440.2	1543	1344	0	0
AT1G77290.2	1421	1222	13.5164	3.61434
AT1G77290.1	1754	1555	9.82065	2.06371
AT1G77290.3	1324	1125	1.3834	0.401822
AT5G15610.1	1755	1556	75.0577	15.7625
AT5G15610.2	1679	1480	152.942	33.7679
AT5G20480.2	4306	4107	14	1.11389
AT5G20480.1	4122	3923	0	0
AT3G20460.1	1807	1608	9	1.82892
AT1G31750.1	921	722	4	1.81034
AT2G45940.2	1128	929	1	0.351741
AT2G45940.1	1223	1024	0	0
AT5G50915.4	1759	1560	0	0
AT5G50915.2	1734	1535	0	0
AT5G50915.1	1600	1401	53	12.3616
AT5G50915.3	1715	1516	0	0
AT5G54880.1	1441	1242	19	4.99885
AT5G07175.1	411	212	0	0
AT5G63730.1	1521	1322	0	0
AT4G12560.3	1847	1648	0.00107477	0.000213106
AT4G12560.2	1994	1795	33.9721	6.18439
AT4G12560.1	1664	1465	79.0268	17.6269
AT4G05620.1	399	200	0	0
AT4G34460.2	1868	1669	0	0
AT4G34460.4	1616	1417	121.445	28.0057
AT4G34460.1	1850	1651	71.6354	14.1781
AT4G34460.3	1642	1443	42.9201	9.71924
AT4G27760.1	1406	1207	105	28.4263
AT2G15185.1	576	377	0	0
AT5G12970.1	2664	2465	39	5.16995
AT2G05230.1	2911	2712	77.2281	9.30516
AT1G17410.3	1111	912	2.96127	1.06101
AT1G17410.1	959	760	0	0
AT1G17410.2	942	743	16.0387	7.05374
AT4G30920.1	2018	1819	419.035	75.2759
AT3G09040.3	3207	3008	0	0
AT3G09040.4	3087	2888	0	0
AT3G09040.2	4123	3924	15	1.24911
AT3G09040.1	3662	3463	0	0
AT5G07810.1	3855	3656	56	5.00519
AT1G66145.1	306	107	0	0
AT4G18760.1	1782	1583	65	13.4175
AT1G02440.2	756	557	1.23724	0.725831
AT1G02440.1	649	450	1.3112	0.952126
AT5G40960.1	799	600	11	5.99073
AT5G54810.1	1788	1589	519	106.729
AT2G36670.3	1787	1588	10.7857	2.21939
AT2G36670.4	1939	1740	11.5784	2.17438
AT2G36670.2	1850	1651	27.636	5.46974
AT2G36670.1	1854	1655	0	0
AT3G59060.1	1846	1647	219.319	43.5132
AT3G59060.4	2013	1814	44.8408	8.07746
AT3G59060.2	2282	2083	26.2847	4.12336
AT3G59060.3	1858	1659	126.555	24.9272
AT1G56600.1	1435	1236	7	1.85062
AT1G21110.1	1435	1236	21.6948	5.73557
AT3G10405.1	2331	2132	89	13.6408
AT3G55190.1	1295	1096	0	0
AT4G30600.1	2499	2300	363.158	51.5948
AT4G30600.2	2404	2205	144.842	21.4647
AT1G23810.1	726	527	0	0
AT1G48640.1	1589	1390	10	2.35084
AT5G27950.1	4080	3881	26.6697	2.2455
AT5G27950.2	3251	3052	138.33	14.8106
AT4G39930.1	795	596	0	0
AT4G39930.2	618	419	1	0.779874
AT4G36795.1	225	29.9375	0	0
AT4G15215.7	4950	4751	0	0
AT4G15215.1	4475	4276	8.28455	0.633096
AT4G15215.2	4892	4693	3.54131e-05	2.46577e-06
AT4G15215.3	5076	4877	0	0
AT4G15215.6	4840	4641	12.7151	0.895254
AT4G15215.5	4933	4734	0	0
AT4G15215.11	4562	4363	0	0
AT4G15215.10	4513	4314	0.000321472	2.43501e-05
AT4G15215.8	4883	4684	0	0
AT4G15215.4	5000	4801	0	0
AT4G15215.9	4714	4515	0	0
AT4G14590.1	1918	1719	11	2.09101
AT1G62430.1	1950	1751	79	14.7428
AT3G09280.1	538	339	2	1.92783
AT4G18203.1	234	36.8813	0.537791	4.76482
AT4G18700.1	2261	2062	526	83.3557
AT4G20670.1	801	602	0	0
AT3G63280.1	2113	1914	0	0
AT3G63280.3	2056	1857	0	0
AT3G63280.2	1973	1774	30	5.52594
AT3G63280.4	2028	1829	0	0
AT4G12617.1	384	185	0	0
AT5G01670.1	1399	1200	0	0
AT5G01670.2	1480	1281	25	6.37719
AT1G16780.2	2793	2594	24.8396	3.12905
AT1G16780.3	2766	2567	0	0
AT1G16780.1	2795	2596	10.2539	1.2907
AT2G38730.1	988	789	50	20.7077
AT3G15980.7	3267	3068	90.3209	9.61991
AT3G15980.4	3470	3271	0.296458	0.0296157
AT3G15980.2	3391	3192	27.8354	2.84952
AT3G15980.5	3356	3157	0	0
AT3G15980.6	3427	3228	21.5273	2.17918
AT3G15980.1	3200	3001	0	0
AT3G15980.3	3248	3049	226.501	24.2746
AT1G77250.1	2038	1839	42	7.46287
AT5G60880.2	1211	1012	0	0
AT5G60880.1	1186	987	16	5.29714
AT5G61590.1	1256	1057	58	17.9305
AT5G01520.2	1325	1126	0	0
AT5G01520.1	1306	1107	12	3.54219
AT1G73260.1	1185	986	24	7.95376
AT3G20180.2	877	678	0	0
AT3G20180.3	672	473	0	0
AT3G20180.4	532	333	0	0
AT3G20180.1	357	158	1	2.06815
AT1G22020.1	3027	2828	83.9045	9.69492
AT1G22020.2	2595	2396	60.0955	8.19584
AT1G66650.1	1186	987	5	1.65536
AT5G52190.1	913	714	37.3086	17.0745
AT2G45430.1	1769	1570	87	18.1075
AT1G02490.1	298	99	0	0
AT3G21340.1	2928	2729	17	2.03556
AT3G21340.2	3013	2814	0	0
AT1G09510.1	1106	907	0	0
AT4G18140.5	2469	2270	31.9815	4.60375
AT4G18140.6	2649	2450	0	0
AT4G18140.2	1633	1434	7.24867	1.65176
AT4G18140.3	1636	1437	5.76981	1.31203
AT4G18140.1	1826	1627	0	0
AT4G18140.4	2510	2311	0	0
AT1G46840.1	1428	1229	0	0
AT1G77780.1	1229	1030	0	0
AT1G53875.1	842	643	16.3498	8.30882
AT5G47455.6	631	432	3.38608	2.56125
AT5G47455.3	539	340	0.000225084	0.000216323
AT5G47455.9	1279	1080	0	0
AT5G47455.8	698	499	0	0
AT5G47455.4	536	337	5.90221	5.72299
AT5G47455.2	724	525	1.41129	0.878406
AT5G47455.7	608	409	0	0
AT5G47455.10	737	538	2.67662	1.62571
AT5G47455.5	835	636	0	0
AT5G47455.11	1212	1013	8.16935	2.63522
AT5G47455.1	623	424	1.45422	1.12073
AT1G22000.1	1493	1294	3	0.757574
AT2G33870.1	959	760	0	0
AT5G45570.2	3051	2852	0	0
AT5G45570.1	2766	2567	0	0
AT4G16857.1	1346	1147	11.1527	3.17728
AT4G16857.2	1216	1017	0	0
AT1G34403.1	199	16.2791	0	0
AT5G06890.1	201	17.0167	0	0
AT3G50373.1	447	248	0	0
AT5G53880.1	754	555	63	37.0925
AT1G47420.1	1117	918	476	169.435
AT2G42910.1	1434	1235	243	64.2951
AT5G50830.2	1328	1129	0	0
AT5G50830.1	1377	1178	0	0
AT5G02590.1	1130	931	78	27.3768
AT2G46170.2	903	704	3.56134	1.65302
AT2G46170.1	1441	1242	145.439	38.2646
AT3G62530.1	940	741	785.457	346.372
AT4G25440.1	1846	1647	42	8.33286
AT4G25440.3	1840	1641	0	0
AT4G25440.2	1947	1748	0	0
AT5G06260.1	1878	1679	75.9522	14.7818
AT5G06260.2	1817	1618	17.618	3.55809
AT5G06260.3	1514	1315	2.58933	0.643427
AT2G38280.2	3102	2903	147.803	16.637
AT2G38280.1	3087	2888	159.197	18.0126
AT1G55390.1	2268	2069	4	0.631739
AT5G20650.1	740	541	153	92.4129
AT5G55530.3	1965	1766	49.6562	9.18801
AT5G55530.1	2280	2081	26.4254	4.14942
AT5G55530.2	1818	1619	80.9184	16.332
AT1G51530.2	1217	1018	0	0
AT1G51530.1	1176	977	2	0.668919
AT2G03460.1	1280	1081	1	0.302282
AT4G24150.2	1559	1360	0	0
AT4G24150.1	1650	1451	0	0
AT4G24150.3	1863	1664	9	1.76737
AT2G01430.1	1018	819	9.77852	3.90147
AT2G01430.2	2359	2160	3.22148	0.487348
AT2G28900.1	964	765	105	44.8504
AT5G47170.1	741	542	1	0.602891
AT5G63375.1	315	116	0	0
AT4G29560.1	2046	1847	7	1.23842
AT3G48740.1	1387	1188	435	119.65
AT1G70580.1	2157	1958	79.1109	13.2027
AT1G70580.3	1817	1618	248.889	50.265
AT1G70580.2	2124	1925	0	0
AT1G70580.4	1929	1730	0	0
AT1G25550.2	1801	1602	46.1944	9.42249
AT1G25550.1	1716	1517	85.8056	18.4828
AT4G39100.2	1526	1327	12.7119	3.13024
AT4G39100.1	1546	1347	108.288	26.2695
AT1G06390.1	1771	1572	201.303	41.8443
AT1G06390.2	1590	1391	82.2981	19.3331
AT2G19090.1	3186	2987	52	5.68861
AT5G46710.1	1125	926	7.46906	2.63568
AT5G46710.3	1280	1081	0	0
AT5G46710.2	1311	1112	0	0
AT5G23411.1	147	6.75012	0	0
AT1G30810.1	4111	3912	0	0
AT1G30810.2	3077	2878	86	9.76441
AT1G30810.3	2782	2583	1.88041e-07	2.37885e-08
AT1G08520.1	2643	2444	1012	135.306
ATMG00520.1	2019	1820	8	1.43634
AT1G07705.2	2441	2242	106.135	15.4689
AT1G07705.1	2607	2408	8.86531	1.20303
AT3G24620.1	1977	1778	0	0
AT3G17920.3	3381	3182	2.3227e-05	2.38523e-06
AT3G17920.2	3460	3261	28.0564	2.81138
AT3G17920.1	3417	3218	43.9436	4.46219
AT2G43730.1	1047	848	0	0
AT3G26950.1	2213	2014	160	25.9597
AT2G11462.1	435	236	0	0
AT5G25030.1	582	383	0	0
AT5G10530.1	3045	2846	0	0
AT5G65320.1	1176	977	11	3.67906
AT5G65320.2	925	726	0	0
AT3G25805.1	1232	1033	73	23.092
AT4G37530.2	1131	932	0	0
AT4G37530.1	1399	1200	43.698	11.8992
AT5G35604.1	897	698	0	0
AT5G13650.1	2431	2232	1926.58	282.054
AT5G13650.2	2602	2403	887.416	120.673
AT2G22510.1	762	563	66	38.3066
AT5G19850.1	1383	1184	192	52.9893
AT2G17220.1	1896	1697	33.3911	6.42965
AT2G17220.2	1841	1642	105.609	21.0168
AT2G29120.1	3146	2947	32	3.5482
AT3G30739.1	775	576	0	0
AT1G59920.1	419	220	0	0
AT5G48385.1	2304	2105	527	81.8082
AT4G33480.1	1394	1195	92	25.157
AT5G07460.1	1214	1015	126	40.5642
AT3G52840.1	2543	2344	32.9806	4.59769
AT3G52840.2	2636	2437	131.019	17.5678
AT3G44660.1	429	230	1.73917	2.47089
AT3G57072.1	138	6.07083	0	0
AT4G03940.1	1360	1161	13	3.65889
AT5G18661.1	475	276	2	2.36788
AT3G13350.1	1418	1219	62	16.6198
AT5G59710.1	2970	2771	0	0
AT5G59710.2	2470	2271	152	21.8708
AT5G59710.3	2460	2261	0	0
AT1G01190.2	1690	1491	16.2401	3.55918
AT1G01190.1	1669	1470	20.7599	4.61473
AT1G24600.1	413	214	3	4.58085
AT1G14260.3	1358	1159	0	0
AT1G14260.1	1378	1179	0	0
AT1G14260.2	1470	1271	8	2.05676
AT4G08870.2	1350	1151	30.2578	8.59015
AT4G08870.1	1469	1270	335.684	86.3706
AT1G78620.1	1250	1051	109	33.8893
AT1G78620.2	1270	1071	0	0
AT4G09462.1	468	269	0	0
AT5G14410.1	606	407	3.80208	3.05257
AT5G14410.2	702	503	26.1979	17.0191
AT4G12310.1	2425	2226	174.953	25.6823
AT4G16820.1	1914	1715	0	0
AT5G01980.1	2270	2071	82.4882	13.0152
AT4G21705.1	1815	1616	22	4.44856
AT5G49780.1	2732	2533	0	0
AT5G49780.2	3107	2908	0	0
AT5G49780.3	3041	2842	17	1.95462
AT3G46910.1	838	639	0	0
AT5G48900.1	1647	1448	123	27.7572
AT5G10600.1	1858	1659	17.6055	3.46769
AT5G61310.3	600	401	0	0
AT5G61310.4	426	227	0	0
AT5G61310.1	540	341	0	0
AT5G61310.6	609	410	22.4327	17.8787
AT5G61310.5	615	416	11.2904	8.86861
AT5G61310.2	1658	1459	38.2769	8.57273
AT1G19330.1	1414	1215	0	0
AT1G19330.3	1251	1052	19.2979	5.99422
AT1G19330.2	1399	1200	23.7021	6.45422
AT1G07000.1	2276	2077	58	9.12494
AT5G28470.2	1856	1657	0	0
AT5G28470.1	1742	1543	0	0
AT1G60140.3	3738	3539	0	0
AT1G60140.4	3729	3530	0	0
AT1G60140.5	3312	3113	72.1015	7.56839
AT1G60140.2	3907	3708	0	0
AT1G60140.1	3584	3385	0	0
AT1G60140.6	3226	3027	7.89849	0.852648
AT1G31240.1	1071	872	1	0.374733
AT3G60330.1	3235	3036	0	0
AT3G60330.3	3275	3076	146.997	15.6156
AT3G60330.2	3237	3038	0.00339649	0.000365326
AT3G60330.4	3309	3110	0	0
AT3G59420.1	3535	3336	88	8.61976
AT5G51480.1	2402	2203	0	0
AT5G42030.4	907	708	47.6169	21.9769
AT5G42030.3	1165	966	51.5219	17.4282
AT5G42030.2	1281	1082	31.5327	9.52298
AT5G42030.1	1258	1059	2.32848	0.718481
AT2G14710.1	1472	1273	0	0
AT1G06100.1	958	759	4	1.72209
AT3G25470.1	1317	1118	219	64.0089
AT2G12205.1	129	5.5143	0	0
AT4G03510.4	1353	1154	14.8289	4.19895
AT4G03510.2	1533	1334	0	0
AT4G03510.1	1632	1433	0	0
AT4G03510.3	1914	1715	9.17112	1.74742
AT1G35750.1	1587	1388	0	0
AT5G59570.1	2046	1847	1	0.176918
AT5G59570.2	2901	2702	0	0
AT3G58860.1	1396	1197	0	0
AT5G38480.2	1316	1117	55.7271	16.3024
AT5G38480.1	1239	1040	915.292	287.584
AT5G38480.3	1476	1277	7.98125	2.04229
AT2G36090.1	1079	880	30	11.1398
AT5G23610.2	2187	1988	90.1977	14.8258
AT5G23610.1	2370	2171	47.8023	7.19495
AT5G13560.1	3436	3237	281.739	28.4408
AT1G35420.1	1275	1076	134	40.694
AT1G35420.3	1285	1086	0	0
AT1G35420.2	1251	1052	6.05446e-07	1.88061e-07
AT3G28190.1	339	140	0	0
AT4G37410.1	1722	1523	599	128.518
AT4G34080.1	846	647	0	0
AT5G10540.1	6105	5906	466.826	25.8286
AT5G43940.2	1440	1241	61.5324	16.2021
AT5G43940.1	1364	1165	703.468	197.313
AT5G03885.1	1204	1005	3	0.975424
AT3G50230.1	2034	1835	4	0.712299
AT3G50230.2	2132	1933	0	0
AT2G03470.1	1777	1578	50.9415	10.5488
AT2G03470.2	1708	1509	63.0585	13.655
AT2G30090.1	1234	1035	0	0
AT4G15680.1	701	502	14	9.11303
AT4G26890.1	1570	1371	7	1.6684
AT4G27350.1	1382	1183	43	11.8774
AT4G26930.1	1619	1420	0	0
AT1G08760.1	2895	2696	93	11.272
AT1G59724.1	419	220	0	0
AT4G09465.1	465	266	0	0
AT5G43700.1	1356	1157	154.444	43.6189
AT5G40970.1	1646	1447	35.7685	8.07739
AT2G20142.1	1032	833	3	1.17683
AT3G24610.1	1128	929	0	0
AT1G62000.1	788	589	0	0
AT5G49730.1	2675	2476	69.3902	9.15769
AT5G49730.2	2757	2558	62.3902	7.96993
AT4G00416.1	492	293	0	0
AT4G08280.2	1481	1282	9.83634	2.50717
AT4G08280.3	872	673	47.2779	22.9552
AT4G08280.1	795	596	69.8858	38.3161
AT1G77740.1	3113	2914	147.455	16.5352
AT1G77740.2	2698	2499	83.5446	10.9242
AT5G07840.1	1292	1093	36	10.7627
AT1G41880.2	1292	1093	10.7011	3.19925
AT1G41880.1	729	530	673.93	415.506
AT1G67940.1	1063	864	67	25.3396
AT2G01410.1	1368	1169	70.4912	19.7042
AT4G16295.1	456	257	0	0
AT1G61670.2	1693	1494	37.5032	8.20268
AT1G61670.1	1985	1786	91.4968	16.7403
AT4G15940.1	1044	845	84	32.4834
AT1G70320.1	11639	11440	1269.31	36.256
AT5G46550.1	1855	1656	85	16.7725
AT4G39180.2	2005	1806	4.55758e-08	8.24621e-09
AT4G39180.1	2321	2122	31.011	4.77538
AT4G39180.3	1791	1592	1.08766e-06	2.23249e-07
AT5G18150.1	662	463	21.0837	14.88
AT4G21130.1	1465	1266	0	0
AT4G29310.1	2148	1949	45.7003	7.66206
AT4G29310.2	2122	1923	13.2997	2.25996
AT4G26610.1	2158	1959	152.257	25.397
AT1G18220.1	138	6.07083	0	0
AT1G30270.1	2295	2096	152	23.6969
AT1G30270.3	2374	2175	0	0
AT1G30270.2	2371	2172	0	0
AT2G14610.1	902	703	1	0.464818
AT5G42950.1	5651	5452	445	26.6712
AT3G47690.1	1328	1129	19	5.49918
AT1G80010.1	2606	2407	113	15.3405
AT5G48030.1	2067	1868	122	21.3413
AT3G22910.1	3199	3000	6	0.653534
AT5G05330.3	947	748	3	1.31056
AT5G05330.1	988	789	0	0
AT5G05330.2	1010	811	0	0
AT2G13770.1	1081	882	0	0
AT5G22890.1	1579	1380	9	2.13109
AT5G50590.2	1212	1013	0	0
AT5G50590.1	1146	947	0.5	0.172528
AT5G58480.1	1712	1513	50	10.7986
AT3G30460.2	736	537	2	1.21701
AT3G30460.1	772	573	0	0
AT5G18475.1	1765	1566	15	3.12995
AT3G11050.1	1148	949	3	1.03298
AT4G30570.1	1173	974	6	2.01294
AT3G13690.3	3422	3223	0	0
AT3G13690.1	3622	3423	24.6851	2.35649
AT3G13690.2	3206	3007	231.315	25.1367
AT4G29250.1	1511	1312	0	0
AT5G44720.1	1317	1118	182.118	53.229
AT5G44720.2	875	676	12.8824	6.22711
AT1G60460.4	1323	1124	0	0
AT1G60460.3	1758	1559	0	0
AT1G60460.2	1637	1438	0	0
AT1G60460.1	1719	1520	6	1.28987
AT1G60460.5	1141	942	0	0
AT5G44580.1	844	645	304	154.011
AT4G32380.1	1493	1294	0	0
AT4G32380.2	1329	1130	0	0
AT2G34460.1	1146	947	489.503	168.905
AT3G53270.9	1825	1626	0	0
AT3G53270.3	1650	1451	0	0
AT3G53270.8	1985	1786	16.6916	3.0539
AT3G53270.4	1753	1554	0	0
AT3G53270.7	1343	1144	25.6135	7.31613
AT3G53270.6	1341	1142	8.28285	2.37002
AT3G53270.1	1473	1274	0	0
AT3G53270.5	1449	1250	14.8478	3.88143
AT3G53270.2	1664	1465	13.5642	3.02549
AT1G49000.1	1219	1020	42	13.4551
AT4G23320.3	1879	1680	0	0
AT4G23320.1	1936	1737	0	0
AT4G23320.2	2029	1830	0	0
AT1G14390.1	2547	2348	29.2703	4.07349
AT2G40880.1	645	446	109	79.8601
AT1G17110.1	3320	3121	106.229	11.1221
AT1G17110.3	3503	3304	49.6346	4.90888
AT1G17110.2	3377	3178	82.1364	8.4454
AT3G05190.1	2354	2155	0.00296009	0.000448844
AT3G05190.3	2336	2137	44.997	6.88046
AT3G05190.2	2634	2435	0	0
AT3G19850.1	2062	1863	26	4.56036
AT1G34817.1	576	377	0	0
AT3G02000.1	798	599	3.5773	1.95149
AT1G30610.1	3154	2955	17.0588	1.88639
AT1G30610.2	3307	3108	60.9412	6.4072
AT1G69230.1	780	581	12	6.74906
AT1G69230.2	652	453	0	0
AT4G28870.1	300	101	0	0
AT1G50000.3	637	438	0	0
AT1G50000.1	1061	862	21	7.96068
AT1G50000.5	495	296	0	0
AT1G50000.4	709	510	0	0
AT1G50000.2	990	791	2.20603e-07	9.11326e-08
AT5G27210.1	1221	1022	19.5838	6.26157
AT5G38100.2	1198	999	0	0
AT5G38100.3	1011	812	2	0.804845
AT5G38100.1	1404	1205	0	0
AT5G38100.4	756	557	0	0
AT1G24800.1	2043	1844	48.1895	8.53946
AT1G34190.1	2626	2427	256	34.4674
AT1G14370.1	1828	1629	25	5.01484
AT1G28580.1	1612	1413	154.847	35.8095
AT1G28580.2	1874	1675	23.1533	4.51686
AT3G58330.1	522	323	0	0
AT1G15270.1	479	280	306	357.11
AT5G44400.1	2014	1815	89	16.0233
AT1G20140.1	1394	1195	46	12.5785
AT3G02410.3	1620	1421	0	0
AT3G02410.1	3788	3589	0	0
AT3G02410.2	1335	1136	2	0.575294
AT5G41640.1	594	395	0	0
AT5G63750.1	1773	1574	1	0.207603
AT2G34240.1	2316	2117	3	0.463062
AT1G78920.3	2875	2676	0.00203975	0.000249074
AT1G78920.2	3418	3219	0	0
AT1G78920.1	3173	2974	389.835	42.8329
AT3G17360.2	6787	6588	0.999871	0.0495939
AT3G17360.1	6763	6564	66.0001	3.2856
AT3G17360.3	6747	6548	2.05671e-05	1.02637e-06
AT1G26660.1	987	788	24	9.9523
AT1G26660.2	768	569	0	0
AT1G76120.1	1754	1555	63	13.2388
AT1G76120.2	1763	1564	0	0
AT2G27900.1	3938	3739	198.421	17.3409
AT2G27900.2	3923	3724	33.3097	2.9228
AT4G02520.1	1471	1272	575.158	147.754
ATCG00040.1	1581	1382	28	6.62046
AT3G24790.2	1243	1044	0	0
AT3G24790.1	1166	967	0	0
AT2G37860.1	1635	1436	5.34335e-05	1.2159e-05
AT2G37860.4	1836	1637	0	0
AT2G37860.2	1842	1643	0	0
AT2G37860.3	1701	1502	200	43.5109
AT2G38185.1	1928	1729	29	5.48077
AT2G38185.4	1946	1747	0	0
AT2G38185.3	2005	1806	0	0
AT2G38185.2	2025	1826	0	0
AT1G18975.1	692	493	0	0
AT1G23750.1	1001	802	0	0
AT1G23750.2	943	744	41	18.0073
AT1G15420.2	1292	1093	39.5154	11.8137
AT1G15420.1	1341	1142	74.4846	21.3127
AT5G23290.1	734	535	87	53.1378
AT4G20000.1	1026	827	16	6.32198
AT1G76250.1	1705	1506	1	0.216977
AT2G34317.1	724	525	0	0
AT1G78510.1	1890	1691	128.139	24.7615
AT1G78510.2	1604	1405	324.861	75.5543
AT5G27080.1	1329	1130	0	0
AT3G50080.1	1925	1726	64	12.1165
AT4G30590.1	842	643	0	0
AT5G51030.1	1281	1082	0	0
AT5G06540.1	1973	1774	4	0.736792
AT1G59124.1	4002	3803	126.481	10.8677
AT1G59124.2	4090	3891	148.23	12.4484
AT2G32640.1	2223	2024	46.9943	7.58705
AT2G32640.2	2287	2088	78.0057	12.2077
AT3G13930.1	2256	2057	675.828	107.359
AT4G13920.1	2757	2558	26.5269	3.38864
AT1G73325.1	863	664	1	0.492119
AT5G25880.2	2215	2016	0	0
AT5G25880.3	2167	1968	0	0
AT5G25880.1	2117	1918	4	0.681475
AT5G13990.1	2325	2126	10	1.537
AT3G28250.1	366	167	0	0
AT1G48380.2	1452	1253	23.3349	6.08546
AT1G48380.1	1783	1584	16.0108	3.3029
AT4G06536.1	798	599	10	5.45521
AT2G41020.1	1821	1622	39.2364	7.90454
AT2G41020.2	2095	1896	4.76361	0.820987
AT3G08990.3	714	515	0	0
AT3G08990.1	968	769	0	0
AT3G08990.2	812	613	13	6.92981
AT5G58630.1	1269	1070	1	0.30539
AT1G69100.1	1210	1011	0	0
AT1G69100.2	1278	1079	0	0
AT1G56650.1	1109	910	28	10.0544
AT5G13750.4	1835	1636	125.269	25.0207
AT5G13750.3	1976	1777	0	0
AT5G13750.2	1758	1559	37.9505	7.95444
AT5G13750.1	2363	2164	4.78046	0.721857
AT3G08020.1	2970	2771	59	6.95751
AT4G21490.2	2089	1890	0	0
AT4G21490.1	1943	1744	0	0
AT4G17530.1	1034	835	597	233.629
AT5G41350.2	1862	1663	0	0
AT5G41350.3	1322	1123	5.60976	1.63231
AT5G41350.1	1404	1205	29.3902	7.96993
AT5G15550.3	1773	1574	49.5937	10.2958
AT5G15550.1	1681	1482	105.355	23.2297
AT5G15550.2	1571	1372	0.0515477	0.012277
AT5G57240.3	1792	1593	0	0
AT5G57240.1	1890	1691	0	0
AT5G57240.5	1508	1309	0	0
AT5G57240.2	1483	1284	9.68906	2.46578
AT5G57240.4	1583	1384	0	0
AT4G32610.1	1776	1577	163.115	33.7988
AT3G52340.3	1668	1469	138.981	30.9153
AT3G52340.1	1767	1568	14.4974	3.02122
AT3G52340.7	1441	1242	32.8988	8.65558
AT3G52340.5	1746	1547	0.000626796	0.000132396
AT3G52340.2	1819	1620	73.0102	14.7268
AT3G52340.4	1831	1632	18.6115	3.72649
AT3G52340.6	1699	1500	3.71647e-07	8.09614e-08
AT5G54480.1	2163	1964	0	0
AT2G31340.1	2744	2545	38	4.87904
AT1G25240.1	1263	1064	0	0
AT1G25240.2	1585	1386	0	0
AT2G16016.1	256	57.1478	0	0
AT1G06990.1	1277	1078	0	0
AT1G08720.2	3260	3061	0	0
AT1G08720.1	3181	2982	52	5.69815
AT2G38330.1	1753	1554	117	24.6022
AT2G40460.1	2467	2268	98	14.1196
AT5G57230.2	845	646	16.5641	8.37864
AT5G57230.1	806	607	3.43591	1.84966
AT2G20330.1	2332	2133	144	22.0602
AT3G48830.1	1848	1649	15	2.97241
AT1G22740.1	1059	860	34	12.9187
AT4G13040.2	1493	1294	0.00211037	0.00053292
AT4G13040.5	1566	1367	0	0
AT4G13040.3	1386	1187	0	0
AT4G13040.7	1383	1184	28.7396	7.93172
AT4G13040.1	1495	1296	0.00272271	0.00068649
AT4G13040.4	1424	1225	11.466	3.05853
AT4G13040.8	1364	1165	2.83961	0.796473
AT4G13040.6	1422	1223	8.94998	2.3913
AT5G56330.2	1282	1083	0	0
AT5G56330.1	1071	872	0	0
AT4G21100.1	3720	3521	184	17.0762
AT3G61810.1	1209	1010	0	0
AT5G58710.1	963	764	252	107.782
AT5G26340.1	2580	2381	59	8.09713
AT5G24850.1	1917	1718	209	39.7522
AT3G01961.1	171	9.50903	0	0
AT2G48160.1	4798	4599	344.321	24.4646
AT2G48160.2	4945	4746	23.6794	1.63036
AT3G58610.2	1986	1787	1633.07	298.621
AT3G58610.1	2150	1951	1169.75	195.919
AT3G58610.3	2133	1934	0.171702	0.0290106
AT5G42170.1	1786	1587	0	0
AT1G64260.1	2456	2257	0	0
AT1G64260.2	2213	2014	1	0.162248
AT2G24780.1	561	362	0	0
AT2G18030.2	1167	968	0	0
AT2G18030.1	1262	1063	59	18.1367
AT5G08660.4	2453	2254	21.5337	3.12178
AT5G08660.1	2623	2424	57.0353	7.68864
AT5G08660.2	2683	2484	0	0
AT5G08660.3	2569	2370	20.431	2.81696
AT1G08900.3	1714	1515	8.85965	1.91092
AT1G08900.2	1827	1628	0	0
AT1G08900.5	1849	1650	0	0
AT1G08900.4	1871	1672	0	0
AT1G08900.1	1543	1344	8.14035	1.97917
AT1G79940.1	2319	2120	254.374	39.2081
AT1G79940.3	2322	2123	0.0433599	0.00667385
AT1G79940.2	2449	2250	97.5826	14.1719
AT1G79940.4	2045	1846	0	0
AT1G76185.1	867	668	13	6.35924
AT3G53294.1	126	5.35093	0	0
AT5G08490.7	3781	3582	0.000238129	2.17233e-05
AT5G08490.1	4165	3966	0	0
AT5G08490.6	4359	4160	0	0
AT5G08490.3	4570	4371	0	0
AT5G08490.5	4373	4174	0	0
AT5G08490.2	4073	3874	12.1694	1.02647
AT5G08490.4	4465	4266	0	0
AT5G08490.8	2801	2602	0	0
AT1G11591.1	636	437	12	8.97301
AT5G18630.1	1682	1483	12.723	2.80342
AT5G18630.3	1154	955	0	0
AT5G18630.2	1678	1479	26.2792	5.80608
AT1G29480.1	678	479	0	0
AT1G06010.1	907	708	25	11.5384
AT1G09850.1	1752	1553	72	15.1495
AT3G52905.1	751	552	19	11.2474
AT1G76870.3	1768	1569	0	0
AT1G76870.1	1281	1082	11	3.32203
AT1G76870.2	1790	1591	0	0
AT1G61750.1	1245	1046	0	0
AT5G12330.4	1951	1752	0	0
AT5G12330.2	1586	1387	11.7154	2.76006
AT5G12330.3	1671	1472	7.06413	1.56816
AT5G12330.1	2067	1868	18.2205	3.18729
AT2G16720.1	1287	1088	41	12.3138
AT5G65005.1	815	616	0	0
AT1G54630.1	943	744	342.864	150.587
AT1G54630.2	1025	826	9.5191	3.76577
AT2G38340.1	1131	932	1	0.350608
AT4G10340.1	1389	1190	17252	4737.3
AT1G52870.1	1391	1192	342.482	93.8859
AT1G52870.2	1762	1563	168.518	35.231
AT1G54310.2	1365	1166	20.6638	5.79094
AT1G54310.1	1486	1287	44.3362	11.2569
AT4G12760.1	1046	847	19	7.33008
AT3G09970.1	1247	1048	78	24.3205
AT3G09970.2	1288	1089	0	0
AT5G22875.2	599	400	16.3818	13.3826
AT5G22875.1	502	303	20.7662	22.3951
AT5G22875.3	1183	984	4.85193	1.61123
AT2G18630.2	2290	2091	0	0
AT2G18630.1	2129	1930	97	16.423
AT1G75860.2	1353	1154	46.16	13.0707
AT1G75860.1	1228	1029	36.84	11.6988
AT5G23230.1	754	555	7	4.12139
AT1G48180.4	749	550	0	0
AT1G48180.1	764	565	0	0
AT1G48180.3	937	738	0	0
AT1G48180.2	952	753	0	0
AT2G03380.1	2134	1935	8	1.35098
AT3G07530.2	2434	2235	6.96989	1.01903
AT3G07530.4	2294	2095	0	0
AT3G07530.5	1744	1545	0.450416	0.0952629
AT3G07530.3	2513	2314	11.5797	1.6352
AT3G07530.1	2356	2157	0	0
AT1G19570.1	912	713	513.709	235.432
AT4G33830.1	1871	1672	0	0
AT5G05440.1	1540	1341	95	23.1491
AT4G26300.5	1973	1774	134.802	24.8302
AT4G26300.2	2067	1868	14.8301	2.59422
AT4G26300.1	2352	2153	215.863	32.7621
AT4G26300.4	1977	1778	0.00109319	0.000200911
AT4G26300.3	2063	1864	0	0
AT1G07910.1	3820	3621	88	7.94132
AT1G07910.2	3942	3743	0	0
AT3G54090.1	1729	1530	133	28.4052
AT5G24360.2	3086	2887	0	0
AT5G24360.3	3033	2834	0	0
AT5G24360.1	3039	2840	93	10.7005
AT2G04680.1	2152	1953	18	3.01168
AT2G21195.2	697	498	2.65252	1.74047
AT2G21195.1	524	325	20.6948	20.8073
AT2G21195.3	601	402	9.43908	7.67259
AT2G21195.4	620	421	4.21363	3.27049
AT1G62290.3	2017	1818	0	0
AT1G62290.2	1861	1662	0	0
AT1G62290.5	1897	1698	0	0
AT1G62290.4	1932	1733	0	0
AT1G62290.1	1825	1626	26	5.22506
AT1G62290.6	1894	1695	0	0
AT1G75450.1	2711	2512	5.08462	0.66142
AT1G75450.2	2023	1824	4.30798	0.771769
AT5G53600.1	417	218	0	0
AT3G21090.1	2450	2251	19.0597	2.76681
AT4G36550.1	2600	2401	32	4.35508
AT3G60286.2	385	186	2	3.51362
AT3G60286.4	852	653	0	0
AT3G60286.6	791	592	0	0
AT3G60286.5	825	626	0	0
AT3G60286.3	781	582	1.29444	0.72677
AT3G60286.1	761	562	5.68664	3.30642
AT3G21945.1	796	597	0	0
AT5G18750.1	3111	2912	45	5.04963
AT1G12540.1	1072	873	0	0
AT4G33730.1	611	412	1	0.793124
AT1G29790.1	1946	1747	69.88	13.0707
AT1G29790.2	1596	1397	36.12	8.4487
AT2G24500.1	1946	1747	206	38.5312
AT2G30680.2	622	423	0	0
AT2G30680.1	913	714	0	0
AT5G62970.1	1350	1151	0	0
AT4G29000.1	2720	2521	48	6.22167
AT3G27940.2	877	678	0	0
AT3G27940.1	740	541	0	0
AT3G27940.3	635	436	0	0
AT5G60950.1	1071	872	65	24.3576
AT5G59470.2	768	569	8.61039	4.9448
AT5G59470.1	845	646	8.38961	4.24373
AT1G51020.1	719	520	0	0
AT3G18950.1	2146	1947	47	7.88806
AT1G24190.1	4441	4242	0.00272085	0.000209591
AT1G24190.2	4552	4353	179.997	13.5119
AT1G24190.3	4348	4149	6.75988e-07	5.32395e-08
AT4G02650.1	2241	2042	1	0.160023
AT4G38790.1	1141	942	84	29.1385
AT3G30383.1	409	210	0	0
AT3G43280.1	474	275	0	0
AT3G23710.2	1508	1309	13.0911	3.26795
AT3G23710.1	1548	1349	28.9089	7.00258
AT2G34230.2	2607	2408	0	0
AT2G34230.1	2355	2156	1	0.151562
AT2G45790.1	1207	1008	290	94.0104
AT4G35040.3	1653	1454	0	0
AT4G35040.2	2376	2177	0	0
AT4G35040.4	1560	1361	161.259	38.7172
AT4G35040.1	2283	2084	36.353	5.70008
AT2G31953.1	315	116	0	0
AT2G34890.1	1794	1595	0	0
AT2G41105.1	334	135	0	0
AT1G33290.1	1466	1267	50.0801	12.916
AT1G33290.3	1215	1016	28.1308	9.04745
AT1G33290.2	1039	840	33.7892	13.1443
AT3G56690.1	3453	3254	59	5.92479
AT5G66730.1	2686	2487	189	24.8327
AT2G12900.1	795	596	0	0
AT2G42400.1	1920	1721	74	14.0504
AT3G28520.1	1437	1238	0	0
AT1G36020.1	351	152	0	0
AT2G38180.1	1480	1281	52	13.2646
AT5G04470.1	792	593	46	25.3479
AT3G43570.1	963	764	0	0
AT3G02310.1	1492	1293	0	0
AT3G02310.2	1494	1295	0	0
AT5G09760.1	1906	1707	139.44	26.6927
AT5G09760.2	2297	2098	37.5601	5.85005
AT4G04404.1	693	494	0	0
AT1G68730.1	565	366	27	24.1058
AT5G36680.1	1002	803	0	0
AT1G27000.1	1504	1305	228	57.0903
AT2G03823.1	90	3.96502	0	0
AT3G54220.1	2778	2579	339	42.9523
AT2G40690.2	1669	1470	9.68433	2.15273
AT2G40690.1	1671	1472	0	0
AT2G40690.3	1558	1359	33.3157	8.01064
AT3G04370.2	1152	953	4	1.37153
AT3G04370.1	1360	1161	0	0
AT5G37793.1	300	101	0	0
AT1G02770.1	1233	1034	1	0.316022
AT1G48100.1	1937	1738	113	21.2455
AT1G70900.1	1369	1170	79	22.0638
AT4G36710.1	1891	1692	62	11.9737
AT4G22900.1	1549	1350	4	0.968199
AT4G21480.1	1526	1327	6	1.47747
AT3G53330.1	933	734	0	0
AT4G34680.2	1627	1428	86.3086	19.7499
AT4G34680.1	1412	1213	1.69143	0.455649
AT5G22590.1	915	716	0	0
AT5G57250.1	3661	3462	61.3109	5.78694
AT5G54710.2	2057	1858	35.626	6.26555
AT5G54710.1	1979	1780	45.374	8.32963
AT3G55340.1	2063	1864	98	17.1798
AT1G18530.1	634	435	0	0
AT4G01470.1	1100	901	0	0
AT5G51440.1	1115	916	40	14.2693
AT1G55060.1	693	494	1	0.661472
AT1G11440.1	1535	1336	29	7.093
AT2G24440.1	2043	1844	10	1.77206
AT2G37110.1	1173	974	273	91.5887
AT3G10250.4	1607	1408	0	0
AT3G10250.1	1469	1270	41.9605	10.7963
AT3G10250.3	1628	1429	0	0
AT3G10250.5	1627	1428	0	0
AT3G10250.2	1419	1220	12.0395	3.22469
AT2G42730.1	1769	1570	8	1.66506
AT3G44160.1	1648	1449	43	9.69702
AT1G05140.1	1514	1315	160	39.7587
AT3G04780.1	1057	858	108	41.1315
AT1G70250.1	2745	2546	111	14.2463
AT2G44450.2	1241	1042	11.6203	3.64409
AT2G44450.1	2068	1869	29.3797	5.13661
AT3G22620.1	868	669	106	51.7748
AT3G47470.1	1295	1096	15365	4581
AT2G13900.1	2171	1972	2.44215	0.404672
AT2G26450.1	2250	2051	0	0
AT5G66580.1	1162	963	30	10.1797
AT2G26880.1	1194	995	0	0
AT1G75060.1	1153	954	0.0478453	0.0163881
AT1G75060.3	1264	1065	0	0
AT1G75060.2	1149	950	5.95215	2.04734
AT1G77540.1	581	382	36	30.7948
AT1G34540.1	1639	1440	0	0
AT3G05370.1	2921	2722	26	3.12121
AT5G60142.3	1310	1111	2	0.58824
AT5G60142.2	1518	1319	0	0
AT5G60142.4	1228	1029	0	0
AT5G60142.1	1432	1233	0	0
AT5G40810.1	1693	1494	594	129.919
AT5G40810.2	1709	1510	0	0
AT5G37820.1	915	716	0	0
AT5G37820.2	1168	969	0	0
AT3G62730.2	729	530	0	0
AT3G62730.1	1200	1001	0	0
AT2G05530.2	582	383	1	0.853178
AT2G05530.1	640	441	0	0
AT2G03190.1	688	489	0	0
AT4G24110.1	992	793	14	5.7689
AT1G78480.1	609	410	11.7796	9.38829
AT1G20220.1	1508	1309	345	86.1227
AT4G36770.1	1552	1353	9	2.17362
AT5G28590.1	651	452	0	0
AT4G14130.1	1207	1008	46.0804	14.9381
AT2G29550.1	1816	1617	938.729	189.7
AT5G23300.1	1749	1550	86	18.1303
AT5G04400.1	735	536	0	0
AT3G13100.2	4060	3861	9.5391	0.807321
AT3G13100.1	4969	4770	20.9901	1.43792
AT5G12410.1	1558	1359	135	32.4603
AT2G45070.3	781	582	7.53345	4.2297
AT2G45070.2	565	366	42.454	37.9032
AT2G45070.4	763	564	174.369	101.025
AT2G45070.1	458	259	142.643	179.966
AT5G20000.1	1792	1593	162.104	33.2519
AT4G23271.1	102	4.33389	0	0
AT4G38810.1	2759	2560	1.85408	0.236662
AT4G38810.2	1752	1553	191.146	40.2191
AT5G48000.3	1962	1763	0	0
AT5G48000.5	1962	1763	0	0
AT5G48000.1	1808	1609	0	0
AT5G48000.6	2019	1820	5.2907	0.949904
AT5G48000.7	1675	1476	14.7093	3.25645
AT5G48000.4	1831	1632	0	0
AT5G48000.2	1833	1634	0	0
AT3G43150.1	672	473	0	0
AT5G35737.1	372	173	0	0
AT2G25295.1	360	161	0	0
AT3G09390.1	963	764	83.7935	35.839
AT3G09390.2	808	609	225.206	120.838
AT3G25510.1	4400	4201	0.040889	0.00318048
AT3G25510.2	4378	4179	16.9591	1.32608
AT4G26640.7	2567	2368	0	0
AT4G26640.3	2562	2363	0	0
AT4G26640.4	2451	2252	0	0
AT4G26640.1	2400	2201	0	0
AT4G26640.6	2162	1963	32.1649	5.35427
AT4G26640.2	2270	2071	113.835	17.9612
AT4G26640.5	2407	2208	0	0
AT5G42560.2	1322	1123	1.45109	0.422234
AT5G42560.1	1440	1241	59.469	15.6588
AT5G42560.3	1461	1262	12.0799	3.12783
AT4G27840.1	1689	1490	32	7.01782
ATCG01130.1	5361	5162	20	1.26605
AT5G43518.1	401	202	0	0
AT3G10490.3	2547	2348	8.59961	1.19679
AT3G10490.1	1792	1593	46.5242	9.54335
AT3G10490.4	1613	1414	38.5026	8.89772
AT3G10490.2	2122	1923	23.2539	3.95144
AT5G05365.1	512	313	11	11.4838
AT1G72340.3	1382	1183	0	0
AT1G72340.2	1380	1181	65.3881	18.092
AT1G72340.1	1432	1233	11.6119	3.07736
AT3G52680.2	1762	1563	0	0
AT3G52680.1	1702	1503	19	4.13079
AT4G21720.2	986	787	0	0
AT4G21720.3	1143	944	0	0
AT4G21720.1	934	735	24	10.6699
AT1G34820.1	279	80.003	0	0
AT3G24030.1	876	677	54	26.0641
AT5G42750.1	1857	1658	32	6.30672
AT1G44990.1	225	29.9375	0	0
AT3G25855.1	568	369	6	5.31329
AT4G28430.1	1681	1482	21	4.6303
AT2G13570.1	1128	929	1	0.351741
AT3G20250.2	3340	3141	171.413	17.8326
AT3G20250.1	3201	3002	0.587079	0.0639035
AT3G20250.3	3385	3186	0	0
AT5G15180.1	1321	1122	20	5.82473
AT1G67290.1	2175	1976	0	0
AT5G05660.1	3278	3079	141	14.964
AT2G39260.1	4134	3935	238	19.7638
AT5G49960.2	3149	2950	0	0
AT5G49960.3	3041	2842	41.9334	4.82141
AT5G49960.1	3057	2858	0.0666136	0.00761621
AT4G16730.2	1728	1529	0	0
AT4G16730.1	1974	1775	0	0
AT3G02370.1	878	679	0	0
AT3G02370.3	1395	1196	0	0
AT3G02370.2	1218	1019	0	0
AT3G02370.4	1297	1098	11	3.27362
AT1G74750.3	3064	2865	55.505	6.33061
AT1G74750.4	2723	2524	13.1687	1.70487
AT1G74750.1	3057	2858	0	0
AT1G74750.2	3786	3587	0	0
AT3G16895.1	434	235	0	0
AT3G27900.1	735	536	0	0
AT3G27900.2	1414	1215	3	0.806832
AT3G27900.3	1144	945	0	0
AT4G11010.1	1233	1034	654.963	206.983
AT1G26840.1	1204	1005	22	7.15311
AT1G23480.3	2149	1950	76	12.7355
AT1G23480.2	2300	2101	5.83345e-05	9.07272e-06
AT1G23480.4	2409	2210	17	2.51359
AT1G23480.1	2173	1974	0	0
AT5G40220.1	975	776	0	0
AT1G51040.1	1583	1384	0	0
AT1G23610.1	667	468	0	0
AT4G15770.1	1050	851	170	65.2766
AT5G65010.1	2223	2024	396.386	63.9951
AT5G65010.2	2071	1872	297.614	51.95
AT4G04540.2	2410	2211	0	0
AT4G04540.3	2265	2066	0	0
AT4G04540.4	2093	1894	0	0
AT4G04540.1	2244	2045	0	0
AT4G38390.1	1922	1723	3	0.56895
AT5G63610.1	2001	1802	83	15.0509
AT1G66230.1	1384	1185	28	7.72108
AT3G44820.1	2870	2671	65	7.95203
AT5G66230.2	1706	1507	0	0
AT5G66230.1	1486	1287	89	22.5969
AT5G48040.1	2281	2082	23	3.60982
AT2G04070.1	1716	1517	6.48565	1.39703
AT3G29300.2	1124	925	0	0
AT3G29300.1	835	636	0	0
AT1G04890.1	2023	1824	0	0
AT2G41090.1	1433	1234	561.253	148.622
AT5G26650.1	1227	1028	0	0
AT5G49150.7	2436	2237	0.0039781	0.000581096
AT5G49150.5	2928	2729	0	0
AT5G49150.1	3052	2853	0	0
AT5G49150.4	3228	3029	0	0
AT5G49150.6	2913	2714	0	0
AT5G49150.8	2421	2222	8.99602	1.32295
AT5G49150.3	3249	3050	0	0
AT5G49150.2	3264	3065	0	0
AT1G09530.6	2143	1944	26.6	4.4712
AT1G09530.4	2567	2368	0	0
AT1G09530.1	2280	2081	0	0
AT1G09530.5	2203	2004	33.4	5.44612
AT1G09530.2	2340	2141	0	0
AT1G09530.3	2704	2505	0	0
AT3G45530.1	2203	2004	7	1.1414
AT3G48500.1	2451	2252	106.226	15.4135
AT3G48500.2	2345	2146	73.7736	11.2334
AT3G14530.1	1320	1121	17.2115	5.0171
AT3G44200.1	3986	3787	54.1	4.6681
AT3G44200.2	3636	3437	105.9	10.0683
AT5G45410.5	1649	1450	0	0
AT5G45410.1	1419	1220	124.649	33.3862
AT5G45410.2	1357	1158	0	0
AT5G45410.4	1666	1467	4.13633	0.921347
AT5G45410.3	1242	1043	63.6587	19.944
AT3G62470.1	2258	2059	19.6554	3.11936
AT1G20340.1	1347	1148	7765	2210.23
AT2G34820.1	1169	970	0	0
AT1G74700.1	1467	1268	11	2.83473
AT5G45990.1	2022	1823	0	0
AT5G45990.2	2264	2065	4	0.632963
AT1G24545.1	549	350	0	0
AT1G21940.1	552	353	0	0
AT1G12620.1	2543	2344	21.3794	2.98041
AT5G05640.1	1247	1048	9.5097	2.96513
AT3G19055.1	342	143	0	0
AT4G15250.1	1280	1081	0	0
AT2G32800.1	2740	2541	75	9.64484
AT3G02770.1	945	746	73	31.9759
AT3G15820.1	1488	1289	136	34.4766
AT5G42260.1	1606	1407	0	0
AT5G37610.1	581	382	1	0.855411
AT4G32105.1	632	433	0	0
AT3G07100.1	4193	3994	584	47.7797
AT3G58830.2	1426	1227	18.1107	4.82313
AT3G58830.1	1155	956	70.8893	24.2304
AT3G58830.3	1023	824	0	0
AT5G51040.4	1281	1082	0	0
AT5G51040.1	1079	880	45.9719	17.0706
AT5G51040.2	829	630	64.0052	33.1981
AT5G51040.3	867	668	98.0229	47.9501
AT3G32920.2	1381	1182	0	0
AT3G32920.1	857	658	0	0
AT3G32920.3	1591	1392	0	0
AT3G32920.5	814	615	1.10245	0.585765
AT3G32920.4	567	368	0	0
AT4G01890.1	1454	1255	1	0.260372
AT1G58390.2	2830	2631	1.11102	0.137988
AT1G58390.1	3004	2805	0	0
AT5G47950.1	1638	1439	3	0.681238
AT4G20720.1	2818	2619	68.4232	8.53702
AT4G20720.2	2938	2739	4.98197	0.594357
AT4G04957.1	440	241	0	0
AT4G09170.1	839	640	3	1.53172
AT1G28110.2	1810	1611	18.3926	3.73066
AT1G28110.1	1738	1539	75.9916	16.1349
AT5G05030.1	1213	1014	0	0
AT5G64530.1	1298	1099	4	1.18933
AT5G64530.2	1393	1194	0	0
AT5G60990.1	1834	1635	142	28.3798
AT4G34930.1	1641	1442	4.24845	0.962728
AT5G49930.1	3626	3427	143	13.6352
AT5G54980.1	1125	926	29	10.2335
AT4G03950.1	834	635	0	0
AT5G18780.4	1279	1080	0	0
AT5G18780.1	1691	1492	0	0
AT5G18780.3	1502	1303	0	0
AT5G18780.2	1538	1339	13	3.1725
AT2G07655.1	678	479	4	2.72874
AT3G07700.4	2184	1985	2.69918	0.444334
AT3G07700.2	2527	2328	0	0
AT3G07700.3	2677	2478	0	0
AT3G07700.1	2588	2389	236.301	32.3212
AT5G05060.1	1027	828	122	48.1468
AT5G15090.2	1364	1165	31.2765	8.77264
AT5G15090.1	1357	1158	737.724	208.173
AT2G22730.1	1742	1543	0	0
AT2G22730.2	1717	1518	0.11064	0.0238165
AT2G22730.5	1560	1361	7.73967e-07	1.85824e-07
AT2G22730.6	1524	1325	3.73117	0.920169
AT2G22730.4	1206	1007	0	0
AT2G22730.3	1708	1509	0	0
AT2G22730.7	1369	1170	12.1582	3.39564
AT4G00720.1	2424	2225	287	42.1493
AT2G40955.1	2464	2265	0	0
AT1G33700.2	3613	3414	0	0
AT1G33700.4	2716	2517	0	0
AT1G33700.1	3476	3277	79.9368	7.97092
AT1G33700.3	3356	3157	0	0
AT1G11780.1	1873	1674	60	11.7121
AT4G16695.4	780	581	21.3936	12.0322
AT4G16695.1	976	777	7.10301	2.98717
AT4G16695.3	1048	849	0	0
AT4G16695.5	749	550	12.754	7.57745
AT4G16695.2	593	394	27.4254	22.7455
AT5G65960.1	1497	1298	124	31.2166
AT5G52980.2	1000	801	0	0
AT5G52980.1	1013	814	39	15.6559
AT1G59990.2	2137	1938	108	18.2099
AT1G59990.1	2377	2178	0	0
AT4G01260.1	978	779	0	0
AT2G17360.2	945	746	0	0
AT2G17360.1	1212	1013	1070.07	345.178
AT4G22300.1	1110	911	57	20.4454
AT4G14147.1	1058	859	10.8434	4.12487
AT4G14147.3	833	634	8.34454	4.30082
AT4G14147.2	940	741	0.812055	0.358101
AT3G52810.1	1535	1336	0	0
AT4G08730.1	567	368	0	0
AT1G65330.1	1080	881	0	0
AT5G11580.1	2071	1872	90.7329	15.8379
AT5G11580.2	2452	2253	23.2671	3.37458
AT2G04450.1	1384	1185	9	2.48178
AT5G10320.5	1782	1583	0	0
AT5G10320.3	1779	1580	0	0
AT5G10320.1	1620	1421	0	0
AT5G10320.4	1865	1666	0	0
AT5G10320.6	1303	1104	0	0
AT5G10320.2	1710	1511	23	4.97395
AT4G20095.3	1152	953	0	0
AT4G20095.1	1215	1016	0	0
AT4G20095.2	1023	824	0	0
AT5G62120.1	438	239	0	0
AT5G13390.1	3630	3431	151.823	14.4596
AT5G13390.2	3468	3269	102.177	10.2136
AT3G28630.2	1365	1166	0	0
AT3G28630.1	1456	1257	0	0
AT4G10380.1	2170	1971	81	13.4288
AT3G54510.2	2760	2561	0	0
AT3G54510.5	2616	2417	0	0
AT3G54510.1	2615	2416	0	0
AT3G54510.3	2743	2544	5.22494	0.671123
AT3G54510.6	1961	1762	9.76713	1.81134
AT3G54510.4	2739	2540	7.00793	0.90156
AT4G27845.1	755	556	1	0.587711
AT1G68560.1	3360	3161	901	93.1405
AT1G50690.2	871	672	0	0
AT1G50690.1	966	767	0	0
AT4G38690.1	1638	1439	75	17.0309
AT5G56510.3	2153	1954	0	0
AT5G56510.1	2345	2146	0	0
AT5G56510.5	1728	1529	0	0
AT5G56510.2	2431	2232	0	0
AT5G56510.6	1791	1592	0	0
AT5G56510.4	2067	1868	0	0
AT2G34190.1	2240	2041	71	11.3672
AT5G35630.1	1885	1686	1990.74	385.83
AT5G35630.2	1706	1507	61.8564	13.4125
AT5G35630.3	1604	1405	3418.4	795.033
AT3G59210.3	2227	2028	24.1626	3.89326
AT3G59210.4	2005	1806	32.9488	5.96156
AT3G59210.5	2087	1888	12.3806	2.14279
AT3G59210.1	2312	2113	12.508	1.93432
AT3G59210.2	2098	1899	0	0
AT5G25090.1	722	523	39	24.367
AT3G28560.1	1496	1297	1	0.251941
AT3G47560.2	1047	848	0	0
AT3G47560.5	1062	863	0	0
AT3G47560.4	1073	874	0	0
AT3G47560.3	1065	866	8.21802	3.1009
AT3G47560.1	987	788	28.782	11.9353
AT4G36360.2	3184	2985	503.642	55.1336
AT4G36360.1	3392	3193	731.358	74.8461
AT3G01790.2	1427	1228	56.5216	15.0402
AT3G01790.3	1318	1119	9.41801	2.75022
AT3G01790.1	932	733	88.9909	39.6716
AT1G33680.1	2819	2620	332.063	41.415
AT4G26145.1	198	15.9266	0	0
AT1G32580.1	1529	1330	129	31.694
AT5G13350.2	1764	1565	0	0
AT5G13350.1	1911	1712	0	0
AT3G28550.2	2356	2157	257.852	39.0624
AT3G28550.1	3373	3174	1087.71	111.981
AT5G17300.2	1945	1746	0	0
AT5G17300.1	1930	1731	63	11.8927
AT4G12210.1	612	413	0	0
AT5G52350.1	1761	1562	0	0
AT5G41070.1	1511	1312	84	20.9211
AT2G46970.2	1421	1222	8	2.13923
AT2G46970.1	1617	1418	0	0
AT2G46970.3	1328	1129	0	0
AT1G67620.1	1099	900	52	18.8799
AT5G37050.1	749	550	1	0.594122
AT2G29220.1	2063	1864	1	0.175304
AT1G18580.1	2258	2059	75	11.9026
AT5G35490.1	521	322	12	12.1777
AT1G61330.1	1344	1145	0	0
AT3G17800.2	1700	1501	0	0
AT3G17800.1	1682	1483	801	176.494
AT1G63650.2	2037	1838	29.3911	5.22527
AT1G63650.1	2551	2352	0	0
AT1G63650.3	2464	2265	10.6089	1.53053
AT4G25370.1	1162	963	460	156.088
AT5G42325.1	702	503	0	0
AT3G59435.1	1495	1296	1.79006	0.451336
AT1G71310.1	1215	1016	0	0
AT1G71310.3	1320	1121	14.5814	4.25041
AT1G71310.2	1002	803	22.4186	9.12288
AT2G13895.1	702	503	1.75973	1.14319
AT2G24535.2	496	297	1.46846	1.61564
AT2G24535.1	472	273	1.53154	1.83317
AT3G26320.1	1596	1397	5.12695	1.19923
AT5G35753.1	2335	2136	35	5.35433
AT4G24260.3	1813	1614	1	0.202458
AT4G24260.2	2064	1865	0	0
AT4G24260.1	2365	2166	0	0
AT3G12490.1	531	332	27.5882	27.1534
AT3G12490.2	871	672	217.412	105.719
AT5G56840.1	1126	927	7	2.4675
AT1G49780.1	1710	1511	75	16.2194
AT1G22490.1	1484	1285	6	1.52576
AT1G22490.2	1563	1364	0	0
AT1G71400.1	2806	2607	57	7.14451
AT3G29631.1	448	249	2	2.62464
AT5G60670.1	1096	897	289	105.279
AT2G29654.1	183	11.741	0	0
AT1G50980.1	1113	914	0	0
AT4G13370.1	2177	1978	42	6.93843
AT1G05136.1	141	6.28195	0	0
AT3G46080.1	786	587	2	1.11335
AT3G47070.1	1142	943	563.7	195.333
AT2G07800.1	378	179	0	0
AT1G01130.1	375	176	9	16.7097
AT1G59312.1	1569	1370	0	0
AT1G59312.2	1707	1508	0	0
AT1G19390.1	2383	2184	3	0.448856
AT1G06720.3	2962	2763	0	0
AT1G06720.2	3901	3702	200	17.6535
AT1G06720.1	3657	3458	0	0
ATMG01330.1	384	185	3	5.29893
AT2G15270.2	750	551	0.000126391	7.49554e-05
AT2G15270.1	898	699	54.9999	25.7112
AT2G36295.1	887	688	3	1.42486
AT2G23142.1	444	245	0	0
AT5G04060.1	2293	2094	80.7803	12.6057
AT2G38110.1	2214	2015	43.1215	6.9929
AT2G20070.1	511	312	0	0
AT3G07360.4	2014	1815	18.7619	3.37783
AT3G07360.1	1879	1680	203.196	39.5224
AT3G07360.7	1868	1669	0	0
AT3G07360.10	1409	1210	17.1945	4.64348
AT3G07360.8	1696	1497	26.5206	5.78895
AT3G07360.2	1784	1585	6.89616e-08	1.42173e-08
AT3G07360.6	1977	1778	6.32645	1.1627
AT3G07360.9	1484	1285	0	0
AT3G07360.3	1943	1744	2.8607e-07	5.35998e-08
AT3G07360.5	2060	1861	0.00093489	0.000164154
AT5G36225.1	708	509	0	0
AT4G20140.1	4274	4075	45.0223	3.61026
AT1G06760.1	1159	960	617	210.016
AT4G18360.2	1704	1505	0	0
AT4G18360.4	1504	1305	0	0
AT4G18360.3	1567	1368	7.75246	1.85179
AT4G18360.1	1484	1285	41.2475	10.489
AT1G27695.2	492	293	0	0
AT1G27695.1	583	384	14.0108	11.9226
AT2G47885.1	243	44.7603	0	0
AT1G77990.1	2335	2136	35	5.35433
AT4G16090.1	845	646	0	0
AT5G20720.3	1150	951	259.031	89.0041
AT5G20720.4	993	794	29.2168	12.0241
AT5G20720.2	972	773	27.1791	11.4893
AT5G20720.1	982	783	1703.57	710.947
AT3G51670.1	1849	1650	280	55.4514
AT1G17830.1	1709	1510	30	6.49206
AT1G59900.2	1232	1033	153.98	48.7082
AT1G59900.1	1630	1431	302.02	68.9659
AT5G10950.1	1720	1521	98	21.054
AT1G71780.1	1058	859	102	38.8012
AT5G44190.1	1594	1395	573.714	134.388
AT5G44190.2	1666	1467	66.286	14.7649
AT1G28700.1	1362	1163	0	0
AT5G35917.1	1473	1274	0	0
AT2G32940.1	3123	2924	16	1.78806
AT3G04050.1	1761	1562	1	0.209198
AT1G01370.3	1085	886	3.41847	1.26077
AT1G01370.4	980	781	12.6221	5.28105
AT1G01370.1	1376	1177	3.80427e-08	1.05617e-08
AT1G01370.2	1463	1264	6.95939	1.79913
AT5G08560.3	2226	2027	133.87	21.5807
AT5G08560.2	2617	2418	0	0
AT5G08560.1	2433	2234	97.1304	14.2073
AT3G11405.1	465	266	0	0
AT1G70800.1	1065	866	6	2.26398
AT5G44470.1	327	128	0	0
AT5G66040.1	792	593	521	287.092
AT5G66040.2	749	550	0	0
AT1G02970.1	1897	1698	15	2.88664
AT2G01070.1	1807	1608	68.8689	13.9951
AT2G01070.2	1926	1727	8.13108	1.53849
AT5G53000.1	1728	1529	133	28.4238
AT5G39090.1	1680	1481	4	0.882558
AT5G62000.1	3832	3633	149.657	13.4608
AT5G62000.3	3571	3372	669.127	64.8424
AT5G62000.5	3667	3468	0.0901429	0.00849358
AT5G62000.4	3298	3099	50.9615	5.37353
AT5G62000.2	3765	3566	73.1643	6.70435
ATMG00750.1	360	161	0	0
AT5G62627.1	325	126	0	0
AT3G60200.1	1677	1478	23	5.08501
AT1G69220.1	2886	2687	68.8974	8.37864
AT1G69220.2	2691	2492	79.1026	10.3724
AT3G17152.1	669	470	0	0
AT5G17720.1	1332	1133	0	0
AT5G02240.1	1370	1171	495	138.13
AT5G54585.1	852	653	12	6.00491
AT3G47000.1	2092	1893	135.209	23.3396
AT3G47000.3	1417	1218	0	0
AT3G47000.2	2177	1978	8.7909	1.45226
AT2G06090.1	478	279	0	0
AT5G04890.1	1325	1126	33	9.57666
AT2G32270.1	1546	1347	31	7.52025
AT2G39630.3	1530	1331	0	0
AT2G39630.1	1497	1298	47.4878	11.9549
AT2G39630.2	1415	1216	17.5122	4.70593
AT2G21650.1	727	528	53	32.8005
AT2G02910.1	1757	1558	35	7.34072
AT2G02910.2	1911	1712	0	0
AT1G18650.1	1528	1329	76.9928	18.9306
AT1G18650.2	1689	1490	21.0072	4.60702
AT2G29530.2	545	346	107.393	101.424
AT2G29530.1	567	368	10.007	8.88572
AT2G29530.3	639	440	2.59975	1.93071
AT5G39790.1	1278	1079	8.3749	2.53628
AT5G39790.2	1436	1237	8.6251	2.27841
AT5G39790.3	1319	1120	0	0
AT1G68160.1	1501	1302	27	6.77628
AT4G26110.1	1669	1470	397.389	88.3358
AT4G26110.2	2066	1867	15.611	2.73227
AT4G05612.2	1164	965	0	0
AT4G05612.1	1287	1088	0	0
AT5G26080.1	674	475	2	1.37586
AT2G41375.1	395	196	0	0
AT5G37950.2	1249	1050	2.23771	0.696391
AT5G37950.1	1735	1536	0	0
AT5G42510.1	947	748	10.696	4.67258
AT5G42430.1	1188	989	0	0
AT1G63100.1	2990	2791	51.5734	6.03815
AT1G63100.2	3065	2866	76.4266	8.71379
AT5G67130.1	1814	1615	136	27.5172
AT3G29090.1	1255	1056	46	14.2342
AT1G20190.2	986	787	35.4134	14.7038
AT1G20190.1	1315	1116	91.5866	26.8168
AT4G33666.1	488	289	50	56.5341
AT1G20110.1	2488	2289	284	40.5425
AT3G10890.1	1368	1169	0	0
AT1G23290.1	815	616	1004.29	532.741
AT2G01510.2	2406	2207	7	1.03642
AT2G01510.1	2952	2753	0	0
AT2G18230.1	1028	829	138	54.3955
AT1G64910.1	1762	1563	14	2.9269
AT1G64185.1	628	429	5	3.80847
AT2G04170.5	1367	1168	49.4147	13.8246
AT2G04170.3	1292	1093	53.0032	15.846
AT2G04170.1	1577	1378	0	0
AT2G04170.7	1656	1457	0	0
AT2G04170.4	1630	1431	0	0
AT2G04170.6	1532	1333	0	0
AT2G04170.2	1577	1378	4.55744	1.08071
AT1G34046.1	560	361	0	0
AT5G45620.1	1541	1342	216.843	52.7997
AT5G45620.2	1852	1653	4.15699	0.821759
AT2G31310.1	654	455	2	1.43634
AT5G37715.1	105	4.43819	0	0
AT5G42520.1	1433	1234	144	38.1317
AT5G42520.2	1421	1222	0	0
AT5G42520.3	1357	1158	0	0
AT5G42020.3	2617	2418	0	0
AT5G42020.1	2575	2376	1081.67	148.76
AT5G42020.2	2163	1964	285.899	47.5675
AT1G02910.2	1690	1491	15.5692	3.41214
AT1G02910.1	1634	1435	180.431	41.0863
AT2G26420.3	2500	2301	11.4882	1.63145
AT2G26420.1	2968	2769	0	0
AT2G26420.2	3010	2811	5.51176	0.64072
AT5G37640.1	969	770	0	0
AT3G52220.1	1026	827	133	52.5514
AT1G23760.1	2357	2158	17	2.57416
AT5G50440.2	935	736	8	3.55182
AT5G50440.1	1097	898	0	0
AT2G16780.1	1592	1393	91	21.3466
AT1G69120.1	1300	1101	0	0
AT1G69120.3	1054	855	0	0
AT1G69120.2	1557	1358	0	0
AT5G54050.1	1888	1689	3	0.580403
AT5G65120.2	1383	1184	23	6.34767
AT5G65120.1	1441	1242	0	0
AT4G37090.2	831	632	16.381	8.46955
AT4G37090.1	915	716	42.619	19.4504
AT1G53640.1	953	754	2	0.866756
AT3G42050.1	2096	1897	1101	189.652
AT4G03520.2	581	382	73.1135	62.5421
AT4G03520.1	1092	893	616.886	225.731
AT1G53815.1	714	515	0	0
AT2G44070.1	1395	1196	3.42108	0.934696
AT3G46410.1	876	677	0	0
AT4G07995.1	1012	813	3	1.20578
AT5G38580.1	507	308	0	0
AT1G73580.1	855	656	4	1.99248
AT4G17200.1	1146	947	0	0
AT5G09960.3	1246	1047	0	0
AT5G09960.1	786	587	43.1375	24.0135
AT5G09960.2	1211	1012	10.8625	3.50742
AT5G43822.1	845	646	10	5.05831
AT1G74900.1	1648	1449	5.03207	1.13479
AT3G10280.1	1403	1204	7.14269	1.93854
AT1G71410.2	3162	2963	0	0
AT1G71410.1	3286	3087	221	23.3934
AT3G55254.1	624	425	0	0
AT4G20200.1	1815	1616	0	0
AT2G29370.1	1109	910	3.01339	1.08206
AT3G16810.1	2265	2066	206	32.5818
AT5G64560.2	1299	1100	2.70156	0.802528
AT5G64560.1	1748	1549	48.2984	10.1887
AT1G11310.2	2255	2056	106.294	16.8937
AT1G11310.1	2484	2285	25.4712	3.64251
AT1G11310.3	1940	1741	117.219	22.0008
AT1G29110.1	1005	806	0	0
AT5G65060.3	1464	1265	3.67222	0.948585
AT5G65060.1	1156	957	18.091	6.17718
AT5G65060.2	835	636	22.847	11.7384
AT5G54360.1	813	614	0	0
AT2G31700.1	396	197	0	0
AT1G17950.1	1259	1060	6	1.84963
AT5G58500.1	1286	1087	14	4.20859
AT5G45470.1	3058	2859	274.264	31.3468
AT4G16765.2	1947	1748	0.355232	0.0664062
AT4G16765.4	2029	1830	0	0
AT4G16765.1	1640	1441	8.41401	1.908
AT4G16765.6	1309	1110	20.868	6.14322
AT4G16765.3	2086	1887	0	0
AT4G16765.5	2107	1908	14.3628	2.45979
AT5G52880.1	1133	934	22	7.69687
AT5G65380.1	1973	1774	596	109.782
AT3G19680.1	1856	1657	157	30.961
AT3G59245.1	189	13.1915	0	0
AT2G26720.1	621	422	0	0
AT3G10600.2	1568	1369	0	0
AT3G10600.1	1949	1750	2	0.373448
AT3G27809.1	450	251	0	0
AT5G04750.2	546	347	0	0
AT5G04750.1	611	412	119	94.3818
AT3G58190.1	973	774	2	0.844359
AT1G26640.1	1372	1173	92	25.6288
AT2G24830.1	1707	1508	45	9.75101
AT3G17950.2	1291	1092	12.1512	3.6361
AT3G17950.3	1091	892	0	0
AT3G17950.1	1117	918	14.8488	5.2855
AT1G74430.1	1373	1174	20.2715	5.64229
AT1G74430.2	609	410	0	0
AT1G61860.1	1873	1674	6	1.17121
AT5G46540.1	3964	3765	5	0.433954
AT4G10843.3	975	776	0	0
AT4G10843.2	1050	851	1	0.38398
AT4G10843.1	1336	1137	0	0
AT4G10843.4	936	737	0	0
AT1G03070.1	1132	933	3	1.0507
AT1G03070.3	1248	1049	0	0
AT1G03070.2	1165	966	0	0
AT5G04933.1	192	14.0216	0	0
AT3G23760.1	882	683	47	22.4862
AT1G06045.1	267	68.0268	0	0
AT1G73790.1	582	383	18.2653	15.5836
AT3G59730.1	1650	1451	0.291505	0.0656473
AT3G59730.2	1672	1473	1.73673	0.385273
AT5G55590.2	1297	1098	0	0
AT5G55590.1	1559	1360	3	0.72081
AT3G28490.1	1030	831	0	0
AT1G63200.1	761	562	0	0
AT5G06839.2	1878	1679	0	0
AT5G06839.3	2062	1863	34	5.96354
AT5G06839.1	1877	1678	0	0
AT4G36030.1	2441	2242	84	12.2428
AT3G23123.1	246	47.5399	0	0
AT3G56550.1	2901	2702	0	0
AT3G56550.2	2162	1963	5	0.832316
AT1G49870.1	2908	2709	45	5.42803
AT1G49870.2	2882	2683	0	0
AT2G14760.3	1364	1165	0	0
AT2G14760.1	1300	1101	1	0.296791
AT2G14760.2	881	682	0	0
AT1G79490.1	2877	2678	41	5.00278
AT3G26125.1	1791	1592	6	1.23153
AT1G60800.2	2256	2057	129.162	20.5182
AT1G60800.1	2942	2743	218.838	26.0697
AT1G49410.1	775	576	150	85.0956
AT5G57815.1	617	418	54	42.2139
AT4G37330.1	1903	1704	152	29.1482
AT4G35530.1	1221	1022	23	7.35386
AT4G01500.1	1527	1328	5	1.2303
AT2G01660.1	1459	1260	22	5.70546
AT2G01660.3	1631	1432	0	0
AT2G01660.2	1850	1651	0	0
AT5G13610.1	1598	1399	48	11.2115
AT3G05380.3	3730	3531	0	0
AT3G05380.1	3680	3481	0	0
AT3G05380.5	3648	3449	0	0
AT3G05380.2	3610	3411	98	9.38821
AT3G05380.4	3616	3417	0	0
AT3G10990.1	534	335	0	0
AT2G37150.1	4532	4333	0	0
AT2G37150.6	4660	4461	0	0
AT2G37150.7	3116	2917	0	0
AT2G37150.15	4142	3943	11.6329	0.964052
AT2G37150.8	4354	4155	0	0
AT2G37150.13	4236	4037	0	0
AT2G37150.2	2665	2466	1.5751e-05	2.08715e-06
AT2G37150.14	4173	3974	0.00144958	0.000119194
AT2G37150.4	4817	4618	0	0
AT2G37150.5	4723	4524	0	0
AT2G37150.12	1965	1766	7.2657	1.34439
AT2G37150.9	4330	4131	0	0
AT2G37150.3	1967	1768	7.09991	1.31223
AT2G37150.11	2260	2061	0	0
AT2G37150.10	4238	4039	0	0
AT3G05300.1	466	267	0	0
AT5G53200.1	903	704	13	6.03405
AT3G27600.1	942	743	0	0
AT4G34600.1	744	545	100.659	60.3526
AT4G34600.2	896	697	7.3407	3.44146
AT4G34830.1	3790	3591	470	42.7682
AT5G63410.1	2667	2468	116	15.3586
AT3G17630.2	2814	2615	18	2.24926
AT3G17630.1	2762	2563	0	0
AT1G51730.1	1250	1051	154	47.8802
AT2G18670.1	1166	967	5	1.68959
AT1G27370.6	3184	2985	12.7636	1.39723
AT1G27370.7	1673	1474	28.3035	6.27452
AT1G27370.4	1616	1417	15.4333	3.55899
AT1G27370.2	1952	1753	0	0
AT1G27370.3	2887	2688	0	0
AT1G27370.5	2820	2621	10.4997	1.30902
AT1G27370.1	3075	2876	7.58684e-07	8.62007e-08
AT3G23570.2	1292	1093	0	0
AT3G23570.1	1211	1012	79	25.5085
AT3G23570.3	1286	1087	0	0
AT5G35450.1	4409	4210	22.4885	1.74549
AT5G35450.2	3885	3686	97.9769	8.68574
AT3G44790.1	1340	1141	2	0.572773
AT2G41910.1	1122	923	0	0
AT2G13840.1	1547	1348	23	5.5754
AT3G61480.1	3246	3047	80.9606	8.6824
AT3G61480.2	4224	4025	85.3832	6.93178
AT4G20880.1	2058	1859	38	6.67948
AT3G21390.2	1351	1152	20.5946	5.8417
AT3G21390.1	1462	1263	102.405	26.4946
AT2G36120.1	1324	1125	1046	303.821
AT5G22620.3	1691	1492	0	0
AT5G22620.2	1541	1342	48.7965	11.8816
AT5G22620.5	1813	1614	22.6669	4.58909
AT5G22620.1	1738	1539	36.5152	7.75306
AT5G22620.6	1553	1354	21.7911	5.25895
AT5G22620.4	2027	1828	20.2303	3.61631
AT5G15280.1	4022	3823	79	6.75245
AT2G41560.4	4433	4234	3.73026	0.28789
AT2G41560.3	3305	3106	221.848	23.3395
AT2G41560.2	4686	4487	2.19882e-07	1.6013e-08
AT2G41560.1	3612	3413	54.4221	5.21048
AT3G53530.1	1008	809	32.1722	12.9948
AT3G53530.2	1086	887	13.8278	5.09412
AT5G67390.2	1284	1085	11.8137	3.55791
AT5G67390.1	1172	973	27.1466	9.11675
AT5G67390.3	1223	1024	25.0397	7.99039
AT1G19680.1	1832	1633	85	17.0087
AT4G25180.1	1264	1065	32	9.81835
AT1G15550.1	1522	1323	44	10.8675
AT5G37500.1	2879	2680	0	0
AT5G37500.4	3021	2822	1.49646	0.173279
AT5G37500.3	2763	2564	0.0881085	0.0112289
AT5G37500.2	3392	3193	34.4154	3.52203
AT5G54260.1	2666	2467	32.6035	4.3185
AT5G54260.2	2439	2240	3.39653	0.495479
AT4G31850.1	3726	3527	200	18.5295
AT1G21550.1	989	790	7	2.8954
AT1G64890.1	1867	1668	17	3.33036
AT3G56860.4	2568	2369	0	0
AT3G56860.1	2554	2355	1.65682e-07	2.29892e-08
AT3G56860.3	2666	2467	98.9143	13.1017
AT3G56860.10	3430	3231	22.5339	2.27897
AT3G56860.6	3403	3204	0	0
AT3G56860.2	3050	2851	5.27057e-06	6.04086e-07
AT3G56860.7	3291	3092	0	0
AT3G56860.5	2386	2187	39.3082	5.87317
AT3G56860.8	2929	2730	42.5778	5.09635
AT3G56860.11	2959	2760	183.517	21.7272
AT3G56860.9	2680	2481	0.149251	0.0196575
AT4G21520.1	1552	1353	18.058	4.36123
AT4G21520.2	1638	1439	8.94203	2.03055
AT1G17690.1	2645	2446	134	17.9014
AT5G17690.1	1918	1719	23.0384	4.3794
AT5G17690.2	1985	1786	0	0
AT5G17690.3	1915	1716	23.9616	4.56286
AT4G24960.2	920	721	0	0
AT4G24960.1	933	734	134.567	59.9073
AT4G24960.3	813	614	85.4333	45.4671
AT5G37240.4	711	512	0	0
AT5G37240.2	1012	813	0	0
AT5G37240.3	887	688	0	0
AT5G37240.5	704	505	0	0
AT5G37240.1	627	428	0	0
AT1G71450.1	1045	846	0	0
AT2G37710.1	2558	2359	386	53.4685
ATCG00680.1	1527	1328	85	20.9151
AT2G36220.1	1219	1020	63	20.1827
AT5G23850.1	2157	1958	56	9.34574
AT1G79170.1	255	56.1701	1	5.81746
AT2G29740.1	1741	1542	13	2.75485
AT5G39280.1	924	725	0	0
AT1G29355.1	924	725	21	9.46498
AT1G57943.2	1295	1096	0	0
AT1G57943.1	1249	1050	0	0
AT3G59360.2	2036	1837	79.629	14.1645
AT3G59360.1	1902	1703	67.371	12.927
AT2G30620.1	1666	1467	645.873	143.865
AT2G30620.2	1315	1116	16.1274	4.72214
AT1G32585.1	663	464	0	0
AT5G37010.1	2249	2050	50	7.96993
AT2G36210.1	813	614	5	2.66097
AT4G14540.1	976	777	50	21.0275
AT1G03310.1	3053	2854	114.972	13.1636
AT1G03310.2	3076	2877	125.028	14.2006
AT5G38980.1	727	528	233	144.198
AT1G17235.1	900	701	1	0.466144
AT4G07820.1	827	628	17	8.84561
AT1G71210.1	3219	3020	97	10.4955
AT4G01560.1	1428	1229	154	40.9456
AT1G09910.1	2234	2035	32.9956	5.29823
AT1G09910.2	2781	2582	4.242	0.53685
AT1G09910.3	2116	1917	26.7681	4.56283
AT2G19450.1	2280	2081	47	7.38013
AT5G63860.1	2209	2010	234	38.0415
AT5G11740.1	1034	835	1165	455.909
AT4G25150.1	1254	1055	3	0.929196
AT3G01940.1	823	624	8	4.18932
AT3G58090.1	1044	845	12	4.64048
AT4G37840.1	1549	1350	0	0
AT4G38775.1	415	216	0	0
AT2G33845.1	1444	1245	93.671	24.5852
AT1G13100.1	1784	1585	50	10.3081
AT5G56310.1	2079	1880	2	0.347625
AT5G43180.1	922	723	92	41.5803
AT2G01680.1	2785	2586	142.04	17.9482
AT3G18215.1	1654	1455	51.4058	11.5448
AT3G18215.2	2058	1859	3.59424	0.63178
AT5G05965.1	806	607	1	0.538331
AT5G49470.3	3080	2881	0	0
AT5G49470.4	2757	2558	56.1405	7.17157
AT5G49470.2	3018	2819	0	0
AT5G49470.6	2975	2776	3.01949e-07	3.55429e-08
AT5G49470.7	2994	2795	28.4396	3.32491
AT5G49470.5	3361	3162	5.99385	0.619416
AT5G49470.1	3152	2953	0	0
AT2G02765.2	1365	1166	1.63255e-08	4.57517e-09
AT2G02765.4	1318	1119	0	0
AT2G02765.1	1428	1229	29.6062	7.87172
AT2G02765.3	1347	1148	0	0
AT3G27831.1	234	36.8813	0	0
AT2G41530.1	1446	1247	335	87.7843
AT2G39470.2	1002	803	112.683	45.8544
AT2G39470.1	1044	845	293.317	113.428
AT2G39470.3	1000	801	0	0
AT1G05620.1	1557	1358	15.5496	3.74161
AT1G05620.2	1295	1096	50.4504	15.0415
AT1G73310.1	1538	1339	27.6857	6.75636
AT1G73310.2	1795	1596	9.72384	1.99087
AT1G73310.3	1509	1310	6.12482	1.52778
AT4G35070.2	1371	1172	0.0941326	0.0262452
AT4G35070.1	1566	1367	20.9059	4.99733
AT5G25570.2	629	430	14	10.6389
AT5G25570.1	719	520	0	0
AT5G25570.3	710	511	0	0
AT1G43970.1	720	521	0	0
AT5G48130.1	2130	1931	3	0.507665
AT5G02630.1	1464	1265	10	2.58314
AT3G56870.2	2508	2309	0	0
AT3G56870.1	2602	2403	42	5.71129
AT2G42870.1	1203	1004	17	5.53291
AT4G16640.1	1706	1507	2	0.433666
AT1G28360.1	1344	1145	5	1.42693
AT1G30040.2	2014	1815	0	0
AT1G30040.1	1812	1613	12	2.431
AT3G07020.2	2747	2548	37.8042	4.84818
AT3G07020.1	2410	2211	74.1958	10.9655
AT3G07020.3	2846	2647	0	0
AT3G28990.1	293	94.0001	0	0
AT1G53887.2	470	271	0	0
AT1G53887.1	809	610	2.73108	1.463
AT1G52190.1	2373	2174	142	21.3436
AT5G17060.1	1224	1025	54	17.215
AT5G17060.2	1329	1130	0	0
AT2G27020.2	1355	1156	21.8113	6.16542
AT2G27020.1	1143	944	353.189	122.257
AT5G60840.2	638	439	1.00389e-08	7.4724e-09
AT5G60840.1	965	766	39	16.637
AT1G05960.4	3583	3384	130.805	12.6308
AT1G05960.3	3666	3467	59.6205	5.61928
AT1G05960.1	3738	3539	81.5702	7.53164
AT1G05960.2	3685	3486	0.00441602	0.000413945
AT3G02550.1	1515	1316	53	13.1601
AT1G04360.1	1747	1548	20	4.2218
AT4G18425.1	1075	876	9	3.3572
AT1G13400.1	1071	872	5	1.87366
AT1G54130.1	2734	2535	226	29.1319
AT3G29034.1	872	673	47	22.8203
AT4G20535.1	789	590	0	0
AT4G13320.1	839	640	0.0762199	0.0389159
AT3G12345.1	982	783	443	184.876
AT5G04550.2	2874	2675	19.1382	2.33785
AT5G04550.1	2622	2423	351.862	47.4523
AT2G41600.1	1268	1069	0	0
AT2G41600.5	809	610	17.9048	9.5913
AT2G41600.7	1207	1008	6.18405	2.00471
AT2G41600.3	1044	845	7.69992	2.97761
AT2G41600.4	874	675	9.21125	4.45916
AT2G41600.2	872	673	0	0
AT2G41600.6	1431	1232	0	0
AT1G64600.1	1908	1709	28	5.3537
AT4G18180.1	1796	1597	0	0
AT5G62220.1	2118	1919	280	47.6784
AT4G20800.1	1703	1504	0	0
AT3G51600.1	979	780	1115	467.109
AT2G16280.1	2153	1954	457	76.424
AT2G34470.1	1087	888	113.945	41.9297
AT2G34470.2	1090	891	82.552	30.2753
AT2G28890.1	2550	2351	240	33.3578
AT1G62110.1	2009	1810	27	4.87443
AT4G00200.1	1625	1426	17	3.89554
AT4G00200.2	1851	1652	0	0
AT1G06645.1	1499	1300	19	4.77583
AT5G53090.1	1339	1140	24	6.87931
AT3G60040.5	2048	1849	5.39539	0.953508
AT3G60040.3	2520	2321	0	0
AT3G60040.1	2540	2341	0	0
AT3G60040.2	2862	2663	2.8368	0.348093
AT3G60040.4	1942	1743	0	0
AT4G16250.1	4204	4005	100	8.15898
AT5G27730.3	1871	1672	0.160748	0.0314158
AT5G27730.2	2932	2733	0.0023198	0.000277363
AT5G27730.1	2856	2657	31.9714	3.93196
AT5G27730.4	1861	1662	21.6463	4.25589
AT5G27730.5	1918	1719	13.2192	2.51286
AT5G25755.1	955	756	0	0
AT5G25755.2	929	730	2	0.895252
AT2G45320.1	1335	1136	9	2.58882
AT5G21120.2	1754	1555	0	0
AT5G21120.1	1828	1629	0	0
AT5G21120.3	1722	1523	1	0.214555
AT1G47603.1	1406	1207	2	0.541453
AT5G52720.1	605	406	1	0.804845
AT5G52720.2	749	550	0	0
AT2G10450.1	249	50.3754	0	0
AT2G28460.1	2302	2103	13	2.01996
AT4G38520.1	2303	2104	183.643	28.5211
AT4G38520.2	2225	2026	204.357	32.9601
AT2G42230.2	2103	1904	155	26.6013
AT2G42230.1	1326	1127	0	0
AT4G29880.1	1373	1174	3	0.83501
AT5G24355.1	760	561	0	0
AT1G59890.4	4032	3833	0	0
AT1G59890.2	4413	4214	139.884	10.847
AT1G59890.1	4398	4199	0	0
AT1G59890.3	4172	3973	77.1162	6.34257
AT3G48960.1	621	422	0	0
AT5G41290.1	1207	1008	5	1.62087
AT4G07940.1	640	441	1	0.740969
AT5G09660.1	1532	1333	480.825	117.868
AT5G09660.4	1463	1264	232.041	59.9868
AT5G09660.5	1387	1188	980.454	269.68
AT5G09660.3	1619	1420	5.433	1.25023
AT5G09660.2	1341	1142	662.246	189.492
AT1G75850.1	2730	2531	72.5561	9.36742
AT1G75850.2	2105	1906	35.4439	6.07655
AT5G62330.1	623	424	1	0.770677
AT1G14200.1	1064	865	47	17.755
AT1G02740.1	1566	1367	21	5.01983
AT1G34200.1	1811	1612	63	12.7707
AT4G02370.1	1049	850	61	23.4503
AT3G15111.1	117	4.91545	0	0
AT4G25740.1	962	763	439.085	188.045
AT4G25740.2	750	551	58.9151	34.9392
AT2G14680.2	2298	2099	0	0
AT2G14680.5	1887	1688	0	0
AT2G14680.1	2359	2160	16.6154	2.51359
AT2G14680.6	1660	1461	0	0
AT2G14680.7	1975	1776	0	0
AT2G14680.4	1956	1757	0	0
AT2G14680.8	1536	1337	15.5233	3.79395
AT2G14680.3	2229	2030	20.8613	3.35802
AT3G53300.1	1670	1471	0	0
AT4G24120.1	2741	2542	84	10.798
AT3G63270.1	1802	1603	62	12.6385
AT1G35890.1	516	317	0	0
ATCG00300.1	189	13.1915	0	0
AT4G19390.1	1221	1022	16.3652	5.23248
AT4G19390.2	872	673	7.63485	3.70701
AT1G12280.2	2570	2371	0.373691	0.0515014
AT1G12280.1	2786	2587	35.6263	4.5
AT3G26270.1	1551	1352	0	0
AT1G11960.3	2862	2663	34	4.17202
AT1G11960.2	3053	2854	0	0
AT1G11960.1	2946	2747	0	0
AT1G64760.2	1737	1538	3.35195	0.712163
AT1G64760.1	1809	1610	44.6481	9.06181
AT2G45250.3	1159	960	0	0
AT2G45250.1	1030	831	63.8214	25.0959
AT2G45250.2	896	697	0	0
AT5G58700.2	1841	1642	25.0719	4.98945
AT5G58700.1	2300	2101	54.9281	8.54293
AT5G58700.3	2363	2164	0	0
AT1G24881.1	1599	1400	114.291	26.6761
AT3G57860.1	1395	1196	21	5.73755
AT3G46520.1	1707	1508	0	0
AT3G46520.2	2234	2035	0	0
AT5G60920.2	2107	1908	24.882	4.26134
AT5G60920.1	2091	1892	717.118	123.853
AT5G20370.1	697	498	0	0
AT2G23120.1	793	594	231	127.076
AT1G24147.1	933	734	1	0.445187
AT1G45616.1	3256	3057	4	0.427566
AT4G35210.1	1016	817	1	0.39996
AT1G69440.1	3443	3244	56.0129	5.64217
AT1G60830.1	365	166	0	0
AT1G60830.2	520	321	0	0
AT3G02080.1	904	705	1028	476.477
AT3G13280.1	1152	953	0	0
AT1G62220.1	649	450	0	0
AT4G11440.2	2380	2181	0	0
AT4G11440.1	2272	2073	21	3.31023
AT2G17340.1	1700	1501	256.888	55.9244
AT3G25660.1	2091	1892	525	90.6727
AT2G37300.1	1596	1397	0	0
AT2G37300.4	1409	1210	5.52511	1.49209
AT2G37300.5	1331	1132	0	0
AT2G37300.2	1025	826	19.9818	7.90484
AT2G37300.6	1190	991	13.4931	4.44913
AT2G37300.3	1586	1387	0	0
AT3G44530.2	3890	3691	0	0
AT3G44530.3	3795	3596	85	7.72392
AT3G44530.1	3758	3559	0	0
AT3G44530.4	3878	3679	0	0
AT2G19680.2	610	411	75.8542	60.3082
AT2G19680.1	1148	949	58.0616	19.9922
AT3G13960.1	1981	1782	37.2094	6.82313
AT5G61130.1	1082	883	291	107.689
AT4G36860.2	2465	2266	0	0
AT4G36860.3	2402	2203	0	0
AT4G36860.1	2373	2174	84	12.6258
AT1G21010.1	1128	929	29	10.2005
AT5G58782.2	1234	1035	0	0
AT5G58782.1	1074	875	0	0
AT5G48940.1	3645	3446	81	7.68083
AT3G14981.1	219	25.9389	0.445839	5.6165
AT4G21890.1	2096	1897	37	6.37342
AT1G62340.1	2636	2437	0	0
AT5G22320.1	1717	1518	47.7237	10.2731
AT5G22320.2	1595	1396	20.2763	4.74616
AT1G65020.1	1244	1045	64	20.0125
AT5G65420.4	1916	1717	0	0
AT5G65420.3	1322	1123	0.797835	0.232152
AT5G65420.1	1319	1120	17.2022	5.01884
AT5G65420.2	1248	1049	0	0
AT1G78860.1	1689	1490	60.4269	13.252
AT1G77550.1	2866	2667	137	16.7856
AT1G21930.1	627	428	23.8957	18.2438
AT2G10020.1	201	17.0167	0	0
AT5G05590.1	1446	1247	24.4946	6.41863
AT5G05590.4	1033	834	0	0
AT5G05590.2	1437	1238	0	0
AT5G05590.3	997	798	0	0
AT5G55507.1	614	415	0	0
AT5G19440.1	1376	1177	361	100.223
AT2G32690.4	900	701	846.955	394.803
AT2G32690.2	850	651	0	0
AT2G32690.5	848	649	0	0
AT2G32690.1	1076	877	279.045	103.971
AT2G32690.3	856	657	0	0
AT3G47360.1	1296	1097	16	4.76597
AT1G19880.1	2265	2066	240	37.9594
AT5G58520.1	2300	2101	39	6.06564
AT5G38890.1	936	737	41	18.1784
AT5G27770.1	788	589	617	342.301
AT2G05350.2	1331	1132	0	0
AT2G05350.1	1510	1311	0	0
AT2G05350.3	1141	942	0	0
AT2G25660.1	6754	6555	132.659	6.61307
AT2G25660.2	7915	7716	146.364	6.19839
AT2G25660.4	7542	7343	0	0
AT2G25660.3	7821	7622	1.29412e-08	5.54808e-10
AT2G19670.1	1559	1360	47.0841	11.3129
AT1G14230.1	1944	1745	80.0529	14.9906
AT5G63320.1	4107	3908	163.098	13.6374
AT5G63320.2	2290	2091	3.48081	0.543956
AT5G63320.3	1759	1560	18.4209	3.85856
AT4G29590.1	1912	1713	135	25.7522
AT1G47550.2	4015	3816	4.54576	0.389257
AT1G47550.1	3249	3050	249.102	26.688
AT2G48075.1	852	653	4.54034	2.27203
AT1G65430.1	2219	2020	94	15.206
AT1G76010.1	1735	1536	710	151.045
AT1G76010.2	1771	1572	0	0
AT4G27580.1	779	580	0	0
AT3G48030.1	1050	851	0	0
AT3G48030.2	2111	1912	107	18.2867
AT1G07600.1	138	6.07083	0	0
AT2G41505.1	804	605	1.78466	0.963915
AT2G41505.2	469	270	5.84289e-08	7.07134e-08
AT2G41505.3	465	266	1.61477	1.98366
AT3G29340.1	1976	1777	0	0
AT2G34850.2	1857	1658	0	0
AT2G34850.4	1042	843	7.79743	3.02247
AT2G34850.1	1239	1040	0	0
AT2G34850.3	1743	1544	2.20257	0.466144
AT3G06960.2	1949	1750	10.2042	1.90536
AT3G06960.1	1688	1489	90.7958	19.9255
AT2G30270.1	959	760	67	28.8071
AT1G04635.1	725	526	10	6.2123
AT1G60913.1	310	111	0	0
AT4G26860.1	1156	957	203	69.3142
AT4G26860.2	1057	858	63	23.9934
AT3G23805.1	913	714	64	29.2901
AT5G06265.4	1021	822	0	0
AT5G06265.7	1340	1141	0	0
AT5G06265.10	1495	1296	0	0
AT5G06265.3	1595	1396	0	0
AT5G06265.9	1210	1011	12.918	4.17526
AT5G06265.2	1734	1535	9.76106	2.07791
AT5G06265.8	1487	1288	0	0
AT5G06265.5	882	683	0	0
AT5G06265.6	1960	1761	3.258	0.604548
AT5G06265.1	949	750	28.0629	12.2267
AT1G52290.2	2246	2047	14.8959	2.37787
AT1G52290.1	2181	1982	82.1041	13.5363
AT5G24590.2	2254	2055	84	13.3569
AT3G24514.1	117	4.91545	0	0
AT4G04330.1	726	527	11	6.82057
AT2G07732.1	740	541	0	0
AT4G18580.2	690	491	11	7.32065
AT4G18580.1	688	489	0	0
AT3G46160.1	1182	983	0	0
AT3G59930.1	716	517	11.417	7.21603
AT5G24980.1	885	686	36	17.1481
AT2G04780.2	1457	1258	21.9148	5.69239
AT2G04780.1	1310	1111	363.085	106.791
AT5G53530.1	1539	1340	75.0682	18.3058
AT3G61790.1	1548	1349	58	14.0493
AT4G34550.1	1295	1096	18.7275	5.58351
AT4G34550.2	1294	1095	6.27252	1.87183
AT3G11000.1	2129	1930	5	0.846547
AT3G11000.2	2409	2210	0	0
AT3G44150.1	1019	820	68	27.0978
AT5G28840.1	1812	1613	418.845	84.8511
AT5G28840.2	1631	1432	817.155	186.466
AT4G36690.2	2309	2110	105.5	16.3384
AT4G36690.3	2209	2010	51.2375	8.32972
AT4G36690.4	2000	1801	59.7897	10.848
AT4G36690.1	2033	1834	203.473	36.2531
AT4G11930.1	819	620	0	0
AT4G12840.3	1001	802	0.736324	0.300008
AT4G12840.2	1373	1174	16.8507	4.69018
AT4G12840.1	1761	1562	3.41294	0.713979
AT4G04090.1	579	380	0	0
AT1G29280.1	1555	1356	113	27.2306
AT3G11300.1	627	428	0	0
AT1G08000.1	1990	1791	14.4145	2.62992
AT1G08000.2	1493	1294	23.8075	6.01199
AT3G44950.1	219	25.9389	0	0
AT2G39120.1	1237	1038	10	3.14805
AT3G55110.1	2540	2341	92.2047	12.8703
AT1G68420.1	264	65.044	0	0
AT3G10770.1	1658	1459	97.2667	21.7845
AT3G10770.2	1463	1264	127.733	33.0214
AT1G27410.1	1576	1377	17	4.03416
AT3G24730.1	874	675	18	8.71379
AT5G16400.1	1185	986	235	77.8806
AT4G11543.1	830	631	2	1.03571
AT3G29970.1	455	256	3.1791	4.05792
AT3G29970.3	381	182	0	0
AT3G29970.2	522	323	4.8209	4.87712
AT3G15890.1	1388	1189	32	8.79441
AT1G33110.1	1949	1750	307.033	57.3304
AT1G33110.2	1946	1747	190.939	35.7141
AT5G03905.1	858	659	59.5638	29.5349
AT5G03905.2	496	297	0	0
AT2G24650.3	3587	3388	0	0
AT2G24650.6	3432	3233	0	0
AT2G24650.1	3489	3290	0	0
AT2G24650.4	3549	3350	0	0
AT2G24650.5	3484	3285	2.51744e-05	2.50416e-06
AT2G24650.7	3441	3242	0	0
AT2G24650.2	3443	3244	46	4.63356
AT3G49800.1	1714	1515	121	26.0982
AT5G61010.2	2916	2717	138.369	16.6413
AT5G61010.1	3300	3101	36.6313	3.86001
AT2G27070.1	1775	1576	0	0
AT1G13360.3	721	522	66.4204	41.5785
AT1G13360.2	755	556	0.848529	0.49869
AT1G13360.1	1481	1282	151.731	38.6745
AT1G34560.1	645	446	0	0
AT3G50190.1	1670	1471	0.0515912	0.0114604
AT3G50190.3	1931	1732	6.61669	1.24834
AT3G50190.4	2033	1834	0	0
AT3G50190.2	1467	1268	0	0
AT1G18265.1	1116	917	4.08737	1.45651
AT1G65410.1	1494	1295	64	16.1491
AT2G45440.1	1804	1605	209	42.551
AT2G17090.1	1583	1384	0	0
AT4G09210.1	465	266	0	0
AT1G66890.1	932	733	11	4.90374
AT2G05294.1	93	4.05064	0	0
AT2G31035.1	252	53.2554	0	0
AT4G11830.2	4645	4446	0	0
AT4G11830.3	4613	4414	20.5161	1.5188
AT4G11830.1	4549	4350	39.3739	2.95772
AT4G11830.4	3962	3763	237.471	20.6213
AT2G41690.1	1085	886	2	0.737623
AT5G53650.1	643	444	65	47.8375
AT2G38550.1	1656	1457	134	30.0527
AT5G18970.1	1122	923	36.6803	12.9858
AT1G50250.1	2573	2374	1064.47	146.518
AT5G40180.1	795	596	0	0
AT3G55540.1	1005	806	0	0
AT2G47330.1	2673	2474	149	19.68
AT5G46690.2	1776	1577	17.822	3.69286
AT5G46690.1	1283	1084	57.178	17.2361
AT5G50200.2	961	762	145.826	62.5345
AT5G50200.3	952	753	1.3643	0.592044
AT5G50200.1	1099	900	371.809	134.994
AT4G32272.2	1619	1420	8.18196	1.88281
AT4G32272.1	1674	1475	26.818	5.94119
AT3G47341.1	147	6.75012	0	0
AT1G74940.1	1395	1196	39	10.6554
AT4G22035.1	1086	887	0	0
AT2G43290.1	996	797	194	79.5393
AT4G26210.1	925	726	57.1011	25.7008
AT4G26210.2	747	548	24.8989	14.847
AT1G55850.1	2570	2371	208	28.6662
AT4G24644.1	165	8.64817	0	0
AT3G47710.1	679	480	4	2.72306
AT2G18480.1	2042	1843	2	0.354603
AT5G47010.1	4547	4348	520	39.0798
AT2G42670.2	1513	1314	0	0
AT2G42670.3	2008	1809	2.81979	0.509351
AT2G42670.1	1431	1232	38.1802	10.1267
AT2G40570.2	1999	1800	0	0
AT2G40570.1	2034	1835	26.7611	4.76547
AT2G40570.3	2147	1948	17.2389	2.89174
AT1G73060.1	1437	1238	441	116.401
AT2G20760.1	1682	1483	475	104.662
AT3G60000.1	1593	1394	0	0
AT3G60000.2	1501	1302	1	0.250973
AT5G05910.1	456	257	0	0
AT4G31230.2	2744	2545	0	0
AT4G31230.1	3317	3118	0	0
AT5G65910.1	1618	1419	95	21.8766
AT3G27070.1	898	699	7	3.27235
AT3G27070.2	986	787	0	0
AT4G21870.1	1032	833	27	10.5915
AT1G53140.1	2771	2572	64	8.13106
AT2G07658.1	789	590	1	0.553843
AT1G52240.1	2094	1895	69	11.8981
AT1G58110.2	1905	1706	105	20.1117
AT1G58110.1	1819	1620	0	0
AT5G40595.1	426	227	0	0
AT4G37608.2	570	371	0	0
AT4G37608.1	665	466	7	4.90852
AT2G45810.1	2508	2309	306	43.3048
AT2G16630.1	1520	1321	71	17.5628
AT4G38495.1	530	331	14.6703	14.4827
AT2G10965.1	750	551	0	0
AT4G19830.1	1088	889	50	18.3784
AT4G09520.1	1812	1613	66	13.3705
AT5G18933.1	231	34.449	0	0
AT1G80910.1	2080	1881	116	20.1515
AT5G66450.1	1140	941	33.8458	11.7531
AT5G66450.3	1112	913	13.1542	4.70794
AT5G66450.5	929	730	0	0
AT5G66450.4	954	755	0	0
AT5G66450.2	1023	824	0	0
AT1G62010.1	1665	1466	18.5092	4.12565
AT2G40590.1	830	631	301.496	156.132
AT2G43420.1	2157	1958	87	14.5193
AT2G03430.1	1046	847	37	14.2744
AT2G29980.2	1526	1327	245.346	60.4152
AT2G29980.1	1668	1469	388.654	86.453
AT3G51790.1	1335	1136	45	12.9441
AT1G17730.1	1027	828	93	36.7021
AT3G05935.5	893	694	6.78755	3.19589
AT3G05935.3	623	424	0	0
AT3G05935.4	476	277	20.1814	23.8072
AT3G05935.1	932	733	9.0311	4.02601
AT3G05935.2	653	454	0	0
AT4G39510.1	2014	1815	106	19.0839
AT1G16020.4	1467	1268	0	0
AT1G16020.1	2258	2059	36.5578	5.80178
AT1G16020.2	2193	1994	76.7178	12.5721
AT1G16020.3	1594	1395	12.7245	2.9806
AT3G12710.1	1434	1235	60	15.8753
AT1G70949.1	264	65.044	0	0
AT4G31990.2	1932	1733	384.128	72.4295
AT4G31990.1	1849	1650	133.734	26.4848
AT4G31990.3	1712	1513	205.136	44.3037
AT4G31990.4	1850	1651	0.00219479	0.000434394
AT3G10850.1	1223	1024	243	77.5434
AT5G40640.1	2230	2031	38	6.11381
AT1G31830.2	2046	1847	23.0116	4.07117
AT1G31830.1	2113	1914	51.9884	8.8757
AT5G55100.11	2410	2211	25.0733	3.70562
AT5G55100.6	3247	3048	1.0441e-05	1.11935e-06
AT5G55100.5	3331	3132	1.33017e-05	1.38779e-06
AT5G55100.12	2287	2088	30.0751	4.70668
AT5G55100.9	3175	2976	1.77451	0.194843
AT5G55100.2	2980	2781	1.88108e-06	2.21027e-07
AT5G55100.3	3470	3271	16.4184	1.64017
AT5G55100.10	3293	3094	11.0126	1.16308
AT5G55100.8	3087	2888	14.3493	1.62357
AT5G55100.1	2819	2620	15.4674	1.9291
AT5G55100.4	3347	3148	18.3917	1.90909
AT5G55100.7	3171	2972	12.4376	1.3675
AT1G18350.1	1103	904	0	0
AT1G08500.1	1286	1087	16	4.80982
AT4G19905.1	438	239	0	0
AT3G48160.1	1484	1285	0	0
AT3G48160.2	1836	1637	23.0105	4.59321
AT1G13610.1	1409	1210	4	1.08022
AT1G13610.2	1305	1106	0	0
AT5G04047.1	581	382	0	0
AT5G63670.1	770	571	57.1143	32.6849
AT5G63670.2	573	374	28.8857	25.2377
AT1G12640.1	1936	1737	158	29.7232
AT2G36500.1	2023	1824	6	1.07489
AT3G25130.1	1775	1576	20	4.14679
AT1G20080.5	1882	1683	0	0
AT1G20080.1	1932	1733	2	0.377112
AT1G20080.4	1743	1544	0	0
AT1G20080.3	1980	1781	0	0
AT1G20080.2	1865	1666	0	0
AT2G01035.1	603	404	0.5	0.404415
AT3G61310.1	4959	4760	171	11.7389
AT2G01730.2	2210	2011	0	0
AT2G01730.1	2124	1925	2	0.339498
AT1G50290.1	902	703	19	8.83154
AT5G13450.1	1146	947	756.132	260.907
AT5G13450.2	888	689	38.8682	18.4338
AT4G11990.1	2084	1885	9	1.56016
AT5G48630.2	980	781	22.092	9.24318
AT5G48630.1	1067	868	39.908	15.0238
AT1G50040.1	1769	1570	5	1.04066
AT3G12990.2	1264	1065	9.8607	3.0255
AT3G12990.3	1213	1014	0	0
AT3G12990.1	1233	1034	26.8556	8.48697
AT3G12990.4	1267	1068	0	0
AT1G26870.1	1489	1290	4	1.01323
AT4G27990.1	1182	983	82	27.2583
AT1G62400.1	1874	1675	24	4.68204
AT1G14120.3	1169	970	0	0
AT1G14120.1	1312	1113	19	5.57823
AT1G14120.2	1270	1071	5.74747e-08	1.75358e-08
AT3G59230.1	1580	1381	0	0
AT2G34380.1	1810	1611	20	4.0567
AT3G52450.1	1811	1612	29	5.87856
AT1G30410.4	5254	5055	0.318263	0.0205733
AT1G30410.6	4488	4289	9.21363	0.701961
AT1G30410.3	5396	5197	0	0
AT1G30410.1	5103	4904	107.306	7.15008
AT1G30410.2	5351	5152	0	0
AT1G30410.5	5369	5170	77.5791	4.90335
AT1G60620.2	1599	1400	16.0909	3.7557
AT1G60620.1	1687	1488	16.9091	3.71326
AT1G30930.1	1131	932	0	0
AT1G66270.2	1735	1536	594.497	126.473
AT1G66270.1	1988	1789	346.486	63.2869
AT1G55080.2	1022	823	21.035	8.35183
AT1G55080.1	1031	832	7.95015e-05	3.12241e-05
AT3G43670.1	2391	2192	26	3.87589
AT1G05577.1	1520	1321	4	0.989454
AT1G65200.1	3311	3112	0	0
AT3G23370.2	2486	2287	13.5938	1.94229
AT3G23370.4	2643	2444	0	0
AT3G23370.1	2843	2644	7.40616	0.915314
AT3G23370.3	2752	2553	0	0
AT5G35910.1	2998	2799	218	25.4502
AT1G43710.1	1917	1718	599	113.931
AT5G28350.1	4164	3965	19.2219	1.58413
AT5G28350.2	3470	3271	130.566	13.0434
AT1G18640.2	1389	1190	109.905	30.1793
AT1G18640.3	1461	1262	0	0
AT2G17660.1	568	369	0	0
AT2G16990.2	1953	1754	0	0
AT2G16990.6	1996	1797	0	0
AT2G16990.7	1992	1793	0.718627	0.130967
AT2G16990.8	1801	1602	0	0
AT2G16990.5	2125	1926	0	0
AT2G16990.4	2129	1930	0	0
AT2G16990.3	2211	2012	4.34591	0.705816
AT2G16990.1	1858	1659	12.9355	2.54785
AT3G27906.2	997	798	12.7246	5.21052
AT3G27906.3	1411	1212	23.5176	6.34059
AT3G27906.1	2674	2475	11.7577	1.55234
AT4G11521.1	1303	1104	22	6.51166
AT1G20816.1	851	652	29	14.5341
AT3G52300.2	893	694	444.01	209.06
AT3G52300.1	1097	898	426.99	155.375
AT3G19740.1	3492	3293	259.165	25.7172
AT3G05420.1	2392	2193	194.843	29.0325
AT3G05420.2	2508	2309	145.157	20.5425
AT3G13580.9	1116	917	7.76618	2.76743
AT3G13580.6	1377	1178	0	0
AT3G13580.8	1123	924	0.0012554	0.000443964
AT3G13580.7	1281	1082	0	0
AT3G13580.1	1062	863	377.233	142.836
AT3G13580.3	1587	1388	0	0
AT3G13580.2	1225	1026	0	0
AT3G13580.4	1491	1292	0	0
AT3G13580.5	1426	1227	0	0
AT2G18860.3	1734	1535	0	0
AT2G18860.1	1663	1464	37.5385	8.37864
AT2G18860.2	1312	1113	64.4615	18.9253
AT1G18890.1	2681	2482	159.006	20.9339
AT3G01530.1	1507	1308	0	0
AT1G54780.1	1214	1015	1128	363.146
AT5G07430.1	1468	1269	0	0
AT4G21690.1	1050	851	0	0
AT5G42635.1	357	158	0	0
AT4G14370.3	3364	3165	13	1.34217
AT4G14370.2	3611	3412	0	0
AT4G14370.1	3332	3133	0	0
AT1G24350.2	1039	840	11.1851	4.35111
AT1G24350.5	627	428	7.55546	5.7684
AT1G24350.4	799	600	0	0
AT1G24350.3	924	725	17.5984	7.93182
AT1G24350.1	1259	1060	35.5554	10.9607
AT1G65900.2	1592	1393	28.0852	6.58818
AT1G65900.1	1768	1569	8.91477	1.85663
AT5G44100.2	2197	1998	93.4	15.2753
AT5G44100.1	2382	2183	141.6	21.1957
AT2G02030.1	1005	806	0	0
AT1G27710.1	881	682	0	0
AT1G27710.2	861	662	0	0
AT1G43010.1	774	575	1	0.568291
AT5G39470.1	513	314	0	0
AT5G11880.1	2036	1837	331.388	58.9475
AT3G59180.1	1428	1229	0	0
AT5G17740.1	1602	1403	0	0
AT3G46340.1	2725	2526	3	0.388084
AT5G41450.1	495	296	0	0
AT1G64020.1	467	268	0	0
AT2G01870.1	936	737	20.7185	9.18607
AT3G22480.2	602	403	23.3593	18.9406
AT3G22480.1	869	670	63.6407	31.0383
AT1G51140.1	1694	1495	69	15.0816
AT2G36460.2	1737	1538	0	0
AT2G36460.1	1760	1561	95.7079	20.0347
AT2G36460.3	1517	1318	192.292	47.6743
AT2G31180.1	1080	881	5	1.85452
AT4G27040.4	1530	1331	82.9785	20.3716
AT4G27040.6	1600	1401	0	0
AT4G27040.5	1620	1421	0	0
AT4G27040.2	1618	1419	25.7811	5.93686
AT4G27040.3	1431	1232	21.2404	5.63365
AT4G27040.1	1581	1382	0	0
AT3G21220.1	2406	2207	19.6004	2.90202
AT3G21220.2	1843	1644	150.4	29.894
AT4G30980.1	1797	1598	0	0
AT4G30980.2	1473	1274	49	12.568
AT5G10270.1	1854	1655	58.2038	11.4919
AT1G22840.1	730	531	444	273.229
AT1G22840.2	734	535	0	0
AT1G32000.1	546	347	0	0
AT1G11240.1	2372	2173	73	10.9775
AT5G27420.1	1755	1556	19	3.99009
AT5G21280.2	1906	1707	0	0
AT5G21280.1	1535	1336	34	8.31593
AT2G37680.2	1063	864	0	0
AT2G37680.1	963	764	28	11.9758
AT5G42540.2	3458	3259	3.52765e-07	3.53703e-08
AT5G42540.1	3498	3299	312	30.9037
AT1G28330.1	790	591	5.56818	3.07868
AT1G28330.4	428	229	0	0
AT1G28330.2	878	679	10.2486	4.93212
AT1G28330.3	1038	839	0	0
AT1G28330.6	1494	1295	0	0
AT1G28330.5	1402	1203	9.18321	2.49441
AT2G42190.2	1236	1037	0	0
AT2G42190.1	1377	1178	90.2436	25.0328
AT2G42190.3	1515	1316	31.7564	7.88522
AT3G46930.5	1748	1549	0	0
AT3G46930.2	2087	1888	0.626137	0.108369
AT3G46930.3	2138	1939	0	0
AT3G46930.6	1672	1473	8.22807	1.8253
AT3G46930.1	1708	1509	0	0
AT3G46930.4	2082	1883	13.1458	2.28126
AT2G43240.1	1918	1719	64	12.1658
AT2G43240.2	1790	1591	0	0
AT3G14780.1	1268	1069	9	2.75108
AT5G20920.1	1294	1095	165.283	49.3233
AT5G20920.2	1188	989	170.717	56.4052
AT5G20920.3	1295	1096	0	0
AT1G64710.3	1279	1080	25.2955	7.65345
AT1G64710.1	1143	944	42.1873	14.6032
AT1G64710.2	1378	1179	30.5173	8.45805
AT4G30230.1	1175	976	2	0.669605
AT3G07800.1	1519	1320	66	16.3384
AT3G19000.2	1454	1255	36.9102	9.61038
AT3G19000.1	1447	1248	105.09	27.5159
AT1G73760.2	2250	2051	9.70105	1.54558
AT1G73760.1	2149	1950	88.2989	14.7965
AT4G31790.2	1432	1233	55.2192	14.6341
AT4G31790.1	1505	1306	35.7808	8.95252
AT4G15900.1	1935	1736	331.9	62.4736
AT5G48730.1	1705	1506	53	11.4998
AT5G15080.1	2129	1930	99	16.7616
AT3G27785.1	1700	1501	0	0
AT5G59860.1	474	275	0	0
AT2G38470.1	2028	1829	103	18.4019
AT5G65880.1	799	600	22	11.9815
AT1G73180.2	1843	1644	0	0
AT1G73180.1	1998	1799	159	28.8805
AT5G01950.5	3502	3303	16.1091	1.59368
AT5G01950.8	3062	2863	51.2637	5.85096
AT5G01950.4	3525	3326	0	0
AT5G01950.2	3619	3420	0	0
AT5G01950.6	3493	3294	20.6272	2.04623
AT5G01950.1	3496	3297	0	0
AT5G01950.3	3563	3364	0	0
AT5G01950.7	3431	3232	0	0
AT3G47700.1	2689	2490	54	7.08652
AT2G23560.1	1220	1021	20	6.40092
AT1G73390.5	2061	1862	0	0
AT1G73390.6	1816	1617	0	0
AT1G73390.2	1840	1641	58.5378	11.6565
AT1G73390.4	1867	1668	0	0
AT1G73390.3	1781	1582	146.468	30.2535
AT1G73390.1	1891	1692	14.526	2.80534
AT1G73390.7	1668	1469	7.46765	1.66112
AT1G17490.1	721	522	21	13.1458
AT1G51370.3	1859	1660	0	0
AT1G51370.2	1118	919	0	0
AT1G51370.1	1707	1508	13	2.81696
AT5G04760.1	1128	929	31	10.904
AT4G15735.1	436	237	0	0
AT5G36480.1	357	158	0	0
AT2G20597.1	404	205	0	0
AT3G12940.2	2721	2522	8.45509	1.0955
AT3G12940.3	2254	2055	28.1105	4.46988
AT3G12940.1	2637	2438	0	0
AT1G49140.2	1401	1202	0	0
AT1G49140.1	701	502	187	121.724
AT3G20100.1	1982	1783	145.096	26.5914
AT4G26250.1	1062	863	0	0
AT2G45380.2	2223	2024	32.8699	5.30672
AT2G45380.3	1855	1656	0.000249313	4.91952e-05
AT2G45380.1	1645	1446	25.5463	5.77296
AT2G45380.4	1226	1027	46.4452	14.7778
AT3G50890.1	1266	1067	6	1.83749
AT5G06370.1	1254	1055	81	25.0883
AT4G13490.1	681	482	0	0
AT4G17020.3	1904	1705	28.6708	5.49482
AT4G17020.2	1862	1663	19.4061	3.81315
AT4G17020.1	2047	1848	12.9231	2.28509
AT4G02410.1	2361	2162	83	12.5447
AT2G37870.1	643	444	1	0.735962
AT3G21270.1	1360	1161	51	14.3541
AT5G06080.1	699	500	1	0.653534
AT5G35700.1	2643	2444	129	17.2475
AT3G26740.1	1068	869	36	13.537
AT3G12600.2	808	609	84.6439	45.4168
AT3G12600.1	1218	1019	109.356	35.0677
AT1G47270.3	1403	1204	22.9181	6.22001
AT1G47270.2	1745	1546	18.0819	3.82184
AT1G47270.1	1678	1479	0	0
AT1G72220.1	1639	1440	5	1.13461
AT5G24350.1	7532	7333	22.273	0.992511
AT5G24350.2	7577	7378	0.0198418	0.000878783
AT5G24350.3	7517	7318	233.707	10.4356
AT1G14205.1	547	348	3	2.81696
AT1G73240.1	2062	1863	59	10.3485
AT2G17975.2	833	634	2.02423	1.0433
AT2G17975.1	1122	923	13.0673	4.62616
AT5G59590.1	1740	1541	2	0.424097
AT4G10280.1	664	465	12	8.4327
AT2G05720.1	831	632	0	0
AT3G49020.1	1344	1145	0	0
AT1G26270.1	2763	2564	270	34.41
AT2G34238.1	430	231	1	1.41458
AT3G10060.1	1123	924	321	113.52
AT1G68890.1	5443	5244	131.71	8.20717
AT1G68890.2	4368	4169	119.29	9.34999
AT4G16770.1	1717	1518	40	8.61046
AT5G27390.2	1228	1029	8.02625	2.5488
AT5G27390.4	1125	926	0	0
AT5G27390.3	1042	843	20.7292	8.03514
AT5G27390.1	1136	937	132.245	46.1186
AT5G08190.1	1072	873	40	14.9721
AT5G08190.2	999	800	0	0
ATCG00690.1	102	4.33389	0	0
AT4G27480.1	1722	1523	0	0
AT4G27480.3	1802	1603	0	0
AT4G27480.2	1828	1629	9	1.80534
AT2G20050.2	3836	3637	157.702	14.1688
AT2G20050.1	4256	4057	48.2976	3.89008
AT1G10660.4	1631	1432	45.6273	10.4117
AT1G10660.3	1621	1422	76.8312	17.6553
AT1G10660.1	1774	1575	8.54144	1.7721
AT1G10660.2	1848	1649	0.000137668	2.72804e-05
AT3G01319.1	141	6.28195	0	0
AT5G07550.1	735	536	0	0
AT5G07550.3	582	383	0	0
AT5G07550.2	632	433	0	0
AT1G29060.2	949	750	0	0
AT1G29060.1	978	779	23	9.64781
AT2G40610.1	1325	1126	34	9.86686
AT3G14610.1	1949	1750	74	13.8176
AT2G20720.1	2221	2022	13	2.10088
AT1G54850.1	898	699	26	12.1544
AT3G22980.2	3617	3418	0	0
AT3G22980.3	3211	3012	8.84379	0.959448
AT3G22980.1	3459	3260	105.156	10.5404
AT1G11920.1	1305	1106	1	0.295449
AT3G55690.1	1615	1416	26	5.99996
AT4G08485.1	261	62.0706	0	0
AT1G54110.1	1029	830	21.9102	8.62593
AT1G54110.3	1458	1259	8.08984	2.09968
AT1G54110.2	930	731	0	0
AT5G15780.1	1636	1437	649	147.58
AT4G30970.1	405	206	0	0
AT3G28900.1	1267	1068	375	114.736
AT2G02500.2	1375	1176	51.983	14.4442
AT2G02500.1	1629	1430	31.017	7.08764
AT5G49555.1	1889	1690	118	22.8157
AT5G67210.1	1209	1010	22	7.1177
AT1G53070.1	1315	1116	33	9.66247
AT4G00525.1	675	476	12	8.23783
AT3G53342.1	267	68.0268	0	0
AT5G47435.2	1563	1364	18.4983	4.43155
AT5G47435.1	1187	988	194.67	64.3843
AT4G11485.1	609	410	0	0
AT5G49110.3	4595	4396	0	0
AT5G49110.1	4477	4278	6.10852e-07	4.66588e-08
AT5G49110.4	4478	4279	4.67097e-07	3.567e-08
AT5G49110.2	4413	4214	20	1.55086
AT4G26483.1	255	56.1701	0	0
AT2G45270.1	2158	1959	95	15.8463
AT4G08620.1	2359	2160	3	0.453843
AT5G37055.1	834	635	12	6.17513
AT3G45230.1	810	611	31	16.579
AT1G53850.2	1245	1046	0	0
AT1G53850.1	1286	1087	187	56.2148
AT5G64290.1	2268	2069	834	131.718
AT3G56080.1	2172	1973	35.9998	5.96227
AT3G56080.2	2193	1994	0.000189547	3.10621e-05
AT1G20150.1	2404	2205	0	0
AT2G07707.1	477	278	0.5	0.587711
AT2G18010.1	872	673	3	1.45661
AT1G16945.1	198	15.9266	0	0
AT2G01440.1	3932	3733	128	11.2044
AT3G14760.1	859	660	15	7.42653
AT1G13485.1	174	9.99669	0	0
AT1G50010.1	1775	1576	1636.85	339.384
AT5G24970.1	2373	2174	0	0
AT5G24970.2	2506	2307	0	0
AT5G24970.3	2459	2260	36	5.20514
AT1G29510.1	817	618	15.7488	8.32718
AT5G37600.1	1588	1389	863.459	203.132
AT5G02820.1	1659	1460	99	22.1575
AT5G46860.1	1443	1244	111	29.1569
AT3G20210.1	1754	1555	0	0
AT5G08090.1	969	770	0	0
AT1G16880.2	1050	851	28.6383	10.9965
AT1G16880.1	1340	1141	939.362	269.021
AT5G50562.1	174	9.99669	0	0
AT4G15093.1	1191	992	55	18.1171
AT5G02370.1	1776	1577	28	5.80183
AT2G45040.1	1446	1247	0	0
AT3G28193.1	129	5.5143	0	0
AT3G58730.1	1352	1153	496	140.569
AT4G12710.1	1677	1478	57	12.602
AT5G45430.2	2640	2441	76.2427	10.2063
AT5G45430.1	2635	2436	1120.76	150.339
AT2G05250.1	2920	2721	142.772	17.1456
AT1G69890.1	1599	1400	15	3.50108
AT5G40645.1	459	260	1	1.2568
AT1G64530.2	2789	2590	0.0707234	0.00892282
AT1G64530.1	2906	2707	310.929	37.5329
AT1G53160.1	1365	1166	0	0
AT1G53160.2	957	758	4.45704	1.92139
AT1G53160.3	893	694	6.54296	3.08073
AT2G14775.1	1300	1101	3.62077	1.07461
AT3G03360.1	1607	1408	35	8.12276
AT5G36320.1	357	158	0	0
AT5G04330.1	1831	1632	8	1.6018
AT3G17620.1	1249	1050	0	0
AT1G56423.1	1357	1158	31.2973	8.83154
AT1G56423.2	1209	1010	30.7027	9.9333
AT5G54310.1	1932	1733	275	51.8528
AT5G43211.1	165	8.64817	0	0
AT5G64770.1	686	487	87	58.3752
AT5G56800.1	1135	936	0	0
AT3G20770.1	2448	2249	414.676	60.25
AT5G05450.1	2314	2115	121	18.6945
AT1G05920.1	1477	1278	0	0
AT4G03153.1	648	449	0	0
AT5G20450.2	2080	1881	2.69697	0.468518
AT5G20450.5	1662	1463	0	0
AT5G20450.6	1965	1766	0	0
AT5G20450.12	1380	1181	0	0
AT5G20450.3	1809	1610	0	0
AT5G20450.11	1695	1496	0	0
AT5G20450.10	1902	1703	0.218789	0.0419806
AT5G20450.1	1440	1241	12.0842	3.1819
AT5G20450.8	1834	1635	0	0
AT5G20450.7	1920	1721	0	0
AT5G20450.4	2161	1962	0	0
AT5G20450.9	1490	1291	0	0
AT2G31750.1	1718	1519	353.862	76.1227
AT2G31750.2	1552	1353	237.138	57.272
AT3G20160.2	989	790	1	0.413629
AT3G20160.1	1223	1024	0	0
AT5G01075.1	574	375	24	20.9131
AT1G11750.1	1268	1069	330.117	100.909
AT1G11750.2	1338	1139	7.88346	2.26168
AT3G28380.1	3766	3567	1	0.0916084
AT1G60950.1	985	786	4398	1828.4
AT2G41200.1	939	740	7	3.09104
AT2G41100.3	2288	2089	2.81329	0.440062
AT2G41100.2	1194	995	8.78247	2.88424
AT2G41100.6	1915	1716	0	0
AT2G41100.1	1252	1053	242.545	75.2667
AT2G41100.4	1252	1053	12.0399	3.73621
AT2G41100.7	1606	1407	26.2955	6.10698
AT2G41100.5	1400	1201	2.2704	0.617728
AT4G04940.2	2600	2401	54.2614	7.38478
AT4G04940.1	3082	2883	83.7386	9.49116
AT3G16610.1	2121	1922	5	0.850071
AT4G29840.1	1949	1750	429	80.1046
AT2G47830.2	1365	1166	16.0662	4.50248
AT2G47830.1	1688	1489	48.9338	10.7387
AT5G67550.1	1778	1579	6	1.24167
AT5G43340.1	1551	1352	0	0
AT3G16380.1	1978	1779	1.00432	0.184474
AT5G49480.1	1194	995	930	305.421
AT2G35190.1	1697	1498	129	28.1395
AT3G24560.2	2123	1924	31.9169	5.42069
AT3G24560.3	1442	1243	0	0
AT3G24560.1	2133	1934	0.0830638	0.0140344
AT5G18600.1	873	674	70	33.9372
AT5G11710.3	2401	2202	0	0
AT5G11710.1	2367	2168	3.79343e-08	5.71757e-09
AT5G11710.2	2324	2125	369	56.7421
AT5G04360.2	3445	3246	65.9756	6.64161
AT5G04360.1	3199	3000	64.0244	6.97369
AT1G43800.1	1490	1291	227	57.4563
AT3G19860.3	1713	1514	22.8088	4.92284
AT3G19860.2	1443	1244	10.9507	2.87647
AT3G19860.1	1522	1323	50.2405	12.4089
AT1G10140.1	1182	983	14	4.65386
AT1G17430.1	1258	1059	15	4.62843
AT1G78240.2	2835	2636	246	30.495
AT1G78240.1	2950	2751	0	0
AT4G15053.1	1246	1047	0	0
AT1G02120.3	2145	1946	0	0
AT1G02120.2	2251	2052	73.8426	11.7589
AT1G02120.1	2150	1951	225.157	37.7109
AT3G01326.1	507	308	0	0
AT2G23220.1	1548	1349	1	0.242229
AT3G11460.1	1872	1673	6	1.17191
AT1G07620.1	2100	1901	0	0
AT1G07620.3	1972	1773	0	0
AT1G07620.4	1881	1682	10	1.94273
AT1G07620.2	2155	1956	0	0
AT4G17243.1	182	11.5236	0	0
AT3G63095.1	753	554	3.28792	1.93932
AT5G36230.1	1694	1495	635.351	138.871
AT5G36230.2	1925	1726	16.6494	3.15206
AT4G31610.2	2023	1824	0	0
AT4G31610.1	2025	1826	0	0
AT1G26810.1	2498	2299	1.95203e-08	2.77451e-09
AT1G26810.2	2458	2259	11	1.59116
AT1G53708.1	630	431	2	1.51632
AT3G58650.1	3307	3108	73	7.67503
AT5G64550.1	2533	2334	73	10.2202
AT1G69640.1	1358	1159	137	38.6256
AT4G31900.1	3609	3410	0	0
AT4G31900.3	3662	3463	0	0
AT4G31900.2	3770	3571	0	0
AT5G02840.2	1386	1187	2.78734	0.767321
AT5G02840.5	1029	830	0	0
AT5G02840.3	1454	1255	19.3877	5.04802
AT5G02840.4	1632	1433	9.88502	2.25408
AT5G02840.1	1476	1277	267.94	68.5622
AT5G19420.2	3988	3789	0	0
AT5G19420.1	4055	3856	76.6799	6.49805
AT5G19420.3	4168	3969	0	0
AT4G12600.1	825	626	330	172.257
AT4G12600.2	954	755	0	0
AT5G07970.2	4169	3970	20.2551	1.66718
AT5G07970.3	3841	3642	57.2398	5.13567
AT5G07970.1	3973	3774	66.5176	5.75935
AT5G59090.2	2456	2257	101.115	14.6394
AT5G59090.1	2921	2722	38.4285	4.61321
AT5G59090.3	2465	2266	172.456	24.8689
AT3G26510.5	2328	2129	21.5855	3.31302
AT3G26510.7	1681	1482	24.801	5.4684
AT3G26510.6	2452	2253	0	0
AT3G26510.2	1044	845	79.3483	30.6845
AT3G26510.3	1150	951	0	0
AT3G26510.4	2078	1879	0	0
AT3G26510.1	2139	1940	0	0
AT1G79880.2	1541	1342	11.1391	2.7123
AT1G79880.1	1466	1267	27.8609	7.18549
AT1G79880.3	1503	1304	0	0
AT5G43230.1	2982	2783	8	0.939323
AT3G05330.1	2390	2191	69	10.2907
AT5G46520.2	4223	4024	0	0
AT5G46520.1	4108	3909	20.2593	1.69354
AT2G37750.1	723	524	21	13.0956
AT3G60090.1	967	768	1	0.425478
AT5G08120.2	1634	1435	0	0
AT5G08120.1	1538	1339	66	16.1065
AT4G04920.2	4243	4044	30.9968	2.50463
AT4G04920.3	4698	4499	35.1222	2.55096
AT4G04920.1	4376	4177	201.881	15.7932
AT3G53760.2	2867	2668	0	0
AT3G53760.1	2848	2649	49.9351	6.15974
AT3G53760.3	2697	2498	0.0649051	0.00849034
AT2G18390.1	879	680	54	25.9492
AT1G76960.1	548	349	0	0
AT5G02920.1	1167	968	0	0
AT4G24980.1	813	614	0	0
AT4G38540.1	1490	1291	127	32.1452
AT1G56120.2	3675	3476	13.5253	1.27147
AT1G56120.1	3161	2962	6.05181	0.667634
AT1G56120.3	3881	3682	0	0
AT3G25860.1	2070	1871	469	81.9101
AT5G34780.1	1098	899	0	0
AT4G26750.1	1638	1439	109	24.7516
AT4G37300.1	1384	1185	240	66.1807
AT5G13960.2	2511	2312	0	0
AT5G13960.1	2318	2119	44	6.78516
AT5G42955.1	483	284	0	0
AT1G77122.1	1118	919	51	18.134
AT3G06868.1	1493	1294	73.6797	18.606
AT5G18120.2	2030	1831	0	0
AT5G18120.3	2376	2177	0	0
AT5G18120.1	1756	1557	64	13.4317
AT2G42580.1	2827	2628	197	24.4951
AT2G20585.7	1233	1034	0	0
AT2G20585.2	707	508	33.0563	21.2632
AT2G20585.6	1403	1204	0	0
AT2G20585.3	1188	989	0	0
AT2G20585.1	763	564	7.90273	4.57864
AT2G20585.5	933	734	3.041	1.35381
AT2G20585.4	1018	819	0	0
AT5G26990.1	1804	1605	61.2955	12.4794
AT1G68940.2	3677	3478	10.1817	0.956597
AT1G68940.1	3441	3242	30.7027	3.09458
AT1G68940.3	3525	3326	0	0
AT1G48770.3	826	627	0	0
AT1G48770.2	1062	863	14.4211	5.46042
AT1G48770.1	813	614	5.57891	2.96906
AT1G78995.1	1017	818	54	21.5714
AT4G15720.1	2081	1882	1	0.173628
AT3G53500.2	1335	1136	248.696	71.5366
AT3G53500.3	1823	1624	40.4536	8.13972
AT3G53500.1	1547	1348	29.8507	7.23608
AT5G59790.1	1941	1742	48	9.00392
AT5G59790.2	2083	1884	0	0
AT5G19730.1	1862	1663	185	36.3511
AT2G07190.1	1359	1160	0	0
AT2G48110.1	4122	3923	99	8.24623
AT4G15690.1	666	467	5.55362	3.88595
AT3G52940.1	1618	1419	52.5556	12.1025
AT3G52940.2	1456	1257	52.4444	13.6333
AT5G13700.1	1693	1494	7.77336	1.70019
AT4G39810.1	964	765	5	2.13573
AT3G62380.1	1247	1048	0	0
AT5G40600.1	2480	2281	0	0
AT5G40600.2	2626	2427	0	0
AT5G40600.4	2369	2170	20.9369	3.15276
AT5G40600.3	2380	2181	0.0630932	0.00945291
AT5G18190.1	3004	2805	263.142	30.6546
AT5G18190.2	3619	3420	15.8583	1.5152
AT3G03970.5	1983	1784	0	0
AT3G03970.3	2027	1828	0	0
AT3G03970.6	2625	2426	0	0
AT3G03970.2	2516	2317	14.9486	2.10821
AT3G03970.4	2206	2007	20.0427	3.26323
AT3G03970.1	2156	1957	0.00862756	0.00144057
AT4G32820.3	6171	5972	45.6037	2.49528
AT4G32820.1	6310	6111	0.818176	0.0437495
AT4G32820.2	5911	5712	44.5781	2.55019
AT1G19690.1	1349	1150	40	11.3658
AT2G03680.1	672	473	356.121	246.023
AT2G03680.2	873	674	0	0
AT2G03680.3	691	492	34.8789	23.1652
AT1G12410.1	1209	1010	466	150.766
AT4G29930.1	1063	864	7.00471	2.6492
AT4G29930.7	2677	2478	3.99529	0.526848
AT4G29930.2	915	716	0	0
AT4G29930.4	1102	903	0	0
AT4G29930.6	985	786	0	0
AT4G29930.3	2780	2581	0	0
AT4G29930.5	1364	1165	0	0
AT5G61890.1	1261	1062	3	0.923071
AT1G75590.1	957	758	9	3.87982
AT5G65613.1	342	143	5.80535	13.2657
AT3G44485.1	441	242	0	0
AT3G22730.1	1119	920	0	0
AT3G58280.1	897	698	0	0
AT4G02830.1	892	693	4	1.8861
AT4G02830.3	1020	821	0	0
AT4G02830.2	920	721	0	0
AT3G19630.1	1496	1297	82	20.6591
AT1G01040.1	6276	6077	137.075	7.37069
AT1G01040.2	5877	5678	97.9248	5.63554
AT4G15740.1	1669	1470	5	1.11145
AT4G38650.1	2156	1957	28.7016	4.79241
AT5G23510.3	1218	1019	32.6688	10.476
AT5G23510.1	1276	1077	7.93169	2.40651
AT5G23510.2	1288	1089	0	0
AT3G27400.1	1441	1242	0.68381	0.179909
AT3G27400.2	1588	1389	28.3162	6.66148
AT1G06020.1	1398	1199	0	0
AT2G17390.1	1517	1318	389	96.4434
AT1G08710.1	1206	1007	20	6.48991
AT1G08710.2	1508	1309	0	0
AT3G20370.2	1490	1291	111.457	28.2111
AT3G20370.1	1560	1361	155.543	37.3448
AT3G61800.2	3813	3614	27.1322	2.45322
AT3G61800.1	4176	3977	32.8678	2.70055
ATCG01070.1	306	107	1	3.0539
AT1G28570.2	1189	990	1.0715e-06	3.53667e-07
AT1G28570.3	910	711	5.35629	2.46169
AT1G28570.1	1578	1379	20.6437	4.89172
AT1G57570.1	2329	2130	4	0.613647
AT4G13150.1	1369	1170	0	0
AT4G13150.4	1455	1256	0	0
AT4G13150.2	1442	1243	25.7172	6.7607
AT4G13150.5	845	646	0	0
AT4G13150.3	1297	1098	19.2828	5.73859
AT3G04910.2	2712	2513	127.061	16.5218
AT3G04910.1	2829	2630	28.6974	3.56554
AT3G04910.3	2626	2427	69.2414	9.32255
AT4G18372.2	382	183	1.09253	1.95083
AT4G18372.1	663	464	9.90747	6.97723
AT2G32310.1	1262	1063	0	0
AT2G32310.2	1058	859	0	0
AT3G53232.1	746	547	2	1.19476
AT5G47420.1	1306	1107	69	20.3676
AT1G32440.1	2176	1977	298	49.2547
AT3G18180.1	1413	1214	0	0
AT3G27430.1	1228	1029	125.244	39.7723
AT3G27430.3	1169	970	229.756	77.3986
AT3G27430.2	1394	1195	0	0
AT5G21900.2	1986	1787	0	0
AT5G21900.1	1897	1698	20	3.84885
AT4G15390.2	1568	1369	184.56	44.0526
AT4G15390.1	1727	1528	38.4403	8.22056
AT3G23727.1	602	403	0	0
AT4G04020.1	1639	1440	393.405	89.272
AT4G37610.1	1438	1239	50	13.1867
AT1G76800.1	1036	837	33	12.8833
AT5G60010.1	3144	2945	0	0
AT1G76180.2	1003	804	371.983	151.184
AT1G76180.1	1178	979	179.017	59.7517
AT5G43060.1	2047	1848	380	67.1924
AT1G35910.1	1555	1356	23	5.54251
AT5G42860.1	1416	1217	77	20.6747
AT1G07380.1	2496	2297	46.7076	6.64454
AT1G07380.2	2773	2574	9.29242	1.17966
AT2G18850.1	2103	1904	0	0
AT2G18850.2	1967	1768	39	7.2081
AT2G02880.1	1480	1281	23	5.86701
AT2G03010.1	1107	908	5.1856	1.86617
AT5G43110.1	1557	1358	0	0
AT5G13510.1	834	635	877	451.299
AT4G22495.1	1739	1540	117.703	24.975
AT1G49180.2	1376	1177	5.91023	1.64084
AT1G49180.1	1498	1299	8.08977	2.035
AT4G30510.1	1355	1156	33	9.32813
AT4G30510.2	1536	1337	0	0
AT5G50680.1	1432	1233	32.0058	8.48212
AT5G50680.2	1275	1076	0.0193063	0.00586306
AT4G01780.1	1419	1220	0	0
AT3G55170.1	718	519	49.4286	31.1207
AT3G55170.3	786	587	0	0
AT3G55170.4	744	545	0	0
AT3G55170.2	568	369	38.25	33.8722
AT3G55170.5	676	477	47.3214	32.4174
AT3G14362.1	740	541	4	2.41602
AT4G36390.1	2289	2090	323	50.5004
AT1G11250.1	1496	1297	0	0
AT3G01310.3	3807	3608	0	0
AT3G01310.1	3736	3537	25.9119	2.39389
AT3G01310.2	3718	3519	89.0881	8.27253
AT1G14240.2	1779	1580	18.6087	3.84854
AT1G14240.4	1964	1765	0	0
AT1G14240.3	1695	1496	0.391343	0.08548
AT1G14240.1	1846	1647	0	0
AT2G34360.1	1554	1355	0	0
AT2G34360.2	1406	1207	0	0
AT5G17980.1	3686	3487	64	5.99745
AT4G01037.1	1980	1781	132	24.2186
AT1G61560.9	2474	2275	0	0
AT1G61560.4	2201	2002	0	0
AT1G61560.5	2749	2550	0	0
AT1G61560.8	2509	2310	0	0
AT1G61560.1	2416	2217	0.0831267	0.0122522
AT1G61560.6	2663	2464	0	0
AT1G61560.3	2036	1837	0	0
AT1G61560.2	2038	1839	0	0
AT1G61560.10	2406	2207	14.9169	2.20858
AT1G61560.7	2656	2457	0	0
AT2G43530.1	252	53.2554	5	30.6792
AT4G32760.2	2697	2498	140.873	18.4277
AT4G32760.1	2609	2410	151.904	20.5963
AT4G32760.3	2859	2660	21.2238	2.60724
AT3G51980.1	1438	1239	82	21.6262
AT5G08570.3	2037	1838	17.9978	3.19972
AT5G08570.2	1959	1760	388.272	72.0878
AT5G08570.1	1973	1774	80.7304	14.8704
AT3G20070.1	1443	1244	7.84314	2.06019
AT3G20070.3	1549	1350	0	0
AT3G20070.4	1345	1146	18.9078	5.39131
AT3G20070.2	1373	1174	13.2491	3.6877
AT3G30230.1	1584	1385	0	0
AT5G43660.3	1585	1386	0	0
AT5G43660.4	1396	1197	5	1.36494
AT5G43660.2	1532	1333	0	0
AT5G43660.5	1542	1343	0	0
AT5G43660.1	1233	1034	0	0
AT1G49480.2	2150	1951	12.366	2.07114
AT1G49480.1	1875	1676	25.3537	4.94317
AT1G49480.3	1304	1105	72.2803	21.3745
AT3G63290.1	1696	1497	23	5.02047
AT3G63290.2	1855	1656	0	0
AT5G27380.1	2022	1823	281	50.3684
AT1G25420.2	1598	1399	8.01699	1.87254
AT1G25420.3	1447	1248	14.5993	3.82258
AT1G25420.1	1485	1286	94.3837	23.9825
AT1G25420.4	1655	1456	1.34247e-05	3.01287e-06
AT1G50460.1	2161	1962	137	22.8171
AT1G50460.3	1721	1522	0	0
AT1G50460.2	2357	2158	0	0
AT1G42615.1	429	230	0	0
AT2G42880.2	2738	2539	37.1119	4.77626
AT2G42880.1	2658	2459	302.888	40.2496
AT3G26860.2	826	627	0	0
AT3G26860.1	288	89.0004	0	0
AT1G27070.1	2161	1962	39	6.49537
AT5G26760.1	2880	2681	9.77277	1.19113
AT5G26760.2	2670	2471	115.227	15.2377
AT1G47220.1	984	785	0	0
AT1G02920.1	1213	1014	168.277	54.2281
AT1G80510.1	2043	1844	53	9.3919
AT3G16680.1	646	447	0	0
AT5G25320.1	1902	1703	0	0
AT5G25320.2	1985	1786	0	0
AT5G25320.3	1542	1343	0	0
AT4G34420.1	1546	1347	6	1.45553
AT2G30430.1	237	39.4185	0	0
AT4G35580.3	1859	1660	0	0
AT4G35580.1	1865	1666	98	19.2216
AT4G35580.2	1791	1592	0	0
AT5G12850.1	2874	2675	227	27.7294
AT1G60989.1	477	278	34.819	40.9269
AT1G27690.1	1989	1790	48	8.76247
AT1G35625.1	1090	891	0	0
AT4G34345.1	472	273	0	0
AT1G67360.2	1235	1036	161.875	51.0574
AT1G67360.1	1107	908	81.125	29.1949
AT4G16957.1	1473	1274	30.5404	7.83327
AT1G24210.1	834	635	3	1.54378
AT5G22210.1	609	410	0	0
AT5G22210.2	624	425	36	27.6791
AT5G46270.4	4091	3892	0	0
AT5G46270.2	4417	4218	0	0
AT5G46270.3	4399	4200	0	0
AT5G46270.5	3653	3454	51.7058	4.89165
AT5G46270.1	4073	3874	9.22381	0.778017
AT1G16820.4	662	463	0	0
AT1G16820.2	605	406	0	0
AT1G16820.1	835	636	16.0112	8.22633
AT1G16820.3	1235	1036	3.21977	1.01556
AT1G74120.1	2159	1960	20	3.33436
AT5G11270.1	1509	1310	113	28.1868
AT5G03080.1	1254	1055	64	19.8228
AT2G31450.2	1403	1204	21.5921	5.86012
AT2G31450.1	1385	1186	31.4079	8.65352
AT2G37540.1	1334	1135	51	14.6829
AT2G37540.2	945	746	0	0
AT3G49840.1	1768	1569	22	4.58182
AT3G49840.2	1733	1534	0	0
AT5G17167.1	579	380	0	0
AT5G14450.1	1358	1159	24	6.76653
AT5G46720.1	759	560	1	0.583513
AT3G06030.1	2272	2073	55	8.66965
AT5G65580.1	309	110	5	14.8531
AT1G33340.1	1804	1605	10	2.03593
AT1G68370.1	1843	1644	176	34.9824
AT2G05635.1	602	403	0	0
AT2G05635.2	550	351	0	0
AT4G31196.1	150	7.01018	0	0
AT4G24280.1	2804	2605	1676	210.235
AT4G24080.2	1207	1008	0	0
AT4G24080.1	824	625	2	1.04565
AT3G25800.1	2214	2015	295.805	47.9699
AT3G25800.3	2262	2063	0	0
AT3G25800.2	2099	1900	7.77555	1.33726
AT1G11593.1	608	409	0	0
AT3G20880.1	1551	1352	1	0.241692
AT4G19010.1	2053	1854	29	5.11124
AT5G07560.1	1118	919	0	0
AT1G30230.1	1243	1044	807.216	252.655
AT1G30230.2	1049	850	841.54	323.515
AT5G54290.1	1230	1031	92.1514	29.2066
AT5G54290.2	1182	983	64.8486	21.5569
AT3G14590.3	2372	2173	0	0
AT3G14590.4	2586	2387	0	0
AT3G14590.1	2666	2467	0	0
AT3G14590.2	2710	2511	3.57514	0.465248
AT3G14590.5	2338	2139	19.4249	2.96746
AT4G20235.2	1284	1085	2	0.602336
AT4G20235.1	1023	824	0	0
AT4G05190.1	3169	2970	32.1194	3.53386
AT4G05190.2	2534	2335	66.8806	9.35947
AT2G46375.2	452	253	0	0
AT2G46375.1	586	387	0	0
AT2G46375.3	430	231	0	0
AT2G47550.1	1966	1767	57	10.5409
AT2G27470.1	1123	924	38	13.4385
AT2G43070.3	2201	2002	78.1114	12.7494
AT2G43070.1	2447	2248	9.13821	1.32832
AT2G43070.4	2175	1976	96.7498	15.9993
AT2G43070.2	2196	1997	0.000518847	8.48984e-05
AT1G33930.1	1330	1131	12	3.46703
AT4G39960.2	1639	1440	33.2638	7.54828
AT4G39960.1	1737	1538	408.423	86.7745
AT2G05830.3	1395	1196	36.4323	9.95391
AT2G05830.2	1735	1536	10.1284	2.15471
AT2G05830.4	1351	1152	82.0089	23.262
AT2G05830.1	1655	1456	128.43	28.8234
AT4G29890.1	1397	1198	28	7.63729
AT1G68060.1	2749	2550	243	31.139
AT2G46880.2	1538	1339	0	0
AT2G46880.1	1577	1378	0	0
AT1G64000.1	888	689	2	0.948526
AT5G53440.1	4384	4185	18.9545	1.47998
AT5G53440.2	3949	3750	254.292	22.1584
AT5G06510.6	1572	1373	0	0
AT5G06510.3	1558	1359	0.00876939	0.00210857
AT5G06510.2	1600	1401	0	0
AT5G06510.5	1584	1385	0	0
AT5G06510.7	972	773	6.28991	2.65891
AT5G06510.1	1550	1351	7.70132	1.86272
AT5G06510.4	1817	1618	0	0
AT4G31715.1	201	17.0167	0	0
AT1G02620.1	1383	1184	0	0
AT3G04320.1	889	690	19	8.99794
AT3G04320.2	979	780	0	0
AT1G58070.1	1174	975	26	8.71379
AT3G20720.2	4078	3879	138	11.6251
AT3G20720.1	3810	3611	0	0
AT5G22220.2	2009	1810	20.337	3.67152
AT5G22220.3	1831	1632	1.66304	0.332981
AT1G27720.5	3030	2831	0	0
AT1G27720.8	2684	2485	0	0
AT1G27720.2	3273	3074	0	0
AT1G27720.6	2598	2399	1.15458e-08	1.57265e-09
AT1G27720.1	2163	1964	0.979582	0.162981
AT1G27720.7	2555	2356	12.0204	1.66718
AT1G27720.4	3062	2863	0	0
AT1G27720.3	3189	2990	0	0
AT1G27720.9	2185	1986	2.73711e-06	4.5035e-07
AT1G74410.1	1106	907	23	8.28627
AT5G57490.1	1435	1236	259	68.473
AT5G30495.2	1027	828	23.8273	9.40337
AT5G30495.1	888	689	3.47723	1.64912
AT3G42940.1	582	383	0	0
AT1G13200.1	1308	1109	0	0
AT2G45190.2	872	673	32.1228	15.5968
AT2G45190.1	1115	916	72.8772	25.9977
AT1G07070.1	684	485	97	65.3534
AT4G00005.1	357	158	0	0
AT5G37660.1	1336	1137	19.4495	5.58968
AT5G37660.2	1362	1163	11.5505	3.24533
AT1G24625.1	1125	926	59.0207	20.8272
AT2G34540.2	1254	1055	2	0.619464
AT2G34540.1	1107	908	0	0
AT2G47410.1	5259	5060	7.94333	0.512968
AT2G47410.4	5673	5474	1.16733	0.0696828
AT2G47410.3	5703	5504	10.553	0.62652
AT2G47410.2	5415	5216	24.0225	1.50494
AT2G47410.5	5289	5090	84.0988	5.39896
AT2G47410.6	4751	4552	41.2151	2.95864
AT2G46240.1	3784	3585	32	2.91675
AT5G35732.2	649	450	0	0
AT5G35732.1	711	512	19	12.1261
AT3G25090.2	1056	857	0	0
AT3G25090.1	978	779	0	0
AT4G27740.1	654	455	7	5.02719
AT5G56300.1	1436	1237	5	1.3208
AT2G42840.1	1399	1200	1554	423.163
AT3G09850.1	2805	2606	268	33.6046
AT2G17905.1	527	328	0	0
AT5G63225.1	635	436	0	0
AT1G16960.1	865	666	25	12.266
AT1G19120.1	767	568	73	41.9965
AT1G80210.2	1660	1461	21.6327	4.83836
AT1G80210.1	1576	1377	26.9611	6.39798
AT5G01700.1	1407	1208	10.7421	2.90575
AT5G01700.2	1942	1743	3.25794	0.61078
AT2G47160.1	2976	2777	149.101	17.5445
AT2G47160.2	2827	2628	83.8993	10.4321
AT4G21460.2	1689	1490	34.6512	7.59924
AT4G21460.1	1646	1447	60.7479	13.7183
AT4G32120.1	1801	1602	59	12.0345
AT3G58580.1	2478	2279	158.705	22.7554
AT3G17465.1	1434	1235	138	36.5132
AT5G47780.1	2427	2228	409	59.9855
AT1G62490.1	1538	1339	1	0.244038
AT2G33190.1	1284	1085	0	0
AT1G61420.4	2590	2391	0	0
AT1G61420.2	3008	2809	0	0
AT1G61420.5	2380	2181	0	0
AT1G61420.3	2734	2535	13.4556	1.73445
AT1G61420.1	3205	3006	0	0
AT2G13370.3	5836	5637	134.588	7.80182
AT2G13370.2	6567	6368	0	0
AT2G13370.1	6161	5962	128.412	7.03806
AT5G59690.1	745	546	354.178	211.967
AT5G50420.1	2175	1976	89	14.7177
AT1G19550.1	637	438	0	0
AT4G27160.1	768	569	0	0
AT4G25810.1	1373	1174	12	3.34004
AT5G02290.1	1752	1553	55.2264	11.6202
AT5G02290.2	1707	1508	15.7736	3.41796
AT5G43950.1	1953	1754	25	4.65746
AT1G70560.1	1548	1349	76	18.4094
AT1G32170.1	1400	1201	35	9.52277
AT5G39660.2	2091	1892	0	0
AT5G39660.1	2284	2085	14.0878	2.20789
AT5G39660.3	1692	1493	34.9122	7.64109
AT1G25530.1	1777	1578	96	19.8794
AT2G13810.1	1571	1372	1	0.238168
AT4G14358.1	330	131	3.20267	7.98875
AT5G47610.1	988	789	82	33.9606
AT5G67430.2	1708	1509	0	0
AT5G67430.1	1632	1433	13	2.96439
AT2G20870.1	786	587	2	1.11335
AT4G12850.1	1418	1219	0	0
AT4G12850.4	671	472	3.55801	2.46322
AT4G12850.2	1410	1211	3.2774	0.884349
AT4G12850.3	532	333	2.16459	2.12408
AT5G50130.9	1680	1481	0	0
AT5G50130.6	2807	2608	0	0
AT5G50130.8	2598	2399	0	0
AT5G50130.2	1572	1373	10.6033	2.52353
AT5G50130.3	1696	1497	0	0
AT5G50130.7	2601	2402	0	0
AT5G50130.4	1583	1384	0.00111426	0.00026308
AT5G50130.5	2810	2611	0	0
AT5G50130.1	1381	1182	17.3956	4.80906
AT1G70530.3	2720	2521	0	0
AT1G70530.2	2699	2500	0	0
AT1G70530.1	2697	2498	88	11.5114
AT3G20610.1	669	470	0	0
AT3G20050.1	2192	1993	819	134.281
AT5G64180.1	1041	842	26.6456	10.3407
AT5G64180.2	883	684	32.3544	15.4567
AT2G35340.1	3424	3225	17.2768	1.75054
AT2G35340.2	2864	2665	9.72321	1.19221
AT2G42920.1	4069	3870	22.4623	1.89663
AT2G42920.2	1730	1531	0	0
AT5G55840.1	4345	4146	17.9921	1.41805
AT5G55840.2	4373	4174	0.00793064	0.000620861
AT5G55840.3	3291	3092	0	0
AT2G19360.1	1281	1082	1	0.302003
AT1G51090.1	1037	838	4	1.55975
AT2G33370.2	1173	974	0	0
AT2G33370.1	1135	936	501	174.904
AT5G60600.3	2816	2617	35.1698	4.39141
AT5G60600.5	2903	2704	0	0
AT5G60600.4	3007	2808	0	0
AT5G60600.1	2731	2532	1149.17	148.307
AT5G60600.2	2647	2448	38.6556	5.15988
AT2G40850.1	2580	2381	9	1.23516
AT5G08150.1	927	728	9	4.0397
AT5G47440.1	1704	1505	7.83193	1.70048
AT1G58235.2	1167	968	0	0
AT1G58235.1	1145	946	104.261	36.0138
AT5G24170.2	1140	941	0	0
AT5G24170.1	879	680	31	14.8967
AT1G17590.1	1597	1398	0	0
AT1G17590.4	1754	1555	11.3305	2.38098
AT1G17590.2	1525	1326	14.6288	3.60499
AT1G17590.3	1926	1727	10.0407	1.89981
AT2G23050.2	1613	1414	0	0
AT2G23050.1	1783	1584	28	5.77619
AT5G37130.1	2966	2767	223.561	26.4013
AT2G23230.1	2356	2157	0	0
AT2G23230.2	2401	2202	0	0
AT2G26210.4	1388	1189	0	0
AT2G26210.6	1299	1100	11.0351	3.2781
AT2G26210.3	960	761	3.57486e-07	1.53501e-07
AT2G26210.2	1070	871	8.43905	3.16602
AT2G26210.5	1301	1102	0	0
AT2G26210.7	1013	814	62.3968	25.0482
AT2G26210.1	1142	943	10.1291	3.50991
AT1G22120.1	1598	1399	0	0
AT4G13360.1	1573	1374	147	34.9598
AT4G30620.1	718	519	59	37.1469
AT2G48130.3	2457	2258	28.3981	4.10964
AT2G48130.1	2982	2783	21.2038	2.48965
AT2G48130.5	3074	2875	0	0
AT2G48130.4	3385	3186	0	0
AT2G48130.6	2457	2258	28.3981	4.10964
AT2G48130.2	2676	2477	0	0
AT5G58420.1	1127	928	1174.11	413.428
AT3G17590.1	1003	804	37	15.0378
AT3G17590.2	905	706	0	0
AT3G17590.3	964	765	0	0
AT1G70060.1	4511	4312	193.652	14.6751
AT1G70060.2	4678	4479	42.3479	3.08951
AT1G76955.1	846	647	1	0.50505
AT3G60270.1	871	672	0	0
AT3G62070.1	964	765	7	2.99003
AT1G10220.2	1180	981	8.93202e-07	2.97522e-07
AT1G10220.1	1167	968	4	1.35028
AT5G55855.1	363	164	0	0
AT5G55855.2	288	89.0004	0	0
AT1G11770.1	1773	1574	0	0
AT5G55000.1	1266	1067	0	0
AT5G55000.2	1189	990	29	9.57197
AT4G01023.2	949	750	0	0
AT4G01023.1	716	517	0	0
AT4G01023.3	866	667	0	0
AT4G32535.1	489	290	1	1.12678
AT4G38380.1	2273	2074	1.36005e-06	2.14282e-07
AT4G38380.3	2325	2126	0	0
AT4G38380.5	2243	2044	25	3.99666
AT4G38380.2	2354	2155	0	0
AT4G38380.4	2287	2088	0	0
AT4G18990.1	1383	1184	0	0
AT4G18990.2	1282	1083	0	0
AT2G29490.1	1105	906	85	30.657
AT5G24460.1	1289	1090	107	32.0771
AT3G21320.1	2707	2508	1	0.13029
AT5G60090.1	1480	1281	0	0
AT3G45570.1	939	740	0	0
AT1G80990.1	690	491	0	0
AT5G01820.1	2216	2017	346	56.0543
AT1G30510.3	1367	1168	274.515	76.8001
AT1G30510.1	1514	1315	130.857	32.5169
AT1G30510.2	1569	1370	299.628	71.4661
AT5G22760.1	5492	5293	0.0942549	0.00581889
AT5G22760.2	5585	5386	25.0129	1.51752
AT5G22760.3	5259	5060	194.893	12.5859
AT2G13105.1	560	361	0	0
AT1G10520.1	1835	1636	13	2.59656
AT1G10520.2	1935	1736	0	0
AT1G15330.1	1259	1060	0	0
AT5G62980.1	663	464	10.886	7.66634
AT5G62980.2	874	675	9.11401	4.41209
AT4G24370.1	824	625	18	9.41089
AT5G25430.1	2389	2190	0	0
AT5G62110.2	1854	1655	0	0
AT5G62110.1	1901	1702	0	0
AT2G19340.2	1150	951	10.3543	3.55777
AT2G19340.1	1310	1111	17.6457	5.18995
AT5G66770.1	2609	2410	100	13.5588
AT5G35790.1	2082	1883	170	29.501
AT2G02730.2	1292	1093	0.00273306	0.000817085
AT2G02730.1	1587	1388	36.9973	8.71001
AT2G02730.3	978	779	0	0
AT4G33400.1	2540	2341	131	18.2856
AT3G49980.1	1149	950	0	0
AT3G49980.2	1345	1146	0	0
AT4G01030.1	2702	2503	20.1517	2.63081
AT1G18780.1	978	779	0	0
AT4G37830.3	597	398	0	0
AT4G37830.1	529	330	432	427.768
AT4G37830.2	491	292	0	0
AT3G29455.1	979	780	0	0
AT1G12180.1	669	470	0	0
AT1G01660.1	1707	1508	2	0.433378
AT1G01660.2	2021	1822	0	0
AT2G36870.1	1360	1161	350.143	98.5489
AT2G36870.2	1176	977	17.8567	5.97235
AT4G19250.1	687	488	0	0
AT5G38344.1	1376	1177	3	0.832881
AT4G01520.1	909	710	0	0
AT4G01730.1	1794	1595	34	6.96557
AT2G27840.2	792	593	93.9789	51.7862
AT2G27840.4	946	747	24.673	10.7929
AT2G27840.1	973	774	34.955	14.7573
AT2G27840.3	1092	893	51.3931	18.8058
AT5G41050.1	1136	937	45	15.6932
AT2G24520.1	3254	3055	0	0
AT2G24520.4	2708	2509	55.3474	7.20833
AT2G24520.3	3033	2834	7.6526	0.882363
AT2G24520.2	3038	2839	6.1807e-08	7.11394e-09
AT1G70880.1	981	782	3	1.25358
AT4G25660.1	1645	1446	73.7404	16.6639
AT1G28540.1	1096	897	26	9.47151
AT1G06560.1	2027	1828	51	9.11659
AT2G47610.1	1161	962	1736	589.675
AT5G12043.1	346	147	0	0
AT1G15885.1	542	343	9	8.57406
AT5G54400.1	1309	1110	5	1.47192
AT5G15890.1	1681	1482	13	2.86638
AT5G09840.1	3115	2916	45	5.0427
AT5G17570.2	982	783	19	7.92921
AT5G17570.1	1243	1044	4	1.25198
AT4G40060.1	1638	1439	249.056	56.5555
AT5G17220.1	1096	897	28	10.2001
AT4G19925.1	959	760	1	0.429957
AT3G23960.1	1245	1046	0	0
AT1G23440.3	1001	802	76.2448	31.0652
AT1G23440.1	1342	1143	69.1156	19.7592
AT1G23440.2	1547	1348	17.6396	4.27598
AT5G54745.1	597	398	0	0
AT1G03990.1	2384	2185	18	2.6919
AT3G09800.3	1563	1364	0	0
AT3G09800.5	1127	928	0	0
AT3G09800.2	1060	861	6.35973	2.41365
AT3G09800.6	1043	844	31.1688	12.0674
AT3G09800.4	1452	1253	8.62001	2.24799
AT3G09800.1	1007	808	0	0
AT1G12940.1	1852	1653	9	1.77913
AT5G41150.1	3649	3450	0	0
AT5G41150.4	3438	3239	70	7.06196
AT5G41150.2	2427	2228	0	0
AT5G41150.3	3737	3538	0	0
AT3G25165.1	599	400	0	0
AT5G61790.1	2182	1983	958.829	158
AT4G31020.1	1419	1220	11	2.94626
AT4G31020.2	1491	1292	0	0
AT3G07500.1	894	695	9	4.23152
AT4G30140.1	1518	1319	542	134.274
AT5G01720.1	3093	2894	153	17.2755
AT4G04745.1	830	631	36	18.6428
AT3G48750.1	1499	1300	162	40.7202
AT3G60700.1	986	787	0	0
AT5G55580.2	2281	2082	0	0
AT5G55580.1	2257	2058	117	18.5771
AT5G55580.3	1619	1420	0	0
AT1G75190.2	735	536	3	1.82892
AT1G75190.1	1148	949	0	0
AT4G27870.2	2777	2578	0.000467068	5.92019e-05
AT4G27870.1	2794	2595	235	29.5916
AT1G33090.1	1815	1616	6.0129	1.21585
AT1G77060.1	1312	1113	89	26.1296
AT1G21910.1	1405	1206	46	12.4638
AT1G65110.1	3681	3482	2	0.187689
AT1G65110.2	3298	3099	0	0
AT3G27510.2	2127	1928	0	0
AT3G27510.1	2211	2012	11	1.7865
AT4G03610.1	964	765	4.52253	1.93178
AT4G03610.4	1689	1490	0	0
AT4G03610.2	1061	862	6.47747	2.45548
AT4G03610.3	1769	1570	0	0
AT5G23220.1	1153	954	14	4.79532
AT2G44590.3	2151	1952	0	0
AT2G44590.1	1791	1592	1	0.205256
AT2G44590.2	2096	1897	0	0
AT5G16170.1	1445	1246	15	3.93379
AT4G26010.1	1246	1047	103.396	32.2696
AT4G26010.2	1648	1449	3.60448	0.812854
AT5G03940.1	2022	1823	611	109.52
AT4G12330.1	1941	1742	2	0.375163
AT1G71030.2	1327	1128	0	0
AT1G71030.1	1222	1023	68	21.7206
AT4G36070.2	1738	1539	1	0.212324
AT4G36070.1	2036	1837	0	0
AT5G10460.1	1097	898	72	26.1996
AT5G65500.2	2513	2314	0	0
AT5G65500.1	2376	2177	1	0.1501
AT1G13220.3	3857	3658	42.7004	3.8144
AT1G13220.1	1410	1211	0	0
AT1G13220.2	3600	3401	62.2996	5.98573
AT3G07600.1	725	526	8	4.96984
AT3G07600.2	621	422	0	0
AT1G12960.1	315	116	0	0
AT1G65360.1	763	564	0	0
AT5G39590.1	1945	1746	315	58.9528
AT5G16630.3	3174	2975	13.3438	1.46565
AT5G16630.2	3079	2880	13.6491	1.54864
AT5G16630.1	2954	2755	30.0071	3.5591
AT1G20960.2	6922	6723	106.761	5.18905
AT1G20960.1	7183	6984	988.884	46.2678
AT1G32200.2	2105	1906	73.7792	12.6488
AT1G32200.1	2011	1812	178.221	32.1395
AT1G74080.1	1562	1363	0	0
AT3G24535.1	894	695	4	1.88067
AT5G39040.1	2349	2150	144	21.8858
AT5G39040.2	2426	2227	0	0
AT4G02900.2	2984	2785	0	0
AT4G02900.1	2476	2277	12.8131	1.83878
AT4G02900.3	2938	2739	0	0
AT4G02900.4	2797	2598	16.1869	2.03593
AT4G18720.1	801	602	0	0
AT5G60610.1	1528	1329	0	0
AT5G60610.2	1462	1263	5	1.29361
AT3G04190.1	767	568	0	0
AT4G25990.2	1554	1355	13.906	3.35353
AT4G25990.1	2618	2419	9.09398	1.22845
AT4G25990.3	2776	2577	0	0
AT5G53460.3	6982	6783	1.15111	0.0554539
AT5G53460.2	6971	6772	239.338	11.5487
AT5G53460.1	7625	7426	3298.51	145.145
AT1G72580.1	624	425	0	0
AT3G07290.1	3023	2824	18	2.08279
AT5G55660.1	2887	2688	276	33.552
AT1G03680.1	957	758	661	284.951
AT1G52730.2	1494	1295	55.6749	14.0484
AT1G52730.3	1646	1447	0	0
AT1G52730.1	1679	1480	81.3251	17.9556
AT2G18960.2	3925	3726	54.4507	4.77528
AT2G18960.1	3548	3349	2593.53	253.055
AT2G18960.3	4073	3874	0	0
AT5G62510.1	1263	1064	0	0
AT2G39518.1	943	744	35	15.3721
AT1G67480.2	1850	1651	183.72	36.3621
AT1G67480.1	1968	1769	109.831	20.2878
AT1G67480.3	1812	1613	50.4489	10.2201
AT4G15560.1	2960	2761	1522	180.13
AT1G80150.1	2132	1933	20.3474	3.43965
AT1G80150.2	2037	1838	12.6526	2.24944
AT4G12620.1	2839	2640	52	6.43632
AT5G44120.2	1642	1443	0	0
AT5G44120.3	1731	1532	0	0
AT5G44120.1	1774	1575	0	0
AT3G48930.1	821	622	1178.62	619.186
AT1G13600.1	944	745	10	4.38614
AT2G17030.1	1596	1397	29	6.78328
AT3G29020.2	1109	910	0	0
AT3G29020.1	702	503	0	0
AT5G40670.1	1426	1227	101	26.8977
AT5G49130.1	1983	1784	2	0.366331
AT1G34010.1	1058	859	34.0433	12.9502
AT1G34010.2	1201	1002	4.98483	1.62563
AT1G34010.3	1179	980	1.97184	0.657481
AT1G74110.1	1614	1415	2	0.461862
AT5G15390.2	1487	1288	0	0
AT5G15390.1	1482	1283	81	20.6299
AT2G23840.1	1350	1151	65	18.4534
AT1G42710.1	621	422	0	0
AT5G41720.1	778	579	0	0
AT1G10570.3	2337	2138	22.5053	3.43965
AT1G10570.2	2141	1942	0	0
AT1G10570.1	1957	1758	50.4947	9.38568
AT1G06190.4	1695	1496	0	0
AT1G06190.1	1558	1359	309	74.298
AT1G06190.2	1265	1066	0.00013303	4.07783e-05
AT1G06190.3	1852	1653	0	0
AT1G06190.5	1838	1639	0	0
AT1G56418.2	380	181	0	0
AT1G56418.1	369	170	0	0
AT3G57270.1	1193	994	0	0
AT1G53120.1	1183	984	82	27.2306
AT1G53120.2	1174	975	0	0
AT3G54230.2	3615	3416	0	0
AT3G54230.1	3630	3431	115.66	11.0154
AT3G54230.4	3933	3734	0.00569328	0.000498226
AT3G54230.3	4023	3824	79.333	6.77914
AT3G54230.5	3727	3528	0.00108079	0.000100104
AT5G57790.1	2729	2530	13.7021	1.76972
AT5G57790.2	2304	2105	0	0
AT5G57790.3	2827	2628	9.29793	1.15611
AT5G57790.4	2293	2094	0	0
AT4G34260.1	3194	2995	359	39.1684
AT4G01050.2	2027	1828	138.335	24.7283
AT4G01050.1	1842	1643	1959.66	389.747
AT3G46100.1	1816	1617	165.877	33.5208
AT1G69800.2	1621	1422	3.6332e-05	8.34888e-06
AT1G69800.1	1796	1597	59	12.0722
AT1G69800.3	1846	1647	0	0
AT1G49680.1	300	101	0	0
AT2G40480.1	1987	1788	101	18.4583
AT2G25680.1	1600	1401	29	6.76392
AT3G56340.1	830	631	931	482.124
AT3G60720.3	1492	1293	0	0
AT3G60720.1	1372	1173	11.4385	3.18648
AT3G60720.2	1955	1756	2.56145	0.476651
AT1G59723.1	294	95.0001	0	0
AT4G04350.1	3081	2882	241	27.3251
AT1G20920.1	4667	4468	82.4931	6.03313
AT1G20920.5	4296	4097	65.7121	5.24104
AT1G20920.7	4474	4275	0.0112224	0.000857803
AT1G20920.3	4823	4624	19.337	1.3665
AT1G20920.2	4439	4240	0.00326282	0.000251458
AT1G20920.6	4281	4082	29.4355	2.35633
AT1G20920.4	4591	4392	7.04379e-06	5.24061e-07
AT5G65205.1	1184	985	11	3.64918
AT1G19920.1	1914	1715	595	113.368
AT1G45332.1	3028	2829	38.4694	4.44346
AT1G45332.2	2685	2486	113.795	14.9575
AT4G37140.2	605	406	1	0.804845
AT4G37140.1	694	495	0	0
AT4G21190.1	1313	1114	44	12.9064
AT2G14765.1	390	191	0	0
AT4G35420.1	1147	948	10	3.44691
AT5G19500.1	1893	1694	120.645	23.2721
AT1G48960.1	937	738	29	12.8404
AT3G10510.1	1116	917	0	0
AT3G60360.1	1125	926	86	30.3477
AT1G77110.1	2251	2052	19	3.02562
AT1G77110.2	2372	2173	0	0
AT5G02260.1	1361	1162	159	44.7125
AT2G14835.1	1698	1499	145.223	31.6571
AT2G14835.2	1854	1655	16.7775	3.31258
AT2G42290.1	2437	2238	32	4.67227
AT3G51895.1	2310	2111	107	16.5628
AT3G51895.2	2438	2239	0	0
AT4G39220.1	975	776	127	53.4786
AT4G39220.2	1237	1038	0	0
AT5G13710.2	1409	1210	472.915	127.713
AT5G13710.1	1879	1680	100.085	19.467
AT3G04880.1	1105	906	101	36.4277
AT5G20350.1	2598	2399	251	34.1886
AT5G01060.2	1738	1539	0	0
AT5G01060.1	1641	1442	10	2.26607
AT5G01060.3	1718	1519	0	0
AT1G07610.1	577	378	378.759	327.423
AT3G62320.1	516	317	0	0
AT5G12270.1	1440	1241	2	0.526619
AT3G60460.1	1087	888	0	0
AT2G15000.6	1052	853	0	0
AT2G15000.2	849	650	6.39568	3.21523
AT2G15000.4	817	618	0	0
AT2G15000.1	774	575	52.1487	29.6356
AT2G15000.7	1068	869	0	0
AT2G15000.5	892	693	0	0
AT2G15000.3	733	534	2.4556	1.50264
AT5G42280.2	2460	2261	11.4061	1.64845
AT5G42280.1	2368	2169	7.12422	1.07329
AT5G12020.1	881	682	4	1.91652
AT3G43503.1	219	25.9389	0	0
AT2G06005.2	1491	1292	0	0
AT2G06005.6	1331	1132	15	4.32995
AT2G06005.3	1385	1186	0	0
AT2G06005.5	1425	1226	0	0
AT2G06005.4	1429	1230	0	0
AT2G06005.1	1438	1239	0	0
AT2G28590.1	1688	1489	15	3.29181
AT2G28590.2	1750	1551	0	0
AT3G01560.2	2187	1988	37.0052	6.08254
AT3G01560.1	2120	1921	94.9948	16.1589
AT5G35930.1	3594	3395	50.6878	4.87868
AT5G35930.2	3593	3394	4.3444	0.41827
AT5G35930.4	4254	4055	0.967754	0.0779852
AT5G35930.3	4491	4292	0	0
AT2G37000.1	1003	804	1	0.406427
AT1G79960.1	888	689	0	0
AT5G08391.1	627	428	2	1.52695
AT3G53870.1	1109	910	1427.23	512.497
AT1G34160.1	2038	1839	0	0
AT1G34160.2	1932	1733	10	1.88556
AT5G07260.1	1898	1699	3.79054e-05	7.2903e-06
AT5G07260.2	1883	1684	0.999962	0.194035
AT2G35470.1	1174	975	60	20.1087
AT2G35612.1	723	524	2	1.2472
AT4G16370.1	2698	2499	2383	311.599
AT3G08910.1	1540	1341	54	13.1584
AT1G14820.3	1335	1136	39.0897	11.244
AT1G14820.1	1135	936	26.6291	9.2965
AT1G14820.2	1346	1147	5.28121	1.50456
AT3G53980.1	803	604	53.2941	28.8324
AT3G53980.2	565	366	44.7059	39.9137
AT2G40650.1	1572	1373	113	26.8934
AT1G70840.1	759	560	0	0
AT4G32208.1	710	511	25.9814	16.6142
AT3G09810.1	1774	1575	206.553	42.8537
AT4G08360.1	740	541	0	0
AT1G58340.1	2095	1896	31	5.34271
AT5G12140.1	1037	838	408	159.094
AT1G79130.1	670	471	1	0.693773
AT5G35960.2	1672	1473	0.999577	0.221744
AT5G35960.1	1682	1483	0.000423183	9.3245e-05
AT3G04170.1	877	678	0	0
AT4G33390.1	2701	2502	0	0
AT2G31040.1	1699	1500	181	39.4299
AT3G19310.1	1552	1353	0	0
AT3G26410.1	1602	1403	63	14.6731
AT1G55050.2	3164	2965	1.05181e-05	1.15918e-06
AT1G55050.1	3131	2932	3.99999	0.445793
AT5G55520.2	2670	2471	2.18457e-07	2.88889e-08
AT5G55520.1	2628	2429	77	10.3586
AT5G02270.2	1223	1024	269.794	86.0935
AT5G02270.1	1449	1250	460.206	120.304
AT1G17650.2	1474	1275	0	0
AT1G17650.1	1412	1213	215	57.9183
AT4G31210.2	4381	4182	11.4298	0.893088
AT4G31210.3	4178	3979	146.57	12.0368
AT4G31210.1	4273	4074	0	0
AT3G08670.1	2507	2308	133	18.8302
AT2G26865.1	330	131	0	0
AT4G10440.1	2251	2052	0	0
AT2G37090.1	1479	1280	21	5.36102
AT1G73875.3	1767	1568	0	0
AT1G73875.2	2011	1812	13.397	2.41596
AT1G73875.1	1971	1772	18.603	3.43049
AT3G53305.1	1017	818	0	0
AT5G58890.1	885	686	0	0
AT4G08140.1	255	56.1701	0	0
AT3G22700.1	1113	914	0	0
AT4G11110.1	3964	3765	213	18.4864
AT1G36675.1	807	608	1	0.537446
AT1G35540.1	1818	1619	0	0
AT5G65920.1	2357	2158	24.1793	3.66126
AT5G65920.2	2000	1801	43.8207	7.95068
AT4G24740.1	1737	1538	4.0779	0.866401
AT4G24740.5	2506	2307	0	0
AT4G24740.6	2413	2214	0	0
AT4G24740.10	1262	1063	27.2084	8.36387
AT4G24740.7	2268	2069	23.9291	3.77924
AT4G24740.4	1736	1537	0	0
AT4G24740.3	1758	1559	92.9733	19.4873
AT4G24740.9	1796	1597	52.1855	10.6778
AT4G24740.2	1547	1348	21.6258	5.24228
AT4G24740.8	2249	2050	0	0
AT3G47910.2	5559	5360	172.678	10.5272
AT3G47910.1	5514	5315	134.282	8.25569
AT5G44270.1	1007	808	1	0.404415
AT5G50040.1	1052	853	0	0
AT5G39900.1	2280	2081	41	6.43799
AT5G10220.1	1115	916	0	0
AT2G43580.1	1047	848	0	0
AT1G48530.1	889	690	0	0
AT3G54130.1	1248	1049	50	15.5752
AT1G80820.2	2099	1900	0	0
AT1G80820.1	1510	1311	23	5.73276
AT1G73965.1	842	643	3	1.52457
AT1G13540.1	1254	1055	3	0.929196
AT3G51650.3	3311	3112	0	0
AT3G51650.1	3231	3032	53.2675	5.74079
AT3G51650.2	3310	3111	39.3797	4.13629
AT3G51650.4	3356	3157	1.8935e-06	1.95988e-07
AT1G18470.1	2403	2204	76.0095	11.2692
AT1G18470.2	1931	1732	56.2684	10.6159
AT1G55520.2	1209	1010	24.7789	8.01677
AT1G55520.1	1462	1263	37.7913	9.77748
AT1G55520.4	1315	1116	0	0
AT1G55520.3	1347	1148	0	0
AT5G50120.1	1716	1517	19	4.09267
AT1G04920.1	3626	3427	6	0.572105
AT1G73030.1	1061	862	150	56.862
AT5G38860.1	1294	1095	19	5.66993
AT5G38860.2	1166	967	0	0
AT5G23212.1	257	58.1281	0	0
AT5G46180.1	2250	2051	94	14.9762
AT2G39980.1	2510	2311	198	27.9965
AT5G22650.2	1240	1041	549.41	172.458
AT5G22650.1	1537	1338	268.59	65.5951
AT4G03050.2	1799	1600	0.0534745	0.0109211
AT4G03050.1	1795	1596	0.946526	0.193793
AT2G34710.1	3146	2947	294.623	32.6682
AT4G31470.1	969	770	18	7.63871
AT5G01640.1	1111	912	8	2.86638
AT1G66250.1	2026	1827	94	16.8123
AT1G55673.1	479	280	605.372	706.485
AT2G35140.5	3092	2893	0	0
AT2G35140.1	2754	2555	1.09204e-08	1.39664e-09
AT2G35140.4	3239	3040	0	0
AT2G35140.2	2710	2511	5	0.650671
AT2G35140.6	2951	2752	0	0
AT2G35140.3	2804	2605	0	0
AT3G49320.1	1317	1118	15	4.38417
AT3G49320.2	1441	1242	0	0
AT2G27720.2	601	402	17.8639	14.5207
AT2G27720.4	909	710	0	0
AT2G27720.1	946	747	908.715	397.508
AT2G27720.3	660	461	47.6475	33.7736
AT1G11860.2	1582	1383	3446.41	814.297
AT1G11860.1	2009	1810	479.572	86.5792
AT1G11860.3	1754	1555	19.0197	3.9968
AT1G63870.1	3139	2940	0	0
AT4G36700.1	1842	1643	14	2.78438
AT3G53060.1	258	59.1108	0	0
AT5G48175.1	1358	1159	2	0.563878
AT3G20450.1	639	440	6	4.45592
AT5G19020.1	2366	2167	27	4.07139
AT4G14030.1	1851	1652	497.786	98.4626
AT4G14030.2	1794	1595	82.5145	16.9047
AT3G54170.1	1364	1165	69	19.3536
AT4G13850.3	661	462	223.382	157.996
AT4G13850.4	616	417	1.66736	1.30656
AT4G13850.2	688	489	0	0
AT4G13850.1	1196	997	109.95	36.0363
AT3G18060.1	2461	2262	396	57.2059
AT1G48430.1	2208	2009	80	13.0121
AT1G48430.2	2316	2117	0	0
AT4G10480.1	944	745	860	377.208
AT4G10480.2	935	736	0	0
AT2G38840.1	2494	2295	74.0323	10.5409
AT2G38840.2	1874	1675	20.9677	4.09049
AT3G55640.1	1572	1373	20.3053	4.83257
AT3G55640.4	1574	1375	3.81847	0.907455
AT3G55640.2	2187	1988	7.54078	1.23948
AT3G55640.3	2190	1991	1.33541	0.21917
AT5G16740.1	1281	1082	0	0
AT1G28690.1	1563	1364	3	0.718696
AT3G22300.1	1089	890	93	34.1453
AT1G51540.1	1546	1347	66.4413	16.1179
AT5G12280.3	1322	1123	0	0
AT5G12280.1	1260	1061	0	0
AT5G12280.2	1672	1473	0	0
AT5G07030.1	1895	1696	578	111.363
AT1G11362.1	722	523	0	0
AT3G17717.1	384	185	5	8.83154
AT1G17400.1	1487	1288	5	1.26851
AT1G17400.2	1563	1364	0	0
AT1G17400.3	952	753	0	0
AT2G15029.1	102	4.33389	0	0
AT1G20330.1	1705	1506	574	124.545
AT2G42030.1	2137	1938	94	15.8494
AT1G48145.1	354	155	0	0
AT1G54575.1	653	454	14.3534	10.3309
AT1G54575.2	902	703	5.64659	2.62464
AT5G15640.2	1924	1725	8.17536	1.54866
AT5G15640.1	1713	1514	82.8246	17.8761
AT3G29152.1	440	241	0	0
AT3G23300.2	2216	2017	262.371	42.5057
AT3G23300.1	2652	2453	95.6445	12.7409
AT2G37180.1	1220	1021	483.129	154.623
AT5G19100.1	1660	1461	5	1.1183
AT1G19890.1	721	522	0	0
AT1G26110.1	2510	2311	483.979	68.4329
AT1G26110.2	2319	2120	275.021	42.3905
AT1G66390.1	1002	803	8	3.25546
AT2G01080.1	1043	844	41	15.8738
AT1G15980.1	1719	1520	516.98	111.14
AT1G68520.1	2617	2418	183	24.7305
AT1G27595.1	4183	3984	156.365	12.8251
AT1G27595.2	1634	1435	6.63463	1.51079
AT1G17560.2	1044	845	3.85244	1.48976
AT1G17560.1	943	744	25.1476	11.0449
AT2G24950.1	1236	1037	0	0
AT2G18876.2	1683	1484	0	0
AT2G18876.1	1496	1297	38.9826	9.8213
AT3G02070.1	1100	901	0	0
AT3G02070.2	1142	943	50	17.3259
AT2G30060.1	1321	1122	250	72.8091
AT4G18905.2	1925	1726	7.13123e-08	1.35009e-08
AT4G18905.1	1974	1775	157	28.9028
AT2G10556.1	267	68.0268	0	0
AT5G53780.1	1131	932	0	0
AT1G15660.1	2639	2440	99	13.2582
AT1G07940.4	2089	1890	55.2518	9.55262
AT1G07940.1	1905	1706	3353.34	642.299
AT1G07940.2	2027	1828	28.9809	5.18053
AT1G07940.3	2355	2156	24.6274	3.73257
AT4G23220.1	1977	1778	21	3.85945
AT5G03430.1	2023	1824	188	33.6799
AT2G41870.1	1544	1345	35.0195	8.50798
AT5G26830.1	2548	2349	455	63.2946
AT5G46600.1	1926	1727	10	1.89211
AT1G18290.1	1110	911	5	1.79345
AT2G28315.1	1453	1254	22.999	5.99308
AT2G28315.2	1344	1145	1.001	0.285671
AT5G12980.1	1208	1009	49	15.8688
AT2G13760.1	791	592	0	0
AT5G22350.1	2204	2005	109	17.7644
AT4G01240.1	1980	1781	12	2.20169
AT1G24420.2	1394	1195	2	0.546891
AT1G24420.1	1460	1261	0	0
AT3G55530.1	1164	965	52.9063	17.9151
AT5G12370.1	2815	2616	289.752	36.1932
AT5G12370.3	2799	2600	0	0
AT5G12370.2	2976	2777	17.2484	2.02961
AT5G38520.2	1354	1155	247.653	70.0649
AT5G38520.1	1602	1403	192.347	44.7987
AT1G48830.1	1083	884	267.108	98.7354
AT1G48830.2	944	745	167.892	73.6397
AT1G04430.1	2593	2394	383.522	52.3485
AT1G04430.3	2517	2318	7.31681e-08	1.03145e-08
AT1G04430.2	2473	2274	262.478	37.7173
AT5G18240.5	1677	1478	8.14775e-06	1.80136e-06
AT5G18240.1	1688	1489	1.27199	0.279143
AT5G18240.4	1683	1484	60.4614	13.3132
AT5G18240.2	1670	1471	0.00189644	0.000421275
AT5G18240.3	1665	1466	0.0945127	0.0210666
AT5G18240.6	963	764	3.17019	1.35591
AT5G38850.1	3444	3245	31	3.12166
AT3G56890.1	850	651	1	0.501946
AT3G60328.1	159	7.91627	0	0
AT1G27190.1	2450	2251	160	23.2265
AT3G53020.1	866	667	1317	645.206
AT5G10870.1	1096	897	24	8.74293
AT3G52790.1	703	504	9	5.83513
AT5G34829.1	219	25.9389	0	0
AT1G30090.1	1797	1598	56	11.4512
AT2G22930.2	1076	877	4.38421	1.63354
AT2G22930.1	1646	1447	7.61579	1.71983
AT3G23930.1	1129	930	9	3.16226
AT5G50920.1	3512	3313	4515.81	445.402
AT1G19640.1	1662	1463	19	4.24373
AT4G24010.1	2641	2442	6.11538	0.818307
AT3G26830.1	1777	1578	16	3.31323
AT3G50570.2	859	660	0	0
AT3G50570.1	781	582	16	8.98329
AT2G02280.1	435	236	0	0
AT2G35890.2	2347	2148	0	0
AT2G35890.1	2210	2011	3	0.48747
AT1G12010.1	1370	1171	34	9.48769
AT1G49260.1	1098	899	0	0
AT1G35490.2	1298	1099	0	0
AT1G35490.1	1406	1207	0	0
AT1G51220.1	1303	1104	0	0
AT5G62060.1	912	713	0	0
AT1G31335.1	737	538	27	16.3991
AT2G31945.1	833	634	1	0.515406
AT5G17190.1	1003	804	167	67.8733
AT1G13560.1	1780	1581	220.709	45.6171
AT1G13560.2	1649	1450	2.33351e-05	5.25872e-06
AT1G13560.3	1429	1230	56.2906	14.9544
AT5G24480.1	1053	854	0	0
AT2G26870.1	1862	1663	10	1.96493
AT2G39660.1	1989	1790	86	15.6994
AT1G73870.1	1696	1497	370	80.7641
AT4G28890.1	1723	1524	14	3.0018
AT3G59700.1	2274	2075	22	3.46452
AT5G02430.1	3020	2821	25	2.89584
AT2G43500.3	3560	3361	0	0
AT2G43500.9	3383	3184	0	0
AT2G43500.6	3367	3168	0	0
AT2G43500.5	3406	3207	0	0
AT2G43500.1	3466	3267	0	0
AT2G43500.10	3710	3511	0	0
AT2G43500.2	3282	3083	33.7942	3.58185
AT2G43500.4	3410	3211	0	0
AT2G43500.11	3616	3417	0	0
AT2G43500.7	3338	3139	33.3937	3.47625
AT2G43500.8	3244	3045	24.8121	2.66266
AT3G45110.1	456	257	0	0
AT2G36810.3	4847	4648	150.234	10.5618
AT2G36810.1	5411	5212	3.40962	0.213766
AT2G36810.2	5710	5511	112.357	6.66204
AT5G39471.1	1955	1756	7	1.3026
AT5G01780.2	1746	1547	0	0
AT5G01780.5	1834	1635	7.63294	1.5255
AT5G01780.1	1318	1119	30.9156	9.02788
AT5G01780.3	2021	1822	0	0
AT5G01780.4	1875	1676	21.4515	4.18236
AT4G17880.1	2360	2161	204	30.8471
AT1G27460.2	2684	2485	58.5263	7.69597
AT1G27460.1	2616	2417	47.4673	6.41735
AT1G27460.3	2529	2330	0.00639408	0.000896727
AT5G28690.1	1517	1318	0	0
AT5G28690.3	1191	992	0	0
AT5G28690.2	1637	1438	0	0
AT5G20170.1	2331	2132	75	11.4951
AT3G25960.1	1494	1295	0	0
AT1G62840.1	911	712	1.66912	0.766029
AT1G15970.1	1968	1769	64	11.822
AT1G15970.2	1586	1387	0	0
AT3G53400.1	2030	1831	46	8.20933
AT1G62280.1	1493	1294	8	2.0202
AT3G43960.1	1445	1246	31	8.12984
AT2G32670.1	1350	1151	3	0.851695
AT4G31280.1	162	8.26769	0	0
AT3G04903.1	264	65.044	0	0
AT1G28130.2	2050	1851	7.77187	1.37201
AT1G28130.1	2327	2128	165.228	25.3718
AT5G51630.2	4216	4017	0	0
AT5G51630.1	5850	5651	0	0
AT5G51630.5	4347	4148	0.105766	0.00833192
AT5G51630.3	4110	3911	27.7443	2.31806
AT5G51630.4	4738	4539	0	0
AT5G51630.6	4236	4037	66.1499	5.35438
AT4G05050.2	1337	1138	23.7456	6.81834
AT4G05050.1	1100	901	1758.32	637.694
AT4G05050.3	996	797	83.155	34.0933
AT4G05050.4	901	702	2.27362e-06	1.05833e-06
AT1G02300.1	1464	1265	15.1995	3.92623
AT3G24050.1	1410	1211	221	59.633
AT3G21770.1	1237	1038	148	46.5911
AT4G22050.1	1253	1054	1	0.310026
AT4G24231.1	150	7.01018	0	0
AT1G60430.3	836	637	8.19482	4.20376
AT1G60430.1	1126	927	3.74717e-08	1.32088e-08
AT1G60430.4	722	523	0	0
AT1G60430.2	1139	940	32.8052	11.4039
AT3G17120.4	2187	1988	0	0
AT3G17120.2	1746	1547	51.6775	10.9156
AT3G17120.1	1850	1651	79.8912	15.8121
AT3G17120.5	2097	1898	7.43129	1.2794
AT3G17120.3	2312	2113	0	0
AT3G18957.1	153	7.28986	0	0
AT1G14140.1	1153	954	47	16.0986
AT5G07920.2	3391	3192	15.7409	1.6114
AT5G07920.3	3024	2825	0.00735337	0.000850563
AT5G07920.1	3225	3026	82.2518	8.88208
AT3G06270.1	2126	1927	79	13.3963
AT4G35540.1	1764	1565	14	2.92316
AT5G65750.1	3542	3343	218	21.3088
AT4G36050.1	2360	2161	0	0
AT4G36050.4	2352	2153	0	0
AT4G36050.5	1805	1606	0	0
AT4G36050.2	2189	1990	16.8469	2.76634
AT4G36050.3	2385	2186	11.1531	1.66718
AT3G43260.1	810	611	0	0
AT3G44630.2	4192	3993	94.7596	7.75465
AT3G44630.3	4350	4151	0	0
AT3G44630.1	4264	4065	198.328	15.9427
AT3G44630.4	4694	4495	30.3014	2.20278
AT3G27580.2	2324	2125	15.873	2.44083
AT3G27580.1	2568	2369	29.127	4.01763
AT2G19810.1	1727	1528	36	7.6987
AT3G47730.1	3489	3290	213	21.1554
AT5G15040.1	608	409	0	0
AT5G15040.3	431	232	0	0
AT5G15040.2	693	494	0	0
AT1G78370.1	1147	948	779	268.514
AT2G21840.1	2990	2791	38	4.449
AT5G24060.2	1811	1612	88	17.8384
AT5G24060.1	1478	1279	3.70643e-06	9.46942e-07
AT5G24060.3	1395	1196	0	0
AT5G25250.1	1713	1514	41.853	9.03314
AT2G39020.1	1356	1157	152	42.9288
AT1G68390.1	1654	1455	6	1.34749
AT5G64930.1	1973	1774	91	16.762
AT4G32920.3	4763	4564	34.2246	2.45037
AT4G32920.2	4889	4690	27.0382	1.88383
AT4G32920.1	5221	5022	90.7373	5.90401
AT4G00170.1	1601	1402	66	15.3828
AT4G00170.2	1741	1542	0	0
AT4G15360.1	1697	1498	9	1.96322
AT5G39220.1	1435	1236	5	1.32187
AT5G39220.2	1411	1212	0	0
AT1G51820.1	2928	2729	0	0
AT1G51820.2	2677	2478	19.2808	2.5425
AT5G17660.1	1333	1134	42	12.1025
AT1G10900.2	3363	3164	6.37028	0.657901
AT1G10900.1	2855	2656	14.9892	1.84412
AT1G10900.3	2880	2681	193.641	23.6014
AT5G09350.1	4265	4066	46	3.69682
AT2G30230.1	1119	920	28.9246	10.2735
AT1G66420.1	849	650	0	0
AT4G39675.1	466	267	22	26.9246
AT4G31130.1	1120	921	114	40.4467
AT1G28695.1	1081	882	0	0
AT2G19000.1	692	493	0	0
AT1G26390.1	1767	1568	1	0.208397
AT1G18730.4	1190	991	15.4308	5.08809
AT1G18730.2	736	537	0	0
AT1G18730.3	669	470	120.318	83.651
AT1G18730.5	666	467	0	0
AT1G18730.1	987	788	116.251	48.2069
AT3G26855.1	763	564	0	0
AT4G02733.1	959	760	0	0
AT1G14680.1	1214	1015	2	0.643876
AT2G44850.1	1203	1004	0	0
AT2G44850.2	1457	1258	6.34709	1.64867
AT2G44850.3	1345	1146	0	0
AT1G66220.1	2262	2063	0	0
AT2G17060.2	3979	3780	20	1.72893
AT2G17060.1	3601	3402	3	0.288154
AT5G09750.1	1006	807	1	0.404916
AT2G48010.1	2549	2350	42	5.84009
AT5G53300.3	818	619	10.149	5.35758
AT5G53300.2	837	638	177.082	90.6969
AT5G53300.4	867	668	1073.82	525.284
AT5G53300.1	1021	822	190.947	75.9064
AT1G06350.1	1238	1039	20	6.29003
AT3G03776.2	786	587	0	0
AT3G03776.1	808	609	0	0
AT3G03776.3	571	372	2	1.75681
AT2G28850.1	1572	1373	3	0.713985
AT4G17570.2	2359	2160	17.822	2.69613
AT4G17570.3	2646	2447	81.746	10.9162
AT4G17570.1	2626	2427	3.43203	0.462083
AT4G14860.1	759	560	1	0.583513
AT2G23010.1	1591	1392	9.35678	2.19647
AT2G23010.2	1535	1336	0	0
AT5G48543.1	477	278	0	0
AT3G04770.2	1397	1198	45.086	12.2977
AT3G04770.1	1211	1012	23.914	7.72164
AT2G18590.1	1465	1266	0	0
AT2G37740.1	1369	1170	3	0.837864
AT3G18670.1	1806	1607	0	0
AT3G18670.2	2287	2088	7	1.09548
AT1G67000.1	3121	2922	3.18409	0.356077
AT4G20290.1	426	227	0	0
AT2G19700.1	695	496	0	0
AT4G27000.1	1779	1580	544	112.507
AT2G14860.1	1103	904	33	11.9284
AT5G40610.1	1593	1394	109	25.5507
AT4G28100.1	1495	1296	135	34.0382
AT5G66500.1	1687	1488	8	1.75681
AT1G32360.1	1939	1740	59	11.08
AT2G39380.1	2078	1879	5.66588	0.985323
AT5G57970.1	1553	1354	46	11.1014
AT5G57970.2	1677	1478	0	0
AT1G23660.1	868	669	0	0
AT3G05870.4	1411	1212	2.7256	0.734849
AT3G05870.1	592	393	0	0
AT3G05870.7	237	39.4185	0	0
AT3G05870.3	1142	943	6.90513	2.39276
AT3G05870.5	1455	1256	0	0
AT3G05870.2	692	493	8.99625	5.96284
AT3G05870.6	581	382	5.37301	4.59613
AT4G12930.1	640	441	0	0
AT5G20160.1	892	693	324.529	153.024
AT5G20160.2	869	670	0	0
AT5G20160.3	771	572	3.47119	1.98299
AT4G38100.2	855	656	2.39586	1.19343
AT4G38100.1	806	607	102.604	55.235
AT2G42570.1	1715	1516	71	15.3037
AT1G72160.1	1925	1726	205	38.8107
AT4G16990.16	3073	2874	41.215	4.68605
AT4G16990.12	3148	2949	0	0
AT4G16990.17	2656	2457	249.094	33.1281
AT4G16990.4	2933	2734	3.09221e-05	3.6958e-06
AT4G16990.13	3133	2934	0	0
AT4G16990.1	2731	2532	166.172	21.4453
AT4G16990.14	3220	3021	0	0
AT4G16990.15	3209	3010	0	0
AT4G16990.3	2918	2719	28.7525	3.45545
AT4G16990.2	3483	3284	0	0
AT4G16990.9	2898	2699	61.2846	7.4197
AT4G16990.6	3578	3379	0	0
AT4G16990.11	3228	3029	0	0
AT4G16990.19	2594	2395	56.8423	7.7554
AT4G16990.10	2633	2434	167.508	22.4881
AT4G16990.7	3498	3299	0	0
AT4G16990.8	3105	2906	0	0
AT4G16990.18	2836	2637	0	0
AT4G16990.5	3303	3104	0	0
AT1G43020.4	1067	868	0	0
AT1G43020.5	1253	1054	0	0
AT1G43020.1	1654	1455	0	0
AT1G43020.2	1615	1416	0	0
AT1G43020.3	1537	1338	10	2.44221
AT4G35660.1	1196	997	1	0.32775
AT3G52620.1	599	400	0	0
AT4G18870.1	966	767	0	0
AT1G61105.1	598	399	0	0
AT2G04038.1	501	302	0	0
AT3G44240.1	720	521	0	0
AT5G21990.1	2250	2051	189	30.1116
AT1G50500.3	3197	2998	0	0
AT1G50500.5	2878	2679	43.3607	5.28885
AT1G50500.2	2907	2708	8.5896	1.03648
AT1G50500.1	3099	2900	86.3426	9.72894
AT1G50500.4	2984	2785	58.7071	6.88817
AT1G13870.1	1251	1052	60	18.6369
AT1G21470.2	860	661	1	0.494353
AT1G21470.1	1056	857	0	0
AT5G27830.2	1025	826	0	0
AT5G27830.6	1522	1323	0	0
AT5G27830.1	1210	1011	14.1131	4.56151
AT5G27830.5	1122	923	1.70441	0.603408
AT5G27830.4	1076	877	12.1825	4.53917
AT5G27830.3	1175	976	0	0
AT3G60900.1	1948	1749	54.03	10.0945
AT2G02635.1	720	521	0	0
AT4G11050.2	2470	2271	0	0
AT4G11050.3	2336	2137	25	3.82273
AT4G11050.1	2370	2171	3.37329e-07	5.0773e-08
AT2G23470.1	1797	1598	25	5.11213
AT5G66540.1	2017	1818	72.72	13.0707
AT5G66540.2	1942	1743	57.28	10.7385
AT1G73590.1	2345	2146	147	22.3834
AT2G44610.1	1251	1052	315	97.8438
AT1G55420.1	2449	2250	8.79886	1.27786
AT2G17705.1	858	659	18	8.92535
AT3G58790.2	1227	1028	13.2322	4.20607
AT3G58790.1	2359	2160	56.2437	8.50861
AT4G03170.1	753	554	0	0
AT3G58570.1	2641	2442	71.2954	9.54013
AT5G63720.1	1549	1350	0	0
AT4G16130.1	3500	3301	104	10.295
AT3G05500.1	1396	1197	185.386	50.6083
AT3G05500.2	873	674	33.6138	16.2965
AT4G28750.1	798	599	4133.46	2254.89
AT1G20600.1	931	732	0	0
AT1G14755.1	570	371	0	0
AT5G11820.1	632	433	0	0
AT4G18770.1	1869	1670	0	0
AT1G61575.1	583	384	0	0
AT1G61575.2	485	286	0	0
AT3G02170.1	3481	3282	156	15.5319
AT3G02170.3	3411	3212	0.000128469	1.30695e-05
AT3G02170.2	3469	3270	0	0
AT2G46220.1	1365	1166	167	46.8011
AT5G27920.1	2693	2494	47	6.158
AT3G58940.1	2341	2142	0.00383721	0.000585375
AT3G58940.2	2325	2126	20.9962	3.22712
AT5G21090.1	1302	1103	666	197.305
AT3G61380.1	2865	2666	40.871	5.00949
AT3G61380.2	2475	2276	1.28084	0.183892
AT3G61380.3	2460	2261	45.8481	6.62612
AT2G01275.2	1100	901	0	0
AT2G01275.4	1191	992	0.696036	0.229276
AT2G01275.3	1415	1216	2.14186	0.575567
AT2G01275.1	1080	881	5.97281	2.21535
AT2G01275.5	1009	810	2.18929	0.883196
AT1G44080.1	1044	845	0	0
AT2G25605.1	1152	953	35	12.0009
AT3G14452.1	117	4.91545	0	0
AT5G36420.1	357	158	0	0
AT4G35150.1	978	779	0	0
AT1G52580.1	1058	859	1	0.380404
AT3G51390.2	1182	983	0	0
AT3G51390.1	1350	1151	32.009	9.08731
AT1G11230.1	1096	897	0	0
AT1G11230.2	1216	1017	0	0
AT1G67640.1	1666	1467	3	0.668235
AT3G51740.1	3234	3035	188	20.2413
AT5G22120.1	1713	1514	78	16.8348
AT1G18520.1	1116	917	0	0
AT5G57440.1	1248	1049	95	29.5928
AT3G60110.1	2682	2483	22	2.89524
AT2G04480.1	943	744	4	1.75681
AT5G12120.1	2800	2601	247.262	31.0638
AT4G21660.1	2326	2127	98.5925	15.1466
AT4G21660.2	2112	1913	206.162	35.2153
AT4G21660.3	2608	2409	39.2458	5.32346
AT1G66680.1	1533	1334	141	34.5384
AT5G06910.1	1207	1008	55	17.8296
AT3G09055.1	307	108	0.222707	0.673828
AT5G62670.1	3293	3094	652	68.8598
AT1G27270.1	726	527	0	0
AT3G52570.1	1255	1056	43	13.3059
AT1G22360.1	1941	1742	61.0039	11.4432
AT1G22360.2	1684	1485	30.9961	6.82054
AT2G41515.1	886	687	0	0
AT3G58220.2	1713	1514	41.8628	9.03526
AT3G58220.1	1903	1704	30.1372	5.77925
AT3G58220.4	1437	1238	0	0
AT3G58220.3	1627	1428	0	0
AT3G58220.5	942	743	0	0
AT1G68960.1	1292	1093	0	0
AT1G68960.2	1362	1163	0	0
AT3G57000.1	1286	1087	107	32.1657
AT2G31432.2	713	514	0	0
AT2G31432.1	502	303	0	0
AT5G53610.1	477	278	0	0
AT1G52510.2	1298	1099	22.0311	6.55052
AT1G52510.1	1470	1271	381.484	98.0773
AT5G63350.1	1387	1188	1	0.275056
AT1G79600.1	2541	2342	593	82.7382
AT1G10650.1	1736	1537	133.126	28.3027
AT1G10650.2	1609	1410	18.8741	4.37406
AT1G76994.1	480	281	0	0
AT5G42895.1	402	203	0	0
AT1G52495.1	546	347	0	0
AT5G66335.1	435	236	0	0
AT2G26080.1	3967	3768	4711.23	408.566
AT3G01800.1	1360	1161	47	13.2283
AT3G49350.1	2636	2437	99	13.2745
AT1G02090.2	1207	1008	15.6927	5.08716
AT1G02090.3	1816	1617	17.4793	3.53226
AT1G02090.1	1225	1026	108.828	34.6602
AT2G30105.1	1425	1226	86	22.9217
AT1G32400.2	1504	1305	10.9389	2.73905
AT1G32400.1	1478	1279	298.156	76.1748
AT1G32400.3	1725	1526	6.90498	1.47858
AT1G04800.1	1027	828	411.408	162.36
AT1G51490.1	1541	1342	0	0
AT2G47420.1	1409	1210	115	31.0564
AT4G25340.1	1881	1682	90.3087	17.5445
AT4G25340.2	1732	1533	89.6913	19.1182
AT1G58037.2	1164	965	0.909605	0.308009
AT1G58037.1	2049	1850	2.0904	0.369228
AT3G01710.1	1634	1435	31.4343	7.15797
AT3G01710.4	1081	882	0	0
AT3G01710.3	1335	1136	4.56574	1.31332
AT3G01710.2	1582	1383	0	0
AT1G04390.1	3466	3267	40	4.00082
AT2G36030.1	213	22.4695	0	0
AT2G37760.4	1255	1056	0	0
AT2G37760.6	1661	1462	0	0
AT2G37760.2	1378	1179	30.8371	8.5467
AT2G37760.5	1251	1052	0.131773	0.0409305
AT2G37760.3	1126	927	25.0969	8.84664
AT2G37760.1	1454	1255	21.9342	5.71106
AT2G37760.7	1152	953	0	0
AT1G08190.1	3481	3282	623	62.028
AT5G61110.1	625	426	0	0
AT4G17940.1	1105	906	73.1323	26.3767
AT4G31890.3	3090	2891	9.27656	1.04852
AT4G31890.2	2012	1813	23.2496	4.1904
AT4G31890.1	2518	2319	15.4739	2.1804
AT5G47900.10	1901	1702	0	0
AT5G47900.11	1173	974	2.10943	0.707693
AT5G47900.7	1785	1586	0	0
AT5G47900.9	1889	1690	0	0
AT5G47900.4	1672	1473	0	0
AT5G47900.1	1760	1561	12.0439	2.52117
AT5G47900.6	1416	1217	0.000242328	6.50656e-05
AT5G47900.2	1254	1055	0.846457	0.262175
AT5G47900.8	1973	1774	0	0
AT5G47900.5	1422	1223	0	0
AT5G47900.3	1237	1038	0	0
AT3G06020.1	1200	1001	22	7.18169
AT3G62930.1	486	287	13	14.8013
AT5G03204.1	464	265	0	0
AT5G18860.1	3572	3373	130.997	12.6906
AT5G18860.2	3419	3220	4.00335	0.406262
AT4G22740.1	1318	1119	67.6009	19.7406
AT4G22740.2	1536	1337	18.3991	4.4968
AT2G02020.2	1645	1446	29.1537	6.58815
AT2G02020.1	1832	1633	50.8463	10.1745
AT2G19500.1	1667	1468	0	0
AT2G01220.2	1843	1644	45.1385	8.97189
AT2G01220.1	1383	1184	87.8615	24.2485
AT1G20780.1	3042	2843	109.37	12.5707
AT1G20780.2	3211	3012	13.6297	1.47866
AT1G20780.3	3300	3101	0	0
AT5G35405.1	583	384	0	0
AT3G07160.1	5870	5671	73.7025	4.24679
AT3G07160.3	5972	5773	221.979	12.5646
AT3G07160.2	6149	5950	404.318	22.2047
AT3G19620.1	2477	2278	14	2.00823
AT4G23250.3	2238	2039	33.7415	5.40736
AT4G23250.1	2061	1862	46.7368	8.20196
AT4G23250.2	3006	2807	18.2747	2.12739
AT5G07720.1	1724	1525	9	1.92846
AT4G29480.1	918	719	335	152.249
AT1G11110.3	1231	1032	0	0
AT1G11110.1	1300	1101	0	0
AT1G11110.2	1221	1022	0	0
AT5G10000.1	447	248	0	0
AT2G29050.1	1702	1503	45.4644	9.88441
AT2G29050.2	1140	941	3.53559	1.22775
AT1G26140.1	489	290	0	0
AT1G29270.2	757	558	9.62562	5.6368
AT1G29270.1	1163	964	2.37438	0.804845
AT5G17430.2	1878	1679	7.84951	1.52767
AT5G17430.1	2084	1885	9.15049	1.58625
AT4G00820.1	2123	1924	127	21.5693
AT2G17380.1	892	693	98	46.2095
AT5G56720.1	1227	1028	16	5.08587
AT1G08310.1	1474	1275	13.9956	3.58691
AT1G08310.2	1483	1284	0.0043555	0.00110844
AT1G08310.3	1159	960	0	0
AT5G22250.1	1323	1124	10	2.90718
AT5G06320.1	990	791	128	52.8776
AT2G18410.2	1442	1243	17.7959	4.67829
AT2G18410.1	1461	1262	14.2041	3.67784
AT2G23420.1	2188	1989	299.574	49.2162
AT2G23420.2	2253	2054	18.4255	2.93128
AT3G51950.1	2724	2525	257.39	33.3095
AT3G51950.3	3021	2822	43.2606	5.00927
AT3G51950.2	2802	2603	149.054	18.7114
AT3G51950.4	2437	2238	496.296	72.4635
AT3G19300.1	2286	2087	21	3.28803
AT4G20230.1	1824	1625	0	0
AT4G20230.2	2054	1855	12	2.11386
AT5G51690.1	3183	2984	94.9818	10.4011
AT5G51690.2	1677	1478	0	0
AT2G46360.1	769	570	0	0
AT2G20280.1	1731	1532	218	46.4982
AT4G19890.1	2514	2315	17	2.39959
AT1G69520.2	1016	817	0	0
AT1G69520.1	794	595	16	8.78702
AT1G15890.1	2933	2734	10	1.1952
AT1G15890.2	2820	2621	0	0
AT4G23990.1	2660	2461	47.2505	6.27383
AT4G23990.2	2041	1842	29.6341	5.25704
AT1G31640.1	1395	1196	0	0
AT3G05727.1	517	318	670	688.472
AT3G09530.1	2528	2329	0	0
ATCG00820.1	279	80.003	13	53.0977
AT2G25350.5	1821	1622	0	0
AT2G25350.1	2472	2273	37	5.31913
AT2G25350.3	2574	2375	0	0
AT2G25350.2	2584	2385	0	0
AT2G25350.4	2571	2372	0	0
AT1G10020.1	2164	1965	158	26.2744
AT2G22810.1	1736	1537	9	1.91341
AT2G46820.2	988	789	2405.82	996.379
AT2G46820.1	1177	978	633.18	211.557
AT1G11210.1	1222	1023	2	0.638841
AT4G00755.1	1623	1424	24.1356	5.53843
AT4G00755.2	1505	1306	47.8644	11.9759
AT5G08770.1	930	731	11	4.91715
AT3G48420.1	1284	1085	289	87.0375
AT5G10480.2	1005	806	0	0
AT5G10480.1	1026	827	235.824	93.1798
AT5G10480.3	1037	838	13.1755	5.13763
ATMG01130.1	321	122	0	0
AT5G18735.1	1320	1121	0	0
AT2G06040.1	2655	2456	38	5.05584
AT1G59835.1	477	278	0	0
AT1G50350.1	513	314	0	0
AT2G34200.2	1271	1072	0	0
AT2G34200.1	1183	984	6	1.99248
AT1G13880.2	1882	1683	7.87749	1.52947
AT1G13880.1	1747	1548	0	0
AT1G13880.3	1708	1509	76.1225	16.484
AT2G14670.1	1479	1280	0	0
AT3G63450.6	2085	1886	7.64162	1.32398
AT3G63450.2	1445	1246	0.0820338	0.0215136
AT3G63450.3	1889	1690	0	0
AT3G63450.1	2000	1801	0	0
AT3G63450.4	2142	1943	0	0
AT3G63450.5	1805	1606	12.6775	2.57945
AT3G63450.7	2011	1812	38.5988	6.96072
AT5G48370.1	1693	1494	50	10.936
AT5G48370.3	1729	1530	0	0
AT5G48370.2	1589	1390	0	0
AT3G23350.2	1082	883	0	0
AT3G23350.1	1049	850	0	0
AT2G01280.2	1515	1316	0	0
AT2G01280.1	2257	2058	9.14795	1.4525
AT2G01280.3	1458	1259	0	0
AT3G13674.1	776	577	20	11.3264
AT3G25270.1	1032	833	0	0
AT1G49005.1	744	545	0	0
AT1G58420.1	951	752	7	3.04172
AT2G07713.1	369	170	0	0
AT1G49860.1	1188	989	220	72.6883
AT5G45720.1	3758	3559	0.494033	0.0453593
AT5G45720.2	3812	3613	57.506	5.20096
AT1G50840.2	3650	3451	37.6079	3.56101
AT1G50840.1	3584	3385	131.392	12.6838
AT3G15357.1	708	509	22	14.1235
AT2G22360.1	1744	1545	203.313	43.0007
AT1G41820.1	1206	1007	0	0
AT2G46710.1	2663	2464	167	22.147
AT3G15790.1	1165	966	54	18.2665
AT3G15790.3	1304	1105	0	0
AT3G15790.2	1416	1217	0	0
AT2G39950.9	2149	1950	67.5224	11.3149
AT2G39950.6	3149	2950	4.88848	0.54149
AT2G39950.4	3633	3434	7.15027	0.680394
AT2G39950.1	2426	2227	43.4322	6.37279
AT2G39950.7	3116	2917	12.0067	1.34502
AT2G39950.3	3804	3605	0	0
AT2G39950.5	3560	3361	0	0
AT2G39950.8	2807	2608	0	0
AT2G39950.2	2301	2102	0	0
AT1G36622.1	1051	852	17	6.52
AT3G63230.2	468	269	0	0
AT3G63230.1	375	176	0	0
AT4G28590.1	1405	1206	29	7.85758
AT3G46400.1	2876	2677	8	0.976517
AT5G04120.1	1079	880	3	1.11398
AT3G44980.1	513	314	0	0
AT1G73000.1	986	787	2	0.830412
AT3G14340.1	381	182	7.32468	13.1509
AT2G32720.2	1260	1061	61.3401	18.8916
AT2G32720.1	1869	1670	90.6599	17.7393
AT5G38070.1	992	793	9	3.70858
AT1G64960.2	3781	3582	31.0451	2.83208
AT1G64960.1	3795	3596	29.9549	2.72199
AT1G29535.2	1131	932	2.53605	0.889162
AT1G29535.3	470	271	0	0
AT1G29535.4	396	197	4.46395	7.40442
AT1G29535.1	1380	1181	0	0
AT3G02490.1	2448	2249	52	7.55531
AT4G37420.1	2153	1954	2	0.33446
AT3G44740.3	1486	1287	0	0
AT3G44740.2	1650	1451	21.8428	4.91903
AT3G44740.5	1272	1073	2.85386	0.869102
AT3G44740.1	1459	1260	1.24737	0.323491
AT3G44740.4	1195	996	5.05597	1.65876
AT2G25910.2	1422	1223	103.234	27.5826
AT2G25910.1	1537	1338	115.766	28.2724
AT2G43150.1	1411	1212	3038	819.075
AT5G35550.1	1073	874	0	0
AT5G35550.2	1146	947	0	0
AT1G63295.1	731	532	5.28036	3.24332
AT1G63295.2	748	549	1.71964	1.02354
AT3G45790.1	1131	932	0	0
AT3G24840.7	2442	2243	34.548	5.03306
AT3G24840.1	2534	2335	3.39385e-08	4.74946e-09
AT3G24840.6	2567	2368	0	0
AT3G24840.3	2745	2546	0	0
AT3G24840.4	2720	2521	0	0
AT3G24840.5	2515	2316	63.452	8.95251
AT3G24840.2	2845	2646	0	0
AT5G03710.1	430	231	0	0
AT4G39270.8	3303	3104	0	0
AT4G39270.6	3463	3264	0	0
AT4G39270.9	3289	3090	0	0
AT4G39270.7	3377	3178	0	0
AT4G39270.2	3176	2977	100.704	11.0536
AT4G39270.5	3477	3278	0	0
AT4G39270.3	3557	3358	0	0
AT4G39270.10	3223	3024	4.08685	0.441617
AT4G39270.4	3543	3344	0	0
AT4G39270.1	3389	3190	19.2094	1.96771
AT3G42390.1	381	182	0	0
AT3G15534.1	640	441	1	0.740969
AT3G02690.1	1458	1259	174	45.1608
AT3G17750.1	4000	3801	179	15.3884
AT2G01690.1	2989	2790	114.096	13.3631
AT2G01690.2	2983	2784	150.864	17.7074
AT2G33040.1	1484	1285	1148	291.929
AT2G25950.1	907	708	23.6772	10.9279
AT2G25950.2	1005	806	15.3228	6.21213
AT5G56670.1	494	295	517	572.673
AT4G17150.5	2422	2223	0	0
AT4G17150.1	2359	2160	52.2054	7.89768
AT4G17150.3	2597	2398	11.8827	1.61921
AT4G17150.2	2501	2302	0.187641	0.0266355
AT4G17150.4	2466	2267	12.7243	1.8341
AT1G48990.1	722	523	0	0
AT1G29080.1	1172	973	0	0
AT5G14710.1	734	535	18	10.994
AT1G23050.1	825	626	3	1.56598
AT2G14695.1	1085	886	0	0
ATMG01230.1	438	239	0	0
AT3G04670.1	2154	1955	77.977	13.0334
AT3G04670.2	2027	1828	78.023	13.9471
AT2G28470.1	3489	3290	292.67	29.0684
AT2G28470.2	3267	3068	146.392	15.5919
AT2G28470.5	2624	2425	62.6698	8.44471
AT2G28470.4	3239	3040	0.0297308	0.00319574
AT2G28470.3	3386	3187	20.2387	2.0751
AT4G11490.1	1911	1712	0	0
AT1G35290.1	884	685	7	3.33923
AT3G24180.1	3743	3544	116.197	10.7137
AT3G24180.2	3621	3422	214.803	20.5116
AT2G32650.2	773	574	6.61795	3.76747
AT2G32650.1	709	510	67.3005	43.1207
AT4G17300.2	2056	1857	35.0377	6.16542
AT4G17300.1	1897	1698	165.962	31.9382
AT4G21110.1	914	715	100.915	46.1197
AT4G21110.2	698	499	40.0854	26.2497
AT3G46200.4	2123	1924	0	0
AT3G46200.6	1316	1117	32	9.36128
AT3G46200.3	2178	1979	0	0
AT3G46200.1	2100	1901	0	0
AT3G46200.2	2178	1979	0	0
AT3G46200.5	1445	1246	0	0
AT3G29680.1	1676	1477	8	1.7699
AT1G79050.1	1482	1283	146	37.1847
AT1G79050.2	1354	1155	0	0
AT2G40420.1	1711	1512	31.3085	6.76627
AT4G38780.1	7194	6995	7.00502	0.327235
AT5G06870.1	1168	969	10	3.37221
AT5G24330.1	1347	1148	20	5.69281
AT1G73340.1	1486	1287	22	5.58576
AT1G64580.1	1973	1774	31	5.71014
AT1G15390.1	1140	941	92	31.9475
AT4G30000.1	2305	2106	43.274	6.71439
AT4G30000.2	2013	1814	4.72603	0.851329
AT1G29040.1	1592	1393	5.32593	1.24935
AT1G29040.5	797	598	0.000656679	0.000358831
AT1G29040.3	823	624	23.7187	12.4207
AT1G29040.4	884	685	41.7696	19.9254
AT1G29040.2	870	671	3.38383	1.64787
AT2G25590.1	1312	1113	17	4.99105
AT3G60130.1	2094	1895	25.7367	4.43795
AT3G60130.3	1740	1541	22.1802	4.70328
AT3G60130.2	1585	1386	51.0831	12.0435
AT4G19820.1	2043	1844	15	2.65808
AT1G53770.1	2056	1857	39	6.86264
AT1G53770.2	2005	1806	0	0
AT5G39540.1	591	392	0	0
AT3G49601.1	2142	1943	188	31.6172
AT5G65940.3	1356	1157	0	0
AT5G65940.2	1443	1244	49.7655	13.0721
AT5G65940.1	1463	1264	72.2327	18.6735
AT5G65940.4	1456	1257	0.00179634	0.000466972
AT1G34210.1	2554	2355	128	17.7606
AT1G34210.2	2267	2068	0	0
AT1G52130.2	1452	1253	0	0
AT1G52130.1	1613	1414	4	0.924377
AT5G22390.1	1241	1042	49	15.3662
AT4G19190.1	2110	1911	67	11.4565
AT1G32260.1	916	717	31	14.128
AT4G06526.1	1521	1322	0	0
AT5G54820.1	1419	1220	0	0
AT1G23915.1	701	502	0	0
AT3G52740.1	945	746	66	28.9097
AT5G36400.1	357	158	0	0
AT1G24764.3	2118	1919	0	0
AT1G24764.2	2139	1940	12.7887	2.15408
AT1G24764.1	2527	2328	99.2113	13.9257
AT2G36480.2	3268	3069	31.5724	3.36162
AT2G36480.1	3413	3214	119.428	12.1422
AT5G37030.1	1917	1718	0	0
AT3G46480.1	892	693	2.41087	1.13679
AT2G03750.1	1488	1289	115	29.153
AT5G10360.1	1192	993	1908	627.867
AT5G10360.2	946	747	0.000258715	0.000113172
AT1G20875.1	201	17.0167	0	0
AT5G03990.2	1398	1199	0	0
AT5G03990.1	1386	1187	22	6.05634
AT2G27285.1	1458	1259	81	21.0231
AT1G03930.1	2419	2220	145	21.3429
AT4G14490.1	1777	1578	10	2.07077
AT5G22630.1	2185	1986	358	58.9036
AT1G36990.1	2907	2708	125	15.0834
AT1G78840.1	1439	1240	0	0
AT1G78840.2	1320	1121	0	0
AT2G45350.1	1876	1677	4	0.779409
AT5G49530.1	2621	2422	75	10.1187
AT5G12000.2	2661	2462	0	0
AT5G12000.1	2682	2483	0	0
AT1G46336.1	243	44.7603	0	0
AT2G23520.1	3470	3271	115	11.4883
AT2G29070.1	1388	1189	0	0
AT2G29070.3	868	669	0	0
AT2G29070.2	1352	1153	17	4.8179
AT1G32790.1	2094	1895	230.35	39.7207
AT1G32790.2	1940	1741	165.3	31.025
AT2G24400.1	1690	1491	3	0.657479
AT2G17960.1	366	167	0	0
AT5G64540.3	1747	1548	0	0
AT5G64540.1	1657	1458	0	0
AT5G64540.2	1600	1401	2	0.466477
AT2G39460.1	795	596	1315.58	721.29
AT2G39460.2	1495	1296	114.418	28.8489
AT2G31810.1	2165	1966	27.5373	4.57695
AT2G31810.2	1718	1519	82.2207	17.6873
AT2G31810.3	1714	1515	113.242	24.4249
AT2G40580.1	1140	941	0	0
AT1G32550.1	1071	872	139.951	52.4441
AT1G32550.2	585	386	6.04938	5.12109
AT1G14210.1	902	703	122	56.7078
AT3G52660.3	2322	2123	7.33076	1.12833
AT3G52660.1	1894	1695	108.924	20.9986
AT3G52660.2	2634	2435	23.4135	3.14199
AT2G32470.1	1723	1524	4.50092	0.965061
AT5G06860.1	1169	970	101	34.0242
AT2G14460.1	674	475	38	26.1414
AT5G02110.2	1137	938	2	0.696732
AT5G02110.1	1309	1110	0	0
AT3G58680.1	896	697	219	102.671
AT5G18990.1	1078	879	0	0
AT2G37585.1	1477	1278	45	11.5059
AT4G13310.2	1511	1312	0	0
AT4G13310.1	1803	1604	0	0
AT5G37247.1	392	193	0	0
AT4G37470.1	1492	1293	209	52.8185
AT1G06920.1	1227	1028	0	0
AT5G26110.3	1125	926	0	0
AT5G26110.2	1180	981	16.9741	5.654
AT5G26110.1	1276	1077	63.0259	19.1224
AT3G30530.1	856	657	1	0.497362
AT4G28980.3	1955	1756	0	0
AT4G28980.1	2003	1804	103.507	18.7487
AT4G28980.2	2249	2050	6.49319	1.03501
AT4G18465.1	2366	2167	56	8.44437
AT2G30010.2	1523	1324	28.1702	6.95249
AT2G30010.1	1476	1277	113.83	29.1275
AT1G12920.1	1656	1457	436	97.7834
AT1G18670.2	3546	3347	0	0
AT1G18670.1	3060	2861	34.6788	3.96081
AT1G18670.3	2895	2696	49.3212	5.97795
AT5G41990.1	2254	2055	277	44.046
AT4G19800.1	1197	998	0	0
AT3G12320.2	1023	824	64.7685	25.6847
AT3G12320.1	1475	1276	91.7298	23.4908
AT3G12320.3	1082	883	190.502	70.498
AT3G32160.1	447	248	0	0
AT3G15140.1	1463	1264	30.7222	7.94226
AT3G15140.2	1175	976	2.27778	0.762605
AT1G50440.3	1165	966	1.94855	0.659133
AT1G50440.4	905	706	5.32863	2.46632
AT1G50440.1	1250	1051	43.7228	13.5939
AT1G50440.5	1021	822	0	0
AT1G50440.2	1333	1134	0	0
AT1G49540.2	2798	2599	84.9586	10.6817
AT1G49540.1	2782	2583	0.0414097	0.0052386
AT3G03440.1	1694	1495	44	9.61723
AT2G16740.1	923	724	85	38.3635
AT4G34510.1	2071	1872	4	0.69822
AT3G51820.1	1729	1530	870	185.809
AT1G33860.2	666	467	0	0
AT1G33860.1	462	263	2.0205	2.51039
AT3G13470.1	2348	2149	736.584	112.002
AT1G29590.1	1007	808	7.61735	3.08057
AT2G46070.3	1613	1414	9.95775	2.30118
AT2G46070.2	1347	1148	0	0
AT2G46070.1	1329	1130	20.0423	5.79571
AT5G08060.1	1237	1038	322	101.367
AT1G80400.1	1747	1548	44	9.28795
AT5G63087.1	524	325	1	1.00544
AT4G24030.1	387	188	1.20525	2.09487
AT1G29020.2	2062	1863	58.5491	10.2694
AT1G29020.1	1712	1513	1.45088	0.313351
AT2G44520.1	1657	1458	149	33.3939
AT3G43574.1	210	20.9285	0	0
AT1G65880.1	1899	1700	1.10268	0.211952
AT5G18690.1	965	766	27	11.5179
AT2G42650.1	1711	1512	29	6.26736
AT2G04115.1	634	435	0	0
AT2G40910.2	1555	1356	0.0283818	0.00683941
AT2G40910.1	1550	1351	1.97162	0.476876
AT2G23700.1	2856	2657	68	8.36288
AT5G16370.1	2239	2040	54.1755	8.67784
AT5G49340.1	1409	1210	1	0.270055
AT1G53000.1	1409	1210	46.8992	12.6654
AT1G53000.2	1280	1081	85.1008	25.7245
AT5G58270.1	2669	2470	193	25.5328
AT3G54350.3	2744	2545	0	0
AT3G54350.5	2557	2358	61.866	8.57327
AT3G54350.4	2868	2669	0	0
AT3G54350.1	2848	2649	100.134	12.352
AT3G54350.2	2916	2717	0	0
AT4G05430.1	564	365	0	0
AT4G05430.3	1023	824	2.95341	1.17121
AT4G05430.2	744	545	2.04659	1.22708
AT2G43360.1	1502	1303	207	51.9116
AT2G46230.2	1048	849	0	0
AT2G46230.1	960	761	143	61.403
AT5G66210.1	2301	2102	48.9597	7.61105
AT5G66210.3	1841	1642	0	0
AT5G66210.5	2396	2197	0	0
AT5G66210.2	1941	1742	68.3636	12.8237
AT5G66210.6	2459	2260	22.0411	3.18687
AT5G66210.4	2406	2207	0.635611	0.0941082
AT5G17390.1	1025	826	8	3.16481
AT1G55690.2	2812	2613	39.1739	4.89886
AT1G55690.4	3123	2924	14.5002	1.62044
AT1G55690.1	2717	2518	15.057	1.95399
AT1G55690.5	2936	2737	170.269	20.3282
AT1G55690.3	2888	2689	1.08266e-06	1.31565e-07
AT1G72490.2	1766	1567	0	0
AT1G72490.1	1684	1485	19	4.18086
AT1G72490.3	1366	1167	0	0
AT4G00890.1	1391	1192	4.62613	1.26818
AT1G21670.1	2481	2282	56	8.01883
AT4G12220.1	492	293	0	0
AT1G78460.1	1050	851	30	11.5194
AT2G01140.1	1827	1628	1265	253.907
AT1G60220.1	2259	2060	84	13.3245
AT1G56180.1	2945	2746	5.86752	0.69822
AT1G56180.2	1539	1340	68.1368	16.6156
AT1G58450.1	495	296	0	0
AT1G32910.1	1895	1696	0	0
AT3G49645.2	1350	1151	13.332	3.78495
AT3G49645.1	1091	892	12.668	4.64066
AT4G33465.1	456	257	0	0
AT4G33465.2	673	474	0	0
AT5G34940.4	1413	1214	34.7701	9.35892
AT5G34940.2	1948	1749	39.2299	7.32936
AT5G34940.1	1871	1672	0	0
AT5G34940.3	1886	1687	0	0
AT3G22125.4	3252	3053	68.4957	7.33119
AT3G22125.3	4137	3938	10.2163	0.84773
AT3G22125.2	2495	2296	18.2402	2.59596
AT3G22125.1	2933	2734	89.3143	10.6748
AT3G22125.5	3237	3038	0.254539	0.0273782
AT1G20590.1	798	599	0	0
AT2G17310.1	1219	1020	0	0
AT3G46320.1	644	445	105.247	77.2836
AT3G45620.1	1627	1428	93	21.2811
AT3G45620.2	1747	1548	0	0
AT3G17550.1	891	692	0	0
AT5G42590.1	1847	1648	10	1.98281
AT1G25141.1	718	519	5	3.14805
AT3G25040.1	1183	984	143	47.4875
AT3G45330.1	2309	2110	6	0.929196
AT3G60850.1	2372	2173	65	9.77444
AT5G07475.1	769	570	22	12.6121
AT1G01920.4	1907	1708	52	9.94841
AT1G01920.1	1873	1674	0	0
AT1G01920.5	1953	1754	0	0
AT1G01920.3	2197	1998	0	0
AT1G01920.2	2025	1826	0	0
AT2G10931.1	1126	927	11	3.8775
AT3G10080.1	1001	802	50	20.372
AT3G10080.2	1111	912	0	0
AT1G24267.1	1704	1505	183	39.7331
AT1G24267.2	1660	1461	0	0
AT4G23610.1	805	606	1	0.53922
AT5G01680.1	2355	2156	0	0
AT3G18230.1	2431	2232	130	19.0321
AT3G10500.1	2440	2241	68.7997	10.0319
AT3G10500.2	2518	2319	16.2003	2.28276
AT4G33320.1	879	680	0	0
AT1G74810.6	2723	2524	0	0
AT1G74810.7	2483	2284	0.028216	0.00403681
AT1G74810.4	3110	2911	0	0
AT1G74810.1	2471	2272	11.936	1.71668
AT1G74810.3	3182	2983	0	0
AT1G74810.5	3034	2835	5.03578	0.580433
AT1G74810.2	3266	3067	0	0
AT4G00670.1	517	318	21.5938	22.1891
AT1G78130.1	1592	1393	31	7.27192
AT5G53020.3	2747	2548	16.3804	2.1007
AT5G53020.6	3822	3623	8.83265	0.796638
AT5G53020.4	3451	3252	0	0
AT5G53020.5	3883	3684	0	0
AT5G53020.1	2766	2567	0	0
AT5G53020.8	3198	2999	6.08791e-07	6.63331e-08
AT5G53020.10	2366	2167	16.7654	2.52809
AT5G53020.7	3374	3175	0	0
AT5G53020.2	2488	2289	0.0215572	0.0030774
AT5G53020.9	2686	2487	0	0
AT1G71460.1	2364	2165	25	3.77329
AT3G18485.1	1161	962	6	2.03805
AT3G49600.2	3760	3561	0.951391	0.0873022
AT3G49600.1	3962	3763	63.8312	5.5429
AT3G49600.3	3670	3471	58.2174	5.48071
AT5G38435.1	672	473	0	0
AT2G37130.1	1438	1239	216.825	57.1842
AT2G37130.2	1278	1079	32.175	9.74396
AT3G51325.1	1431	1232	1	0.265233
AT5G40300.1	1315	1116	32	9.36967
AT1G58215.1	3133	2934	0	0
AT1G04070.1	690	491	25	16.6378
AT1G31255.2	599	400	0	0
AT1G31255.1	713	514	0	0
AT3G46050.1	1113	914	0	0
AT1G56350.1	1767	1568	31	6.46032
AT4G25290.1	2381	2182	292	43.7287
AT1G28650.1	1366	1167	0	0
AT1G18760.1	675	476	0	0
AT1G78470.1	1224	1025	0	0
AT3G12380.2	2313	2114	0	0
AT3G12380.1	2451	2252	76	11.0277
AT3G61470.1	1408	1209	9633.8	2603.81
AT5G53860.3	1338	1139	0.538843	0.154588
AT5G53860.5	1769	1570	0	0
AT5G53860.4	1731	1532	40.2221	8.57915
AT5G53860.2	1908	1709	58.1488	11.1183
AT5G53860.1	1560	1361	182.09	43.7187
AT1G02150.1	1979	1780	451	82.7932
AT5G56180.2	1800	1601	0	0
AT5G56180.1	1737	1538	7.57851	1.61015
AT5G56180.3	1858	1659	27.4215	5.40111
AT4G22517.1	620	421	736.805	571.885
AT3G61900.1	482	283	3	3.46396
AT3G08900.1	1585	1386	1.0008	0.235952
AT1G54550.1	1336	1137	0	0
AT4G32580.1	724	525	1.06055	0.660098
AT5G12360.2	964	765	3.56558	1.52302
AT5G12360.1	879	680	2.43442	1.16984
AT3G28450.1	2294	2095	63	9.82641
AT1G49230.1	984	785	4	1.66506
AT1G69935.1	1306	1107	19.4521	5.74194
AT1G69935.2	1036	837	57.5479	22.4668
AT1G17890.2	1530	1331	17.6928	4.34366
AT1G17890.3	1437	1238	0	0
AT1G17890.1	1409	1210	164.307	44.3721
AT5G19490.1	1289	1090	8	2.39829
AT3G10930.1	852	653	2	1.00082
AT1G56580.1	1123	924	515	182.127
AT1G75930.1	1242	1043	0	0
AT2G31560.2	1263	1064	0	0
AT2G31560.1	1241	1042	21.1004	6.61699
AT2G31560.3	1087	888	66.8996	24.6178
AT1G47740.1	1403	1204	224	60.7939
AT1G47740.2	1485	1286	0	0
AT1G47740.3	1589	1390	0	0
AT4G38401.1	123	5.19716	0	0
AT4G39955.1	1450	1251	58	15.1499
AT1G17600.1	4782	4583	15.5356	1.10769
ATMG00680.1	369	170	0	0
AT1G59453.1	2122	1923	0	0
AT1G76200.1	606	407	318	255.312
AT3G59600.1	1019	820	121.858	48.5599
AT1G48460.2	1230	1031	27.7988	8.81061
AT1G48460.1	1906	1707	20.2012	3.86707
AT3G13920.1	1930	1731	491.906	92.8589
AT3G13920.4	1467	1268	448.585	115.602
AT3G13920.5	2093	1894	0	0
AT3G13920.3	1716	1517	1894.94	408.177
AT3G13920.2	1992	1793	6.06222	1.10482
AT1G26310.1	1238	1039	0	0
AT2G38530.1	1113	914	547.111	195.6
AT5G52975.1	582	383	0	0
AT2G02650.1	1098	899	0	0
AT3G07870.1	1910	1711	63	12.0318
AT5G59895.1	183	11.741	0	0
AT1G48325.1	465	266	0	0
AT3G13200.1	1029	830	252	99.2112
AT5G05113.1	363	164	0	0
AT2G22480.1	2227	2028	157	25.2971
AT3G23220.1	661	462	0	0
AT4G33885.1	233	36.0583	0	0
AT1G47260.1	2807	2608	559.87	70.1485
AT5G25330.1	1301	1102	0	0
AT5G19530.1	1639	1440	32.9415	7.47513
AT5G19530.2	1392	1193	78.0585	21.3805
AT5G22430.1	949	750	0	0
AT5G14020.5	1776	1577	0	0
AT5G14020.3	1931	1732	0	0
AT5G14020.2	1973	1774	0	0
AT5G14020.7	1720	1521	0	0
AT5G14020.6	1762	1563	19	3.97222
AT5G14020.4	1863	1664	0	0
AT5G14020.1	1724	1525	0	0
AT4G12280.1	903	704	0	0
AT3G04070.2	1206	1007	2.02716	0.657805
AT3G04070.1	1611	1412	6.97284	1.61366
AT5G01360.1	1676	1477	6	1.32742
AT5G01360.2	1728	1529	0	0
AT1G04340.1	1044	845	70	27.0695
AT5G42660.1	1848	1649	46	9.1154
AT2G24615.1	289	90.0004	0	0
ATCG00840.1	282	83.0016	3	11.8106
AT2G34880.1	2421	2222	2	0.29412
AT3G06640.2	3053	2854	0	0
AT3G06640.1	2374	2175	0	0
AT3G06640.3	2632	2433	3.27078	0.439286
AT4G30350.1	3498	3299	82	8.12213
AT5G47020.1	4975	4776	258	17.652
AT5G43064.1	219	25.9389	0	0
AT2G15042.1	1726	1527	6	1.28396
AT2G25640.2	3372	3173	7.71334	0.794348
AT2G25640.1	3036	2837	75.2867	8.67156
AT5G54210.1	921	722	0	0
AT5G15265.1	634	435	0	0
AT5G15265.2	608	409	19	15.1799
AT1G40086.1	300	101	0	0
AT4G30290.1	1335	1136	111.947	32.2012
AT1G08660.2	1936	1737	5.55114	1.04429
AT1G08660.1	1849	1650	95.6733	18.9472
AT1G08660.3	1560	1361	21.7755	5.22816
AT1G71770.1	2576	2377	0	0
AT1G71770.2	2558	2359	0	0
AT2G07634.1	126	5.35093	0	0
AT1G60940.1	1746	1547	77.8691	16.448
AT1G60940.2	1573	1374	107.065	25.4624
AT4G14340.1	2076	1877	89.5824	15.5954
AT4G14340.2	2340	2141	17.4176	2.65834
AT1G72060.1	731	532	6.45412	3.96427
AT2G32890.1	1400	1201	0	0
AT4G00315.1	1326	1127	0	0
AT3G61230.1	1005	806	1	0.405418
AT3G10650.1	4606	4407	417	30.9194
AT3G10650.2	4659	4460	2.48943e-05	1.82391e-06
AT5G62070.1	1645	1446	184	41.5803
AT4G29350.1	918	719	1096	498.104
AT5G63600.1	1767	1568	219.52	45.7474
AT5G63600.2	1567	1368	234.48	56.009
AT5G50160.2	2605	2406	0	0
AT5G50160.1	2520	2321	136	19.1471
AT4G30210.2	2657	2458	831.94	110.598
AT4G30210.1	2619	2420	0.000207608	2.80328e-05
AT4G30210.3	2724	2525	113.06	14.6314
AT4G24940.1	1362	1163	104	29.2208
AT2G43080.1	1340	1141	53.7628	15.3969
AT2G43080.2	1298	1099	2.23724	0.665201
AT5G18330.1	1338	1139	0	0
AT4G01985.3	1568	1369	0	0
AT4G01985.2	1914	1715	3	0.571604
AT4G01985.1	1978	1779	0	0
AT2G24300.1	2214	2015	4.55338e-08	7.38409e-09
AT2G24300.3	2207	2008	48.9756	7.96993
AT2G24300.2	2084	1885	20.0244	3.47125
AT1G11260.1	2483	2284	231	33.0487
AT1G29820.1	1877	1678	39.5419	7.70023
AT1G29820.2	1910	1711	45.3629	8.66342
AT2G23270.1	631	432	0	0
AT4G39160.1	2260	2061	0	0
AT4G39160.3	2024	1825	16.8463	3.01633
AT4G39160.2	2111	1912	39.1537	6.6915
AT1G78210.1	1344	1145	105	29.9655
AT2G02340.1	966	767	0	0
AT2G44510.1	1395	1196	23	6.28398
AT3G29770.2	1649	1450	55.4423	12.4943
AT3G29770.1	1963	1764	15.5577	2.88194
AT4G03200.1	2784	2585	180.801	22.8549
AT4G03200.2	2958	2759	30.1989	3.57667
AT3G54450.1	1830	1631	1	0.200348
AT5G55856.1	294	95.0001	0	0
AT5G22770.5	3896	3697	0	0
AT5G22770.1	4023	3824	56.7524	4.84958
AT5G22770.4	3706	3507	0.000253251	2.35968e-05
AT5G22770.6	3846	3647	11.0757	0.992374
AT5G22770.2	3433	3234	66.0969	6.67851
AT5G22770.3	3489	3290	138.711	13.777
AT4G01180.1	1665	1466	0	0
AT4G19510.5	4451	4252	2.39354e-06	1.83944e-07
AT4G19510.6	4270	4071	28.3044	2.27191
AT4G19510.9	3792	3593	0	0
AT4G19510.8	4266	4067	32.0056	2.57152
AT4G19510.10	3856	3657	57.0321	5.09604
AT4G19510.2	3765	3566	0.0279121	0.0025577
AT4G19510.1	4260	4061	0	0
AT4G19510.3	4786	4587	0	0
AT4G19510.4	4881	4682	0	0
AT4G19510.7	4323	4124	44.6299	3.53627
AT5G13090.1	1362	1163	57	16.0152
AT2G14095.1	1005	806	0	0
AT2G14095.2	917	718	4	1.82043
AT5G61170.1	920	721	848	384.325
AT3G54050.2	1379	1180	1204.98	333.683
AT3G54050.1	1621	1422	852.025	195.79
AT5G62990.1	1813	1614	11	2.22704
AT4G16143.2	2589	2390	117.273	16.0339
AT4G16143.1	2466	2267	339.727	48.9685
AT5G44240.1	3688	3489	22.118	2.07149
AT5G44240.2	3777	3578	199.882	18.2546
AT1G53250.1	1352	1153	23	6.51834
AT5G54100.1	1621	1422	103	23.6688
AT3G18390.1	3126	2927	644	71.8955
AT5G59730.1	2296	2097	171	26.6462
AT5G59730.2	2214	2015	0	0
AT3G19240.1	2884	2685	123.765	15.0623
AT2G47770.1	1044	845	0	0
AT2G07050.1	3005	2806	537	62.5353
AT2G07050.2	3203	3004	0	0
AT1G16040.2	1380	1181	0	0
AT1G16040.4	1309	1110	0	0
AT1G16040.1	1423	1224	36	9.6108
AT1G16040.3	1310	1111	0	0
AT2G23400.1	904	705	2	0.926999
AT2G23400.2	1123	924	0	0
AT1G15165.1	1036	837	15.0616	5.88008
AT3G60760.1	369	170	0	0
AT1G28160.1	809	610	0	0
AT3G48590.1	1085	886	28	10.3267
AT4G34370.1	2391	2192	67	9.98786
AT4G34370.2	2511	2312	0	0
AT3G30305.3	552	353	0	0
AT3G30305.2	643	444	0	0
AT3G30305.1	746	547	0	0
AT3G30305.4	297	98.0001	0	0
AT3G10690.1	3190	2991	274	29.9345
AT5G41270.1	1133	934	19	6.6473
AT1G33350.2	2347	2148	0	0
AT1G33350.1	2439	2240	10	1.45878
AT5G06120.9	3871	3672	122.5	10.9011
AT5G06120.7	4426	4227	0	0
AT5G06120.1	3368	3169	0	0
AT5G06120.5	4002	3803	1.2563	0.107946
AT5G06120.10	3843	3644	6.68276e-05	5.99261e-06
AT5G06120.4	3938	3739	54.7311	4.78318
AT5G06120.3	3935	3736	2.65482	0.232202
AT5G06120.6	3965	3766	1.76254e-08	1.52932e-09
AT5G06120.8	3959	3760	0.0882799	0.00767207
AT5G06120.2	4329	4130	23.7698	1.88068
AT1G02965.1	489	290	0	0
AT2G34580.2	674	475	0	0
AT2G34580.1	990	791	1	0.413106
AT4G02270.1	813	614	62	32.996
AT1G20860.2	1889	1690	0	0
AT1G20860.1	1605	1406	0	0
AT5G55760.1	1774	1575	38	7.88391
AT1G09155.1	1227	1028	2	0.635734
AT5G09711.1	138	6.07083	0	0
AT1G57600.1	2373	2174	0	0
AT1G57600.2	2363	2164	0	0
AT1G57600.4	1505	1306	26.7587	6.69516
AT1G57600.3	2048	1849	27.2413	4.81425
AT3G22960.1	2256	2057	1115	177.125
AT1G54510.4	2172	1973	31.7453	5.25765
AT1G54510.2	2237	2038	0	0
AT1G54510.1	2333	2134	13.2547	2.02961
AT1G54510.5	2098	1899	0	0
AT1G54510.3	2580	2381	0	0
AT4G21900.1	2032	1833	66	11.7658
AT5G51850.1	2240	2041	7	1.12071
AT5G51850.2	2283	2084	0	0
AT3G09400.2	2148	1949	0	0
AT3G09400.1	2106	1907	3	0.514054
AT4G00390.1	1359	1160	3	0.845087
AT2G37430.1	940	741	2	0.881963
AT1G36240.1	339	140	0	0
AT4G34720.2	1360	1161	3.85056	1.08375
AT4G34720.1	1095	896	736.149	268.47
AT5G36870.2	5696	5497	0	0
AT5G36870.3	5694	5495	0.0587585	0.00349415
AT5G36870.5	5670	5471	8.94124	0.534035
AT5G36870.4	5767	5568	0	0
AT5G36870.1	5746	5547	1.18362e-06	6.97256e-08
AT2G44660.1	1533	1334	55.3499	13.5581
AT1G10580.1	2193	1994	162	26.5478
AT4G00232.1	588	389	0	0
AT3G23490.3	1174	975	77.0768	25.832
AT3G23490.2	1149	950	74.9232	25.771
AT3G23490.1	1333	1134	0	0
AT1G16270.1	4179	3980	61.7054	5.06616
AT1G16270.2	4343	4144	14.1433	1.11525
AT1G16270.3	4050	3851	103.81	8.80851
AT4G08410.1	2347	2148	84.5709	12.8655
AT4G08410.2	741	542	12.0391	7.25828
AT5G64790.1	1883	1684	1	0.194042
AT5G15950.2	1881	1682	150.391	29.2169
AT5G15950.1	1750	1551	2254.8	475.045
AT4G35360.2	1419	1220	114	30.534
AT4G35360.3	1369	1170	0	0
AT4G35360.1	1601	1402	0	0
AT2G16430.1	1632	1433	152.274	34.7231
AT2G16430.2	1844	1645	81.726	16.2343
AT3G46020.1	635	436	17	12.7409
AT4G19700.1	1248	1049	17	5.29556
AT1G80180.1	1127	928	85	29.9302
AT5G06290.2	1348	1149	12.3216	3.50417
AT5G06290.1	1336	1137	713.678	205.107
AT1G14900.1	1278	1079	166	50.2719
AT3G25520.2	999	800	263.281	107.539
AT3G25520.3	1456	1257	14.9333	3.88203
AT3G25520.1	1340	1141	2349.02	672.728
AT3G57990.1	1939	1740	188.148	35.3338
ATMG00300.1	438	239	0	0
AT1G13460.2	2117	1918	0	0
AT1G13460.1	2036	1837	91	16.1872
AT1G48840.1	2638	2439	37	4.95711
AT5G56490.1	1859	1660	7	1.37793
AT1G22040.1	1999	1800	55	9.98455
AT5G56820.1	1308	1109	0	0
AT2G43060.1	1204	1005	27	8.77882
AT1G68750.1	3368	3169	0	0
AT3G63088.1	385	186	1	1.75681
AT1G22065.1	770	571	18	10.3009
AT5G55990.1	1483	1284	68	17.3054
AT5G55990.2	1445	1246	0	0
AT2G38195.2	1652	1453	0	0
AT2G38195.1	1712	1513	0	0
AT4G33910.1	1476	1277	57	14.5855
AT2G07340.1	806	607	38.2468	20.5894
AT2G07340.2	607	408	55.7532	44.6527
AT3G20870.3	1230	1031	0.25327	0.080272
AT3G20870.1	1374	1175	112.747	31.3548
AT3G20870.2	1577	1378	0	0
AT3G03580.1	2917	2718	17	2.0438
AT3G60940.1	1068	869	3	1.12808
AT3G60940.2	1083	884	0	0
AT1G61795.1	956	757	17	7.33823
AT1G05320.2	2639	2440	47.6011	6.37479
AT1G05320.8	2670	2471	0	0
AT1G05320.5	3036	2837	0	0
AT1G05320.3	2842	2643	2.27127e-08	2.80808e-09
AT1G05320.4	2800	2601	2.20134	0.276558
AT1G05320.9	2930	2731	0	0
AT1G05320.1	2794	2595	31.1975	3.92845
AT1G05320.6	2902	2703	0	0
AT1G05320.7	2824	2625	0	0
AT4G12890.1	984	785	0	0
AT2G19880.1	2140	1941	103.624	17.445
AT2G19880.2	2435	2236	83.3763	12.1845
AT2G26590.2	1397	1198	50.2107	13.6955
AT2G26590.4	1171	972	40.1061	13.4829
AT2G26590.3	1693	1494	18.6832	4.08638
AT2G26590.1	1658	1459	0	0
AT4G05170.3	969	770	0	0
AT4G05170.2	1075	876	0	0
AT4G05170.6	918	719	0	0
AT4G05170.7	831	632	2	1.03407
AT4G05170.5	959	760	0	0
AT4G05170.1	1163	964	0	0
AT4G05170.4	1136	937	0	0
AT1G11125.1	1181	982	4	1.33103
AT5G42600.1	2669	2470	1	0.132294
AT5G14350.1	726	527	5	3.10026
AT3G45590.2	979	780	0	0
AT3G45590.1	1056	857	10	3.81292
AT4G34220.1	2868	2669	163	19.9562
AT1G59550.1	924	725	0	0
AT1G32650.1	194	14.6185	0	0
AT3G49200.1	1700	1501	0	0
AT5G18950.1	1811	1612	30	6.08127
AT1G59810.1	949	750	1	0.435689
AT2G20590.2	1670	1471	0	0
AT2G20590.1	1662	1463	13.5463	3.02562
AT2G20590.3	1446	1247	6.4537	1.69115
AT4G08450.1	3797	3598	7.99998	0.726551
AT4G08450.2	3838	3639	1.79432e-05	1.61122e-06
AT4G00342.1	180	11.1077	0	0
AT4G00980.1	1729	1530	26	5.55291
AT1G33280.1	1180	981	8	2.66477
AT3G46360.1	594	395	0	0
AT4G39070.1	1422	1223	5	1.33592
AT3G22935.1	474	275	0	0
AT1G52070.2	1383	1184	34.539	9.53228
AT1G52070.1	1304	1105	26.1682	7.73838
AT3G06200.1	1446	1247	68	17.8189
AT2G34925.1	740	541	1	0.604006
AT4G10090.1	1190	991	35	11.5407
AT5G07390.1	3062	2863	45	5.13605
AT5G07390.2	2714	2515	0	0
AT5G06700.1	2794	2595	262	32.9915
AT1G63850.1	2211	2012	164	26.6351
AT5G27640.2	2536	2337	540.857	75.6245
AT5G27640.3	2805	2606	55.4796	6.9566
AT5G27640.1	2859	2660	35.6989	4.38542
AT2G32250.5	3324	3125	0	0
AT2G32250.6	3137	2938	0	0
AT2G32250.2	3007	2808	0	0
AT2G32250.8	2699	2500	0	0
AT2G32250.1	3233	3034	0	0
AT2G32250.4	3169	2970	0	0
AT2G32250.3	3122	2923	49.7532	5.56199
AT2G32250.7	2887	2688	11.2468	1.36722
AT5G46090.1	645	446	9	6.59396
AT2G31110.3	1411	1212	0	0
AT2G31110.1	933	734	6.76667	3.01243
AT2G31110.2	1473	1274	21.2333	5.44612
AT2G17590.1	2205	2006	2	0.32579
AT1G32860.1	1791	1592	31	6.36293
AT1G47389.1	812	613	0	0
AT5G04740.2	863	664	141.259	69.5164
AT5G04740.1	1867	1668	201.741	39.5217
AT4G31820.2	3580	3381	0	0
AT4G31820.1	2984	2785	97	11.3811
AT5G43620.1	1518	1319	16.4019	4.06337
AT1G02790.1	1686	1487	0	0
AT4G21840.1	878	679	0	0
AT3G55240.1	1456	1257	34	8.83857
AT1G09220.1	1675	1476	6	1.32832
AT1G30320.1	2084	1885	61	10.5744
AT3G02460.2	1836	1637	42.8244	8.54833
AT3G02460.3	2189	1990	12.4043	2.03683
AT3G02460.4	2027	1828	0	0
AT3G02460.1	2191	1992	7.7713	1.2748
AT3G02460.5	2022	1823	0	0
AT5G41500.1	1212	1013	0	0
AT4G03157.1	189	13.1915	0	0
AT5G46620.1	1044	845	41	15.855
AT4G10770.2	2741	2542	75.992	9.76857
AT4G10770.1	2708	2509	74.008	9.63865
AT5G52200.1	887	688	67.5916	32.1028
AT5G52200.3	1634	1435	11.5493	2.62992
AT5G52200.2	1137	938	2.85914	0.996027
AT5G59770.1	1032	833	92	36.0895
AT5G14390.1	1634	1435	83.2168	18.9495
AT5G03240.3	1589	1390	8.50894	2.00032
AT5G03240.2	1544	1345	14.4073	3.50024
AT5G03240.1	1479	1280	1415.36	361.322
AT4G21820.2	4178	3979	0	0
AT4G21820.3	4071	3872	32	2.70055
AT4G21820.1	4005	3806	6.52104e-07	5.59869e-08
AT4G25130.1	1157	958	585	199.539
AT5G22545.1	703	504	0	0
AT4G38560.2	1791	1592	0.843958	0.173227
AT4G38560.1	1787	1588	15.156	3.1187
AT5G10830.1	1207	1008	57	18.4779
AT5G15290.1	893	694	1	0.470846
AT4G24580.2	3056	2857	12	1.37249
AT4G24580.1	3171	2972	0	0
AT4G24580.3	2987	2788	0	0
AT2G41410.1	1290	1091	431	129.089
AT2G41700.2	5900	5701	0	0
AT2G41700.1	6106	5907	174	9.62544
AT2G24170.1	2427	2228	95	13.9331
AT2G24170.2	2335	2136	0	0
AT3G61770.1	1266	1067	139	42.5685
AT1G03170.1	2309	2110	5	0.77433
AT2G47260.1	1909	1710	22	4.20402
AT4G17520.1	1561	1362	1033	247.834
AT2G03821.1	904	705	0	0
AT2G24550.1	1378	1179	31	8.59184
AT3G53960.1	2193	1994	19	3.11363
AT1G68340.3	1373	1174	3.23265	0.899766
AT1G68340.2	1394	1195	0	0
AT1G68340.1	1323	1124	10.7673	3.13026
AT5G18065.2	1364	1165	6.36612	1.78561
AT5G18065.1	1274	1075	0	0
AT5G18065.3	1181	982	8.34646	2.77734
AT5G26360.1	2313	2114	756	116.857
AT3G17640.1	1790	1591	85	17.4577
AT4G13290.1	2336	2137	6	0.917456
AT2G32630.1	1929	1730	12	2.26659
AT3G27770.1	1480	1281	229.697	58.5927
AT3G27770.2	1190	991	134.935	44.4927
AT4G08190.1	384	185	0	0
AT1G06060.2	1220	1021	13.0856	4.18801
AT1G06060.1	1117	918	51.9144	18.4792
AT2G25160.1	1897	1698	27.8453	5.35862
AT2G25160.2	2102	1903	7.15468	1.22854
AT5G44730.2	1123	924	33.1571	11.7258
AT5G44730.1	1213	1014	8.8429	2.84967
AT5G03040.1	2410	2211	10.0963	1.49215
AT5G03040.3	1891	1692	186.818	36.0792
AT5G03040.2	1904	1705	407.085	78.0189
AT5G06811.1	1761	1562	23	4.81155
AT1G20300.1	1907	1708	64	12.2442
AT3G57540.1	1423	1224	7	1.86877
AT1G65760.1	1089	890	0	0
AT2G12475.1	411	212	0	0
AT2G29060.2	2646	2447	24	3.20491
AT2G29060.1	2584	2385	2.54664e-08	3.48914e-09
AT4G36590.1	994	795	0	0
AT1G20800.1	1263	1064	0	0
AT2G19420.1	435	236	0	0
AT4G39010.2	1868	1669	0	0
AT4G39010.1	1920	1721	21	3.98728
AT4G26960.1	725	526	20	12.4246
AT5G14995.1	306	107	0	0
AT2G39530.1	955	756	109	47.1132
AT3G13830.1	1134	935	0	0
AT1G68320.1	1324	1125	0	0
AT2G30710.1	1880	1681	98	19.0501
AT5G26262.1	108	4.54805	0	0
AT4G21560.3	1789	1590	12.029	2.47212
AT4G21560.1	1454	1255	15.7316	4.09606
AT4G21560.2	1255	1056	38.2395	11.8328
AT1G06800.1	1912	1713	45.6388	8.70593
AT1G06800.2	1831	1632	0	0
AT5G41570.1	891	692	5	2.36103
AT5G62580.2	2565	2366	138.998	19.1969
AT5G62580.1	2588	2389	0.00208829	0.000285636
AT1G63550.1	1440	1241	0	0
AT5G44660.1	1567	1368	64.6685	15.447
AT5G44660.2	1537	1338	11.3315	2.76738
AT2G13555.1	120	5.05223	0	0
AT2G41945.1	874	675	28.4953	13.7946
AT2G41945.3	934	735	0	0
AT2G41945.2	820	621	19.5047	10.2633
AT2G27670.1	882	683	0	0
AT5G50280.1	2677	2478	65	8.57137
AT5G19740.1	2322	2123	70	10.7742
AT1G68230.2	929	730	25.4424	11.3887
AT1G68230.1	556	357	1.55764	1.42573
AT1G72880.2	1645	1446	37.8065	8.5435
AT1G72880.1	1738	1539	66.1935	14.0545
AT3G18680.2	1249	1050	0	0
AT3G18680.1	1322	1123	287	83.5104
AT1G33607.1	323	124	0	0
AT4G15890.1	4385	4186	33	2.57604
AT4G15890.2	4306	4107	1.29843e-05	1.03308e-06
AT5G04900.1	1400	1201	74	20.1339
AT3G12610.1	1673	1474	435	96.434
AT1G21326.1	1231	1032	0	0
AT3G22800.1	1938	1739	61	11.4622
AT5G53310.1	1127	928	91	32.0429
AT5G53310.2	860	661	0	0
AT2G46640.2	1152	953	0	0
AT2G46640.3	1311	1112	0	0
AT2G46640.4	1240	1041	0	0
AT2G46640.1	1127	928	19	6.69028
AT4G09810.2	1258	1059	0	0
AT4G09810.3	884	685	7.1481	3.40987
AT4G09810.1	1446	1247	20.8519	5.46409
AT4G12640.3	4425	4226	0	0
AT4G12640.2	5023	4824	17.3535	1.17549
AT4G12640.4	3858	3659	1.62002e-05	1.44676e-06
AT4G12640.1	2869	2670	114.646	14.031
AT5G65600.1	2633	2434	2	0.268502
AT2G33205.8	1620	1421	0	0
AT2G33205.3	1673	1474	0	0
AT2G33205.5	1745	1546	0	0
AT2G33205.6	1710	1511	0	0
AT2G33205.1	1403	1204	0	0
AT2G33205.9	1348	1149	3.22124	0.916097
AT2G33205.7	1697	1498	0	0
AT2G33205.2	1687	1488	8.77876	1.92783
AT2G33205.4	1817	1618	0	0
AT1G34630.5	1125	926	12.533	4.42266
AT1G34630.1	1793	1594	28.2274	5.78657
AT1G34630.3	1679	1480	3.75666	0.829428
AT1G34630.4	1601	1402	0	0
AT1G34630.2	1775	1576	7.48289	1.5515
AT4G34030.1	2185	1986	133	21.8832
AT2G34610.1	1136	937	4	1.39495
AT5G42080.2	1669	1470	9.17114	2.03866
AT5G42080.4	2559	2360	139.57	19.3249
AT5G42080.3	2366	2167	568.549	85.7329
AT5G42080.1	2690	2491	39.7096	5.20907
AT5G06460.1	3507	3308	190	18.7684
AT2G31910.3	2310	2111	0	0
AT2G31910.2	3132	2933	0	0
AT2G31910.1	2499	2300	0	0
AT5G26950.1	892	693	0	0
AT1G19620.1	954	755	5.03811	2.18052
AT3G56320.1	2571	2372	29	3.99504
AT3G56320.6	2048	1849	0	0
AT3G56320.3	2206	2007	0	0
AT3G56320.7	1961	1762	0	0
AT3G56320.2	2229	2030	0	0
AT3G56320.5	2088	1889	0	0
AT3G56320.4	2089	1890	0	0
AT4G29037.1	506	307	0	0
AT1G25180.1	1827	1628	13.7086	2.75154
AT4G13010.1	1349	1150	384	109.112
AT5G54030.1	1942	1743	5.26485	0.987022
AT5G10180.1	2560	2361	414	57.2984
AT3G21610.1	1162	963	34.1392	11.5842
AT3G21610.2	883	684	21.8608	10.4436
AT4G38130.1	1932	1733	591	111.436
AT4G38130.2	1974	1775	0	0
AT1G58360.1	1899	1700	244	46.9007
AT3G07565.3	1324	1125	0.176968	0.0514021
AT3G07565.2	1435	1236	0	0
AT3G07565.1	1389	1190	52.823	14.5049
AT3G07565.4	1246	1047	0	0
AT3G10360.1	3757	3558	181.659	16.6836
AT1G68905.1	288	89.0004	0	0
AT4G30080.1	2514	2315	72	10.163
AT5G25340.1	1326	1127	0	0
AT1G63530.1	1956	1757	0	0
AT1G63530.2	2189	1990	0	0
AT1G63530.3	2077	1878	0	0
AT1G63530.4	1844	1645	10	1.98643
AT1G77650.1	1152	953	0	0
AT3G26180.2	1390	1191	0.361566	0.0992006
AT3G26180.1	2004	1805	17.6384	3.19316
AT5G51410.2	2342	2143	9.76895	1.48958
AT5G51410.1	2163	1964	65.2797	10.8611
AT5G51410.4	2453	2254	0	0
AT5G51410.3	1865	1666	0.220655	0.0432791
AT5G51410.5	1858	1659	27.7306	5.462
AT2G41040.1	1389	1190	140	38.4432
AT3G01240.1	943	744	0	0
AT5G61460.1	3676	3477	32	3.00735
AT4G01960.3	1564	1365	0.641293	0.153519
AT4G01960.1	1651	1452	61.114	13.7535
AT4G01960.2	1906	1707	5.24469	1.00398
AT5G46170.1	1870	1671	104	20.3374
AT3G27640.1	1827	1628	22	4.41577
AT3G27640.2	1925	1726	0	0
AT2G37140.1	510	311	0	0
AT4G35733.1	1181	982	0	0
AT3G46720.1	1848	1649	26	5.15218
AT2G16586.1	1135	936	323.484	112.932
AT3G53640.1	1929	1730	1.0343	0.195362
AT5G54140.1	1680	1481	23	5.07471
AT1G07470.1	1508	1309	92.687	23.1375
AT1G07470.2	1690	1491	0	0
AT4G38213.1	721	522	0	0
AT1G60410.1	1575	1376	0	0
AT2G15110.1	1752	1553	0	0
AT1G35470.1	1668	1469	37.7772	8.40323
AT1G35470.2	2054	1855	19.2228	3.38619
AT2G15230.1	1621	1422	39	8.96197
AT5G37210.1	2199	2000	7	1.14368
AT1G30660.1	1014	815	2	0.801883
AT1G30660.2	1178	979	0	0
AT1G30660.3	1205	1006	0	0
AT5G25530.1	1064	865	0	0
AT5G25530.2	1588	1389	0	0
AT5G39690.1	885	686	0	0
AT1G71420.1	2314	2115	4	0.617999
AT1G35340.7	1277	1078	0	0
AT1G35340.4	1184	985	15.006	4.97814
AT1G35340.1	1240	1041	54.6732	17.1618
AT1G35340.2	1306	1107	10.6085	3.13146
AT1G35340.6	1343	1144	0	0
AT1G35340.3	1373	1174	25.2445	7.02645
AT1G35340.5	1360	1161	17.4678	4.91637
AT3G62390.1	1929	1730	30.7216	5.80279
AT3G62390.2	2009	1810	13.2784	2.3972
AT3G45560.1	1512	1313	0	0
AT5G02100.3	1538	1339	31.0172	7.56939
AT5G02100.1	1983	1784	0	0
AT5G02100.2	1810	1611	28.9828	5.87872
AT2G06667.1	189	13.1915	0	0
AT4G33260.1	1940	1741	64.4815	12.1025
AT4G33260.2	1724	1525	58.8337	12.6065
AT3G23010.2	2420	2221	2	0.294252
AT3G23010.1	2460	2261	0	0
AT3G43153.1	510	311	0	0
AT4G23790.1	1781	1582	50	10.3277
AT5G17820.1	1383	1184	168.378	46.47
AT5G17820.2	1390	1191	135.622	37.2097
AT1G27700.1	1579	1380	49.9892	11.8368
AT1G55800.1	1036	837	0	0
AT2G25940.1	1796	1597	13	2.65997
AT5G63780.1	1709	1510	122.105	26.4237
AT5G63780.2	2109	1910	2.89528	0.495331
AT4G37920.1	1693	1494	121	26.4651
AT1G08985.1	462	263	0	0
AT5G55570.1	1003	804	13	5.28355
AT5G55570.2	1089	890	0	0
AT1G60995.1	2333	2134	80	12.2499
AT1G68400.1	2713	2514	96	12.478
AT1G73400.1	2249	2050	14	2.23158
AT1G32928.1	653	454	8	5.75801
AT1G70740.2	1833	1634	28.5476	5.70895
AT1G70740.1	1917	1718	20.4524	3.89008
AT5G64280.1	2144	1945	116.129	19.5101
AT2G13560.1	2250	2051	573	91.2909
AT3G02720.1	1556	1357	171	41.177
AT1G02650.1	1824	1625	5	1.00544
AT1G02650.2	1916	1717	0	0
AT3G54140.1	2297	2098	77.227	12.0282
AT3G54140.2	1971	1772	144.773	26.697
AT2G36190.1	2404	2205	0	0
AT2G03630.2	871	672	0	0
AT2G03630.1	1095	896	0	0
AT5G34850.1	2583	2384	513	70.3152
AT5G22660.2	1582	1383	0	0
AT5G22660.1	1673	1474	4	0.886749
AT4G15750.1	767	568	1	0.575294
AT2G44560.1	1712	1513	0	0
AT1G06220.1	3447	3248	445.353	44.8051
AT1G06220.3	3473	3274	35.7276	3.56586
AT1G06220.2	3580	3381	1.71747e-08	1.6599e-09
AT1G43040.2	739	540	0	0
AT1G43040.1	315	116	0	0
AT1G78380.1	1120	921	2167	768.843
AT5G07630.1	2024	1825	16.0088	2.86638
AT5G07630.2	1796	1597	41.9912	8.59196
AT3G08636.1	180	11.1077	0	0
AT3G55605.1	1000	801	39	15.91
AT4G34950.1	2275	2076	307	48.3225
ATCG00170.1	4131	3932	64	5.31869
AT4G39850.1	4864	4665	291.161	20.3948
AT4G39850.4	5268	5069	11.7267	0.755947
AT4G39850.2	4804	4605	36.1126	2.56252
AT4G39850.3	4982	4783	0	0
AT1G49100.1	2686	2487	2	0.26278
AT2G42760.1	1597	1398	20	4.67478
AT1G35400.1	621	422	0	0
AT3G15370.2	1131	932	0	0
AT3G15370.1	1067	868	11	4.14106
AT3G07570.1	1391	1192	81	22.2048
AT1G11100.4	4097	3898	3.57299	0.299522
AT1G11100.5	3262	3063	0	0
AT1G11100.2	4072	3873	5.25768	0.443593
AT1G11100.1	3982	3783	18.1684	1.56934
AT1G11100.3	4125	3926	0.000964982	8.03169e-05
AT1G68825.1	528	329	5	4.96607
AT1G68825.2	382	183	0	0
AT4G13750.1	8446	8247	93	3.6849
AT3G13340.1	2198	1999	166.911	27.2842
AT3G13340.3	1984	1785	0	0
AT3G13340.2	2672	2473	5.08872	0.672393
AT3G20620.1	1983	1784	57	10.4404
AT5G41025.1	594	395	0	0
AT1G17930.2	2268	2069	0	0
AT1G17930.1	1993	1794	38	6.92149
AT3G21980.1	717	518	0	0
AT1G70985.1	614	415	70	55.1173
AT1G48260.2	2705	2506	0	0
AT1G48260.1	1819	1620	27.5978	5.56671
AT1G48260.4	2469	2270	0	0
AT1G48260.3	1861	1662	0	0
AT1G48260.5	2187	1988	5.40217	0.887954
AT4G18390.1	1897	1698	150.128	28.891
AT4G18390.2	1569	1370	95.872	22.867
AT4G22510.2	680	481	63.9404	43.4379
AT4G22510.1	563	364	224.863	201.862
AT4G24300.1	438	239	0	0
AT1G55805.1	874	675	58	28.0778
AT5G65730.1	1470	1271	385	98.9814
AT4G16540.4	693	494	0	0
AT4G16540.3	1030	831	3.12633	1.22934
AT4G16540.1	822	623	0	0
AT4G16540.2	2599	2400	11.1875	1.52321
AT3G22565.1	1592	1393	4.56196e-06	1.07013e-06
AT3G22565.2	1576	1377	2.62343	0.622549
AT1G56040.1	1263	1064	0	0
AT1G76470.1	1421	1222	3	0.802211
AT5G67060.1	1176	977	0	0
AT5G67060.2	1165	966	7	2.36788
AT3G16530.1	1194	995	89.2321	29.3046
AT1G75780.1	1802	1603	125.031	25.4872
AT4G14110.1	884	685	77	36.7315
AT1G15640.1	1171	972	2	0.67236
AT1G15640.2	1260	1061	0	0
AT5G48300.1	1898	1699	884	170.019
AT1G67530.2	2890	2691	0	0
AT1G67530.3	1867	1668	0	0
AT1G67530.1	2796	2597	34.6267	4.35689
AT1G67530.4	2421	2222	34.3733	5.05494
AT5G65165.2	1238	1039	0	0
AT5G65165.1	1158	959	0	0
AT3G45940.1	2607	2408	0	0
AT5G45775.1	828	629	106.633	55.3961
AT5G45775.2	924	725	604.167	272.306
AT3G02885.2	807	608	15.3653	8.25802
AT3G02885.1	863	664	48.6347	23.9341
AT2G17150.5	3991	3792	12.2213	1.05314
AT2G17150.4	4015	3816	10.9029	0.93362
AT2G17150.1	3665	3466	31.572	2.97654
AT2G17150.3	4292	4093	0	0
AT2G17150.2	2316	2117	14.2105	2.19344
AT2G17150.6	3574	3375	39.0934	3.78502
AT1G22050.1	909	710	33	15.1878
AT5G33393.1	1308	1109	0	0
AT2G26050.1	666	467	0	0
AT4G00180.2	1382	1183	112.971	31.2046
AT4G00180.1	1469	1270	13.0294	3.35243
AT4G03500.2	2300	2101	29.328	4.56136
AT4G03500.1	2320	2121	0	0
AT4G03500.3	2105	1906	4.70461	0.806565
AT4G29790.1	4588	4389	134	9.97649
AT5G50870.1	1025	826	102	40.3514
AT5G50870.2	1013	814	0	0
AT5G16060.1	602	403	39	31.6226
AT1G70270.2	666	467	3.8595	2.70055
AT1G70270.1	545	346	6.1405	5.79917
AT1G30210.2	1573	1374	29.514	7.01908
AT1G30210.1	1700	1501	86.486	18.828
AT3G26130.2	3637	3438	0	0
AT3G26130.3	1873	1674	4	0.780806
AT3G26130.1	1656	1457	0	0
AT1G01240.4	1461	1262	0	0
AT1G01240.3	2122	1923	4.41055	0.749466
AT1G01240.1	1497	1298	11.1339	2.80291
AT1G01240.5	1932	1733	0	0
AT1G01240.2	1686	1487	1.45559	0.319864
AT4G17840.1	1760	1561	319	66.7769
AT5G55860.1	2661	2462	97	12.8743
AT1G58520.4	3152	2953	40.6784	4.50131
AT1G58520.1	3125	2926	52.5271	5.86607
AT1G58520.7	2778	2579	199.812	25.3168
AT1G58520.3	1029	830	0	0
AT1G58520.6	3128	2929	0	0
AT1G58520.5	3234	3035	142.435	15.3354
AT1G58520.2	3189	2990	76.5477	8.36564
AT5G05430.1	486	287	2	2.27712
AT5G05430.2	620	421	0	0
AT5G05430.3	492	293	0	0
AT1G55945.1	432	233	0	0
AT3G11720.4	2200	2001	12.1273	1.98041
AT3G11720.3	1870	1671	44.8727	8.77494
AT3G11720.1	2076	1877	0	0
AT3G11720.2	2183	1984	0	0
AT4G26280.1	945	746	0	0
AT4G25640.2	1760	1561	182.895	38.2858
AT4G25640.3	2094	1895	44.1456	7.61231
AT4G25640.1	2020	1821	650.959	116.811
AT2G01950.1	3701	3502	185	17.2621
AT3G01331.1	465	266	0	0
AT4G25410.1	1228	1029	0	0
AT2G07741.1	1158	959	0	0
AT2G38090.1	1913	1714	25.6925	4.89818
AT1G48540.3	3630	3431	0	0
AT1G48540.1	3556	3357	94	9.14987
AT1G48540.2	3436	3237	0	0
AT2G30770.1	1494	1295	1.06958	0.269888
AT3G53770.1	375	176	0	0
AT3G53770.2	608	409	0	0
AT4G16890.3	4321	4122	19.3783	1.53619
AT4G16890.4	4208	4009	0.0506443	0.00412794
AT4G16890.2	4367	4168	0	0
AT4G16890.1	4897	4698	300.37	20.8921
AT4G16890.5	4287	4088	273.165	21.8349
AT2G44993.1	1179	980	0	0
AT5G55080.1	669	470	0	0
AT3G19400.1	1443	1244	26.9521	7.07964
AT3G19400.2	1378	1179	16.0479	4.44777
AT1G76720.1	4189	3990	8.90625	0.729391
AT1G76720.2	3741	3542	2.59146	0.239075
AT2G01340.1	930	731	8	3.57611
AT1G73690.1	1802	1603	26	5.30003
AT4G02820.1	2079	1880	108	18.7717
AT2G41840.1	1330	1131	2676	773.147
AT2G19640.1	1457	1258	34.75	9.02636
AT2G19640.2	1729	1530	56.25	12.0135
AT1G63220.1	935	736	58.3612	25.911
AT1G63220.2	708	509	20.6388	13.2496
AT2G03340.1	2202	2003	63	10.2777
AT2G28260.1	2714	2515	7.37537	0.958261
AT2G28260.2	2373	2174	23.6246	3.55094
AT1G24450.1	1172	973	28	9.40337
AT5G11010.4	1651	1452	3.96496	0.8923
AT5G11010.2	1561	1362	69.035	16.5627
AT5G11010.1	1571	1372	0	0
AT5G11010.3	1661	1462	0	0
AT5G65850.1	1345	1146	5	1.42569
AT2G29720.1	1629	1430	14.2504	3.25634
AT3G51190.1	870	671	0	0
AT2G35420.1	978	779	7	2.93629
AT1G71750.2	831	632	15.5569	8.04347
AT1G71750.1	761	562	8.44314	4.90915
AT1G23270.1	543	344	0	0
AT1G11380.1	1438	1239	25	6.59336
AT2G34290.1	805	606	0	0
AT4G12900.1	1138	939	5	1.73997
AT1G71900.1	1802	1603	77	15.6962
AT1G71900.2	1973	1774	0	0
AT3G57560.1	1554	1355	175	42.2024
AT2G41440.2	999	800	6.08767	2.48656
AT2G41440.3	1582	1383	26.7097	6.31081
AT2G41440.1	1738	1539	0	0
AT2G41440.4	1737	1538	0	0
AT3G59160.1	1444	1245	0	0
AT1G23230.2	5038	4839	171.04	11.55
AT1G23230.1	4889	4690	0	0
AT1G23230.3	5050	4851	9.95977	0.670898
AT1G17370.1	1878	1679	262.8	51.1462
AT1G17370.2	1763	1564	101.2	21.1438
AT5G28490.1	1294	1095	30	8.95252
AT4G13240.1	1965	1766	0	0
AT3G17010.1	1262	1063	1	0.307401
AT3G17040.1	2246	2047	163.58	26.1126
AT3G17040.3	3041	2842	89.1643	10.2519
AT3G17040.4	2153	1954	0	0
AT3G17040.2	2054	1855	201.256	35.4522
AT4G21534.1	1867	1668	34.8954	6.83613
AT4G21534.2	1628	1429	6.1046	1.39593
AT2G41705.3	1984	1785	6.66045	1.21928
AT2G41705.2	1883	1684	0	0
AT2G41705.4	1716	1517	18.2036	3.92111
AT2G41705.1	1841	1642	13.136	2.61414
AT5G40020.1	1110	911	18	6.45643
AT2G30940.1	1356	1157	0.0483071	0.0136432
AT2G30940.2	1362	1163	0.000127407	3.57976e-05
AT2G30940.3	1353	1154	0.951565	0.269446
AT5G63150.1	783	584	85	47.5603
AT4G30880.1	445	246	1	1.32832
AT1G64130.1	590	391	0	0
AT1G04790.1	2751	2552	120.592	15.4411
AT5G62270.2	1749	1550	113.336	23.8933
AT5G62270.1	2071	1872	54.6636	9.5418
AT5G17345.1	378	179	0	0
AT1G24145.1	1026	827	1	0.395123
AT5G02830.1	2855	2656	373	45.8901
AT4G24450.2	4400	4201	0	0
AT4G24450.1	4202	4003	17	1.38772
AT4G24450.3	4415	4216	0	0
AT2G45060.1	1387	1188	82	22.5546
AT1G70590.1	1622	1423	53	12.1705
AT1G72510.1	1481	1282	195.799	49.907
AT1G72510.2	1239	1040	105.201	33.054
AT3G48900.3	2053	1854	0	0
AT3G48900.2	1953	1754	15	2.79447
AT3G48900.1	2187	1988	0	0
AT1G33480.1	1525	1326	21	5.17504
AT3G52360.1	948	749	138	60.2054
AT1G24300.2	4869	4670	0.000551175	3.85666e-05
AT1G24300.3	4886	4687	0	0
AT1G24300.1	4884	4685	223.039	15.5564
AT4G23370.1	1458	1259	0	0
AT2G39130.3	1736	1537	0	0
AT2G39130.2	2127	1928	5.42947	0.920213
AT2G39130.1	2107	1908	119.571	20.4778
AT5G06040.1	336	137	0	0
AT3G42570.1	494	295	0	0
AT3G32030.1	2059	1860	15	2.63522
AT4G27950.1	1454	1255	30	7.81117
AT4G24780.2	1599	1400	189.141	44.1464
AT4G24780.1	1848	1649	370.859	73.4898
AT3G13410.1	1678	1479	637	140.737
AT5G39420.1	2558	2359	4	0.554077
AT3G58310.1	1055	856	0	0
AT2G16225.1	267	68.0268	0	0
AT1G15215.3	1082	883	17	6.2911
AT1G15215.4	847	648	0	0
AT1G15215.1	544	345	0	0
AT1G15215.2	1110	911	0	0
AT1G05580.1	2972	2773	0	0
AT1G05580.2	2879	2680	0	0
AT5G06200.1	1016	817	10	3.9996
AT1G59820.1	4299	4100	127	10.1218
AT1G68280.1	805	606	0	0
AT1G45170.2	853	654	0	0
AT1G45170.1	1026	827	38	15.0147
AT1G62810.1	3012	2813	93	10.8032
AT3G50740.1	1998	1799	403	73.2002
AT2G20080.1	1051	852	2.7049	1.03741
AT2G20080.3	1390	1191	0	0
AT2G20080.2	970	771	3.2951	1.39654
AT3G19600.1	1872	1673	0	0
AT1G73470.2	1981	1782	21.7317	3.98496
AT1G73470.3	1243	1044	54.2683	16.9857
AT1G73470.1	1869	1670	0	0
AT5G57980.1	812	613	12	6.39675
AT4G33560.1	765	566	53	30.5983
AT5G42910.1	1448	1249	0	0
AT3G06290.3	4714	4515	8.77387e-05	6.34997e-06
AT3G06290.1	5175	4976	0	0
AT3G06290.2	5437	5238	68.3061	4.2612
AT3G06290.4	3980	3781	78.6939	6.801
AT1G56300.1	1725	1526	4.72239	1.01122
AT1G56300.2	1120	921	0	0
AT3G24240.1	4042	3843	112	9.52327
AT2G30920.1	1406	1207	34.1395	9.24247
AT2G30920.2	1512	1313	14.8605	3.69835
AT5G01015.2	325	126	6.44269	16.7084
AT5G01015.1	532	333	31.7783	31.1835
AT1G64290.1	1367	1168	0	0
AT4G33100.1	660	461	19	13.4676
AT5G66815.1	638	439	5	3.72172
AT1G33080.2	1828	1629	0	0
AT1G33080.1	1780	1581	52	10.7476
AT3G19330.2	1411	1212	0	0
AT3G19330.3	1355	1156	4.19401	1.18552
AT3G19330.4	1231	1032	6.80599	2.15501
AT3G19330.1	1571	1372	0	0
AT5G06940.1	2809	2610	22.1796	2.77685
AT5G47450.1	1169	970	17	5.72685
AT3G61500.1	846	647	0	0
AT3G61500.2	951	752	0	0
AT5G65250.1	1268	1069	68	20.7859
AT2G47220.1	2062	1863	24.8095	4.35154
AT4G13345.1	2083	1884	38.4952	6.67673
AT4G13345.3	2247	2048	12.4881	1.99253
AT4G13345.2	1940	1741	0.0166899	0.00313252
AT4G13345.5	2027	1828	0	0
AT4G13345.6	2429	2230	0	0
AT4G13345.4	1735	1536	0	0
AT4G13345.7	2550	2351	0	0
AT5G21274.1	818	619	192	101.356
AT2G32000.1	3182	2983	36.091	3.95353
AT2G32000.2	2734	2535	52.909	6.82008
AT3G47400.1	2134	1935	20	3.37744
AT4G19810.2	1399	1200	114.717	31.2382
AT4G19810.1	1972	1773	9.28272	1.71082
AT3G59990.4	1844	1645	0	0
AT3G59990.3	1594	1395	201.859	47.2839
AT3G59990.1	1621	1422	4.22138	0.970049
AT3G59990.2	1761	1562	120.919	25.2961
AT5G57130.1	3651	3452	180	17.0388
AT4G02020.3	3354	3155	0	0
AT4G02020.1	2928	2729	136.681	16.366
AT4G02020.2	2958	2759	0	0
AT4G02020.4	3275	3076	6.31929	0.671305
AT4G09900.1	1486	1287	82.2439	20.8816
AT3G24510.1	539	340	0	0
AT4G11190.1	803	604	38	20.5582
AT2G02120.1	584	385	33	28.0086
AT5G16640.1	2097	1898	6	1.03298
AT1G04730.1	3201	3002	0	0
AT1G04730.4	3099	2900	10.7712	1.21368
AT1G04730.2	3114	2915	0.028847	0.00323371
AT1G04730.3	2562	2363	39.1999	5.42076
AT1G06700.1	1885	1686	144.136	27.9352
AT1G06700.3	2131	1932	11.3788	1.92454
AT1G06700.2	1933	1734	73.4857	13.8482
ATMG01290.1	336	137	0	0
AT2G23900.1	1844	1645	0	0
AT1G51300.2	1195	996	0	0
AT1G51300.1	582	383	0	0
AT1G51300.3	1097	898	0	0
AT4G27620.2	1406	1207	25.264	6.83963
AT4G27620.1	1492	1293	10.2604	2.59301
AT4G27620.3	1795	1596	6.47561	1.32583
AT5G62640.2	1886	1687	98.3718	19.0543
AT5G62640.1	2030	1831	0	0
AT5G62640.3	1964	1765	22.6282	4.18932
AT1G49770.1	1178	979	0	0
AT2G04410.1	615	416	200	157.1
AT5G45970.1	1045	846	5	1.93125
AT1G19396.1	470	271	0	0
AT1G19396.2	412	213	0	0
AT1G19396.3	476	277	0	0
AT5G05230.1	1652	1453	41	9.22055
AT5G21010.1	1671	1472	72	15.9832
AT3G54460.2	4155	3956	15.0009	1.23908
AT3G54460.1	4385	4186	90.9991	7.10356
AT1G05750.1	3226	3027	19.5546	2.11094
AT1G05750.2	2713	2514	0	0
AT3G26932.1	1952	1753	2.1889	0.40802
AT3G26932.3	2175	1976	35.9261	5.94102
AT3G26932.2	2079	1880	24.885	4.32532
AT2G01023.1	120	5.05223	0	0
AT3G30805.1	501	302	0	0
AT2G39390.1	737	538	366	222.299
AT4G26570.1	1229	1030	187	59.3257
AT4G26570.2	1414	1215	0	0
AT3G06370.3	2743	2544	0	0
AT3G06370.2	2841	2642	0	0
AT3G06370.1	2207	2008	17.8355	2.90242
AT3G06370.4	2223	2024	17.1645	2.77114
AT1G29440.1	602	403	22.8995	18.5677
AT3G23255.1	828	629	4.08116	2.12017
AT3G23255.2	929	730	8.91884	3.99231
AT1G72170.1	684	485	76	51.2047
AT5G13870.2	1922	1723	6.22022	1.17966
AT5G13870.1	1491	1292	28.7324	7.26689
AT5G13870.3	1645	1446	2.04734	0.462657
AT1G13825.1	712	513	0	0
AT1G13825.2	681	482	0	0
AT1G01090.1	1896	1697	947	182.35
AT3G25545.1	1209	1010	58	18.7648
AT3G29690.1	672	473	0	0
AT1G51080.1	1068	869	41	15.4171
AT4G03620.1	1029	830	0	0
AT4G03620.2	1399	1200	0	0
AT5G59480.4	1179	980	0	0
AT5G59480.2	1251	1052	0	0
AT5G59480.5	1121	922	29.6635	10.5131
AT5G59480.3	1324	1125	0	0
AT5G59480.1	1264	1065	189.337	58.0929
AT5G57620.1	1383	1184	9	2.48387
AT3G46613.1	609	410	1	0.796993
AT1G62420.1	1164	965	10	3.38619
AT5G43130.2	2747	2548	16.3506	2.09687
AT5G43130.1	2841	2642	139.376	17.2383
AT5G43130.3	3032	2833	14.2732	1.64632
AT1G22850.2	956	757	0	0
AT1G22850.1	1290	1091	490	146.761
AT3G14010.4	2102	1903	22.5062	3.86458
AT3G14010.2	2340	2141	58.5944	8.94288
AT3G14010.3	2317	2118	107.472	16.5809
AT3G14010.5	3009	2810	0	0
AT3G14010.1	2816	2617	11.4273	1.42685
AT3G16117.1	168	9.06081	0	0
AT3G29810.1	1706	1507	20	4.33666
AT3G60030.1	3634	3435	276	26.2555
AT5G38590.3	1288	1089	5.74627	1.72423
AT5G38590.2	1690	1491	22.2537	4.87712
AT5G38590.1	1766	1567	0	0
AT5G38590.4	1599	1400	0	0
AT5G39493.1	739	540	0	0
AT2G03250.2	2687	2488	0	0
AT2G03250.1	2636	2437	0	0
AT3G13870.1	3047	2848	385.444	44.2241
AT3G13870.2	2914	2715	257.556	30.9985
AT1G04710.1	1672	1473	65.1416	14.4509
AT4G28395.1	768	569	0	0
AT1G24010.1	636	437	0	0
AT5G10370.1	5635	5436	79.1893	4.7602
AT4G31110.2	2534	2335	0	0
AT4G31110.1	2735	2536	14.6827	1.89188
AT2G45830.3	2189	1990	0	0
AT2G45830.4	2082	1883	0	0
AT2G45830.1	2171	1972	25.3686	4.20366
AT2G45830.6	1889	1690	0	0
AT2G45830.2	2274	2075	9.25796	1.45793
AT2G45830.5	2176	1977	10.3735	1.71457
AT5G46320.1	539	340	0	0
AT5G51610.1	549	350	0	0
AT4G17486.2	1080	881	31.1566	11.5561
AT4G17486.1	1329	1130	40.8434	11.8109
AT5G59380.1	1089	890	22	8.07739
AT5G03210.2	877	678	1.98826	0.958255
AT5G03210.1	536	337	0.0117432	0.0113866
AT1G29005.1	351	152	0	0
AT4G11655.1	944	745	0	0
AT4G11655.2	1013	814	0	0
AT2G28970.1	2361	2162	7.58636	1.14661
AT2G28970.2	3050	2851	12.4136	1.42279
AT1G11450.3	1440	1241	31.4527	8.28179
AT1G11450.1	1468	1269	19.6534	5.06073
AT1G11450.2	1035	836	0.00207241	0.000810042
AT1G11450.4	1448	1249	0	0
AT1G11450.5	1148	949	8.74861	3.01239
AT2G46720.1	3113	2914	23.8573	2.67529
AT5G47730.2	1984	1785	7.30564	1.33739
AT5G47730.4	1374	1175	20.4405	5.6845
AT5G47730.1	1898	1699	34.8276	6.69837
AT5G47730.3	1322	1123	49.4262	14.3819
AT5G52860.1	2126	1927	84	14.2441
AT5G63660.1	690	491	27	17.9689
AT2G32540.1	2532	2333	118.462	16.5921
AT3G03120.2	1404	1205	0	0
AT3G03120.1	1316	1117	24	7.02096
AT5G14345.1	498	299	0	0
AT2G33740.1	828	629	17.3059	8.99044
AT2G33740.2	878	679	42.6941	20.5465
AT5G37730.1	820	621	0	0
AT1G21760.2	1305	1106	0	0
AT1G21760.1	1320	1121	69	20.1132
AT1G29630.1	2317	2118	7.35849	1.13528
AT1G29630.3	2666	2467	1.51932e-05	2.01241e-06
AT1G29630.2	2635	2436	30.6415	4.11028
AT1G48200.1	769	570	30	17.1983
AT1G18310.1	1950	1751	0	0
AT5G39200.1	675	476	0	0
AT4G28550.2	1988	1789	0	0
AT4G28550.3	1779	1580	0	0
AT4G28550.1	1795	1596	44	9.00862
AT3G16650.1	1887	1688	11.0998	2.14872
AT4G35460.1	1791	1592	123	25.2465
AT1G05291.1	724	525	0	0
AT1G63855.3	792	593	2.90222	1.59924
AT1G63855.1	945	746	3.14019	1.37548
AT1G63855.4	850	651	1.85581	0.931519
AT1G63855.6	936	737	4.65557	2.06416
AT1G63855.5	996	797	0	0
AT1G63855.2	832	633	2.44621	1.26278
AT5G23750.2	962	763	41.844	17.9204
AT5G23750.1	1212	1013	12.156	3.92121
AT5G23750.3	992	793	0	0
AT1G67900.5	2533	2334	0	0
AT1G67900.1	5099	4900	11.3379	0.75609
AT1G67900.3	2405	2206	118.132	17.4985
AT1G67900.6	2755	2556	74.5117	9.52581
AT1G67900.2	5558	5359	16.0186	0.976743
AT1G67900.4	3150	2951	0	0
AT2G36890.2	1305	1106	10.9505	3.23532
AT2G36890.1	1103	904	16.0495	5.80138
AT1G69200.1	1845	1646	131	26.0064
AT5G40490.2	1722	1523	37.0869	7.95717
AT5G40490.1	1763	1564	88.9131	18.5767
AT1G49990.1	1476	1277	11	2.81475
AT4G08770.1	1399	1200	83.212	22.6591
AT4G23840.1	2293	2094	38	5.92987
AT4G19050.1	3810	3611	13	1.1764
AT2G03980.2	1633	1434	0	0
AT2G03980.3	1434	1235	61	16.1399
AT2G03980.1	1526	1327	0	0
AT2G03980.4	1555	1356	0	0
AT2G28740.1	715	516	135	85.4914
AT4G14670.1	1872	1673	0	0
AT5G10030.5	1768	1569	8.68574	1.80893
AT5G10030.3	2375	2176	0	0
AT5G10030.1	1966	1767	23.3335	4.315
AT5G10030.4	2330	2131	0	0
AT5G10030.2	1534	1335	44.9808	11.0099
AT5G18720.3	2005	1806	0	0
AT5G18720.2	1967	1768	0	0
AT5G18720.1	1838	1639	0	0
AT2G21465.1	420	221	0	0
AT3G52070.2	548	349	7.10148	6.64908
AT3G52070.1	507	308	9.89852	10.5017
AT4G26220.1	1098	899	50	18.1739
AT2G25820.1	1050	851	2	0.76796
AT3G14970.1	663	464	0	0
AT3G52960.1	1162	963	939	318.623
AT5G37860.1	789	590	0	0
AT1G61450.1	881	682	7.85294	3.76258
AT2G02580.1	1693	1494	3	0.656159
AT2G47960.1	1815	1616	185	37.4084
AT1G14470.1	1666	1467	6	1.33647
AT3G55677.1	594	395	0	0
AT1G31310.1	1480	1281	27	6.88736
AT1G69960.1	1281	1082	147	44.3944
AT5G09950.3	2988	2789	0	0
AT5G09950.2	3064	2865	0	0
AT5G09950.1	3189	2990	4	0.437147
AT5G40240.1	2065	1866	16.3972	2.87142
AT5G40240.2	1496	1297	38.6028	9.72562
AT5G40240.3	2191	1992	0	0
AT1G52000.1	2542	2343	24	3.34717
AT1G52000.2	2592	2393	0	0
AT5G44670.1	2106	1907	143.816	24.6431
AT1G23740.1	1471	1272	752.087	193.205
AT1G35035.1	279	80.003	0	0
AT5G23540.1	1334	1135	386.347	111.229
AT5G23540.2	1240	1041	25.6533	8.05251
AT4G00120.1	1533	1334	0	0
AT5G15540.2	5535	5336	16.1248	0.987456
AT5G15540.1	6168	5969	150.875	8.25951
AT1G56570.1	2196	1997	6	0.981774
AT1G56570.2	3400	3201	0	0
AT2G19800.1	1620	1421	33	7.58854
AT5G03110.1	1336	1137	15	4.31091
AT4G04980.3	2175	1976	0	0
AT4G04980.1	3398	3199	0	0
AT4G04980.2	3090	2891	0	0
AT5G56550.1	982	783	14	5.84258
AT1G12760.2	1757	1558	58.0994	12.1855
AT1G12760.1	1938	1739	124.901	23.4695
AT3G27540.1	2123	1924	35	5.94431
AT3G23580.1	1690	1491	97	21.2585
AT2G26480.1	1716	1517	22	4.73888
AT3G46150.1	429	230	0	0
AT3G10760.1	2019	1820	124	22.2633
AT3G62010.1	4411	4212	0	0
AT3G62010.2	4315	4116	179	14.2107
AT3G22900.2	722	523	4	2.49917
AT3G22900.1	824	625	0	0
AT1G55660.1	1479	1280	0	0
AT1G55660.2	1684	1485	0	0
AT4G17670.1	1133	934	40	13.9943
AT1G14950.1	845	646	0	0
AT4G19570.1	1892	1693	0	0
AT2G45400.1	1449	1250	60.707	15.8696
AT2G45400.3	1065	866	45.2717	17.0824
AT2G45400.4	946	747	24.9519	10.915
AT2G45400.2	1551	1352	7.06935	1.7086
AT2G19890.2	1146	947	0	0
AT2G19890.1	2011	1812	0	0
AT4G30400.1	1942	1743	63	11.8109
AT3G05050.3	2183	1984	115.451	19.0149
AT3G05050.2	2459	2260	19.7144	2.85045
AT3G05050.1	2850	2651	59.8348	7.37535
AT5G63620.2	1633	1434	67.7325	15.4343
AT5G63620.3	1794	1595	0	0
AT5G63620.1	1790	1591	20.2675	4.16264
AT4G17890.2	1757	1558	51.155	10.729
AT4G17890.1	1849	1650	80.845	16.0106
AT5G61210.2	1427	1228	12.1363	3.22944
AT5G61210.1	1523	1324	167.864	41.4293
AT3G09405.2	1818	1619	0	0
AT3G09405.1	1749	1550	15	3.16226
AT1G64400.1	2384	2185	148	22.1334
AT1G52695.1	942	743	0	0
AT1G60790.1	2023	1824	75	13.4361
AT5G06905.1	1718	1519	0	0
AT1G04180.1	1649	1450	14	3.15499
AT4G08160.1	2610	2411	27.7366	3.7592
AT4G08160.2	2527	2328	0.263362	0.0369664
AT1G13245.1	791	592	122	67.3405
AT5G41910.3	962	763	5.1637	2.21144
AT5G41910.1	1108	909	6.22603	2.23813
AT5G41910.2	1293	1094	6.61027	1.97442
AT1G20710.1	594	395	0	0
AT4G15320.2	2358	2159	0	0
AT4G15320.3	2419	2220	26.254	3.8644
AT4G15320.4	2411	2212	0	0
AT4G15320.5	2265	2066	0	0
AT4G15320.1	2487	2288	0	0
AT1G32020.1	516	317	0	0
AT1G19740.1	1214	1015	114	36.7009
AT2G32680.1	2846	2647	6.0017	0.740898
AT4G27310.1	1427	1228	262	69.7174
AT3G13227.1	767	568	0	0
AT1G20350.1	965	766	1	0.426589
AT3G24270.1	414	215	0	0
AT1G51900.1	2403	2204	0	0
AT3G26782.1	2225	2026	16	2.58059
AT4G22090.1	1185	986	0	0
AT1G59520.3	1546	1347	21.2012	5.14318
AT1G59520.1	1668	1469	0.000275981	6.13898e-05
AT1G59520.2	1959	1760	0	0
AT1G59520.5	1563	1364	0	0
AT1G59520.6	2035	1836	11.4392	2.03593
AT1G59520.4	1768	1569	4.35927	0.907882
AT2G14390.1	789	590	0	0
AT5G56620.1	1161	962	0	0
AT5G56620.2	1706	1507	0	0
AT5G56620.3	1617	1418	1.15123	0.265291
AT1G53820.1	933	734	0	0
AT1G66430.1	1647	1448	383	86.4308
AT5G61550.3	2864	2665	0	0
AT5G61550.1	2880	2681	0	0
AT5G61550.2	2715	2516	11	1.42863
AT5G61550.4	2757	2558	6.12892e-08	7.82927e-09
AT4G10230.1	822	623	0	0
AT4G24970.1	2834	2635	32	3.96833
AT1G56720.3	1983	1784	32.1563	5.88992
AT1G56720.1	2025	1826	0	0
AT1G56720.2	2069	1870	14.7599	2.57917
AT1G56720.4	2241	2042	0.0838548	0.0134187
AT3G42860.1	1565	1366	13	3.10979
AT1G07200.2	3898	3699	78.5449	6.9386
AT1G07200.1	2214	2015	34.4551	5.5875
AT5G35600.1	1230	1031	0	0
AT4G23490.1	2129	1930	80	13.5448
AT2G22410.1	2216	2017	8	1.29605
AT3G28910.2	1918	1719	0	0
AT3G28910.1	1617	1418	106	24.4269
AT4G02110.2	3758	3559	47.5758	4.36814
AT4G02110.1	4312	4113	7.42419	0.589832
AT4G25910.1	1148	949	104	35.8101
AT3G07030.4	1948	1749	63	11.7703
AT3G07030.5	1387	1188	0	0
AT3G07030.1	1373	1174	0	0
AT3G07030.2	1907	1708	0	0
AT3G07030.3	1907	1708	0	0
AT1G74860.1	1810	1611	28	5.67938
AT4G38010.1	2070	1871	3	0.523945
AT3G44220.1	1092	893	11	4.02513
AT5G66320.2	1812	1613	0	0
AT5G66320.1	1733	1534	57	12.1419
AT1G54770.2	959	760	46.4374	19.9661
AT1G54770.1	1331	1132	18.2581	5.27044
AT1G28550.1	1196	997	0	0
AT2G16575.1	513	314	0	0
AT1G29750.1	3701	3502	18.3866	1.71563
AT1G29750.2	3561	3362	22.8548	2.22136
AT1G29750.3	3478	3279	45.7586	4.56005
AT5G14250.1	1666	1467	114.115	25.4186
AT5G14250.2	1664	1465	12.8849	2.87397
AT3G47480.1	1080	881	1	0.370905
AT3G22425.2	1270	1071	92	28.0696
AT3G22425.1	1347	1148	0	0
AT5G51260.1	1361	1162	35.7916	10.065
AT5G51260.2	1638	1439	4.20845	0.955651
AT2G04660.1	3121	2922	58	6.48614
AT2G40290.2	1552	1353	97.9423	23.6543
AT2G40290.3	1551	1352	0	0
AT2G40290.1	1636	1437	235.058	53.451
AT4G27510.1	2430	2231	0	0
AT4G27510.2	1944	1745	8	1.49807
AT4G20430.3	3701	3502	0.000122849	1.14628e-05
AT4G20430.1	3479	3280	31.6158	3.1497
AT4G20430.2	2693	2494	38.9603	5.10463
AT1G26800.1	1371	1172	6	1.67287
AT4G16095.1	564	365	0	0
AT5G48710.3	429	230	0	0
AT5G48710.2	658	459	0	0
AT5G48710.1	585	386	0	0
AT5G48710.4	498	299	0	0
AT1G76050.1	1600	1401	0	0
AT1G76050.2	1655	1456	86	19.3008
AT1G77210.2	1917	1718	8	1.52162
AT1G77210.3	2002	1803	0	0
AT1G77210.1	2055	1856	0	0
AT4G14800.2	962	763	104.118	44.5901
AT4G14800.1	1336	1137	66.8824	19.2216
AT5G56710.1	752	553	984.079	581.491
AT5G56710.2	498	299	58.9213	64.3931
AT4G06676.1	1551	1352	24.9222	6.02349
AT4G06676.2	1815	1616	5.07779	1.02677
AT3G54030.1	1984	1785	94	17.2079
AT4G16590.1	1843	1644	0	0
AT1G74590.1	1153	954	29	9.93317
AT1G13350.1	2648	2449	26.2975	3.50885
AT1G13350.3	2673	2474	0	0
AT1G13350.2	2535	2336	95.6682	13.3824
AT3G48550.1	890	691	2.97845	1.40848
AT3G48550.2	658	459	1.02155	0.727254
AT2G46200.3	4022	3823	0	0
AT2G46200.1	3945	3746	0	0
AT2G46200.2	1734	1535	10.6979	2.27734
AT2G46200.4	1641	1442	22.3021	5.05381
AT4G38500.1	2372	2173	134.33	20.2
AT1G77670.1	1701	1502	135	29.3699
AT2G14270.1	345	146	0	0
AT5G48220.4	1306	1107	19.41	5.72949
AT5G48220.1	1493	1294	185.59	46.8661
AT5G48220.3	1732	1533	0	0
AT5G48220.2	1664	1465	0	0
AT3G18780.2	1888	1689	4110.09	795.17
AT3G18780.3	1928	1729	9.26057	1.75017
AT3G18780.1	2127	1928	0	0
AT3G59030.1	1760	1561	0	0
AT3G59030.2	1328	1129	0	0
AT4G11700.1	552	353	0	0
AT5G61740.1	2948	2749	0	0
AT5G61740.3	2352	2153	0	0
AT5G61740.2	2770	2571	4	0.508389
AT4G09030.1	830	631	114.157	59.1169
AT1G64980.1	1396	1197	401.741	109.671
AT1G64980.3	1696	1497	5.50944	1.20261
AT1G64980.2	1577	1378	18.7497	4.44615
AT5G10290.1	2332	2133	66.6562	10.2115
AT5G10290.2	2236	2037	52.3438	8.39677
AT4G07410.1	3501	3302	66.0644	6.53775
AT4G07410.2	3031	2832	379.936	43.8384
AT2G02710.4	1946	1747	0	0
AT2G02710.1	1775	1576	20.9184	4.3372
AT2G02710.2	1717	1518	0	0
AT2G02710.3	1873	1674	17.0816	3.33436
AT1G25500.2	2048	1849	26.6427	4.70846
AT1G25500.3	1701	1502	4.35735	0.947962
AT1G25500.1	2018	1819	0	0
AT1G75000.1	1380	1181	18	4.98036
AT5G06930.2	2778	2579	33.8204	4.28514
AT5G06930.3	2813	2614	0	0
AT5G06930.1	2811	2612	0	0
AT1G60850.2	1434	1235	53.8229	14.2409
AT1G60850.3	1560	1361	0	0
AT1G60850.4	1548	1349	0	0
AT1G60850.1	1442	1243	16.1771	4.25274
AT2G27200.1	2237	2038	24	3.84809
AT3G10985.1	1444	1245	94	24.6716
AT5G41730.2	2914	2715	0	0
AT5G41730.1	2517	2318	0	0
AT1G21130.2	1452	1253	120.273	31.3658
AT1G21130.1	1744	1545	55.4717	11.7323
AT1G04500.2	1756	1557	0	0
AT1G04500.3	1581	1382	1	0.236445
AT1G04500.4	1622	1423	0	0
AT1G04500.1	1698	1499	0	0
AT3G58840.2	1679	1480	17.0901	3.77329
AT3G58840.1	1246	1047	59.9099	18.6978
AT3G62630.1	1641	1442	109	24.7001
AT3G52980.1	1146	947	0	0
AT2G24980.3	1875	1676	132.897	25.9107
AT2G24980.2	1835	1636	45.8677	9.16141
AT2G24980.1	1857	1658	0	0
AT5G39250.2	1366	1167	12	3.36007
AT5G39250.1	1656	1457	0	0
AT1G18030.1	1435	1236	28.7705	7.60619
AT1G18030.2	1511	1312	0	0
AT2G24630.1	3061	2862	0	0
AT2G24630.2	2928	2729	53	6.34616
ATCG01010.1	2241	2042	4	0.640092
AT1G03395.1	229	32.8908	0	0
AT4G29640.1	1052	853	0	0
AT3G18200.1	1114	915	27	9.64231
AT3G18200.2	1163	964	0	0
AT1G21560.3	1838	1639	0	0
AT1G21560.5	1711	1512	0	0
AT1G21560.2	1806	1607	6.08118	1.23655
AT1G21560.1	1442	1243	37.212	9.7825
AT1G21560.4	1944	1745	7.13676	1.33642
AT1G21560.6	1679	1480	19.5701	4.32085
AT1G20696.5	1364	1165	0	0
AT1G20696.2	931	732	148.832	66.4389
AT1G20696.1	1174	975	150.731	50.5168
AT1G20696.3	897	698	0	0
AT1G20696.4	1460	1261	7.43767	1.92735
AT2G30130.1	1222	1023	9	2.87478
AT3G48220.1	645	446	0	0
AT4G18270.1	2344	2145	31	4.72251
AT3G20030.1	1209	1010	0	0
AT3G24340.1	3656	3457	7	0.661663
AT5G56020.1	1153	954	0	0
AT5G56020.2	1056	857	32	12.2013
AT1G74510.2	2189	1990	0	0
AT1G74510.1	2021	1822	77.7683	13.9474
AT1G74510.3	1857	1658	44.2317	8.71741
AT3G56470.1	1633	1434	6	1.36723
AT5G14070.1	806	607	7	3.76832
AT1G43000.2	998	799	0	0
AT1G43000.1	773	574	0	0
AT2G02060.3	810	611	0	0
AT2G02060.2	971	772	9.89197	4.18701
AT2G02060.1	1332	1133	25.108	7.24138
AT2G24880.1	309	110	0	0
AT1G08480.1	900	701	202	94.1611
AT5G52740.1	657	458	2	1.42693
AT5G52740.2	683	484	0	0
AT5G47320.1	1170	971	109	36.6814
AT3G02050.1	2782	2583	249	31.5002
AT1G78080.1	2136	1937	570.735	96.2816
AT1G02475.1	1091	892	107	39.1974
AT3G13065.1	2638	2439	14	1.87566
AT4G26990.1	1866	1667	30	5.88063
AT1G55070.1	1182	983	0	0
AT1G32470.1	829	630	1253.61	650.22
AT1G71440.1	1865	1666	78	15.2988
AT5G52550.1	1739	1540	76	16.1262
AT3G45252.1	317	118	0	0
AT5G20260.2	1432	1233	0	0
AT5G20260.3	1129	930	0	0
AT5G20260.1	1475	1276	3	0.768261
AT4G10265.1	660	461	4	2.83529
AT1G55090.1	2762	2563	166	21.164
AT5G45455.1	315	116	1	2.81696
AT3G03860.1	1676	1477	111	24.5573
AT2G36400.1	1907	1708	118	22.5752
AT5G67320.1	2101	1902	137	23.5369
AT1G01770.1	2377	2178	40	6.00123
AT3G44430.1	1494	1295	200.634	50.6259
AT4G13060.1	1149	950	1	0.343965
AT5G24540.2	1771	1572	0	0
AT5G24540.1	1800	1601	0	0
AT3G59845.2	1351	1152	0	0
AT3G59845.1	1373	1174	0	0
AT1G72550.2	2110	1911	57.68	9.86286
AT1G72550.1	2260	2061	247.32	39.2121
AT4G18940.1	979	780	7	2.93253
AT2G02520.1	636	437	0	0
AT5G64980.1	1329	1130	5.3954	1.56021
AT5G64980.2	1473	1274	3.6046	0.92454
AT5G09850.3	2628	2429	34.3445	4.62028
AT5G09850.1	2567	2368	13.6893	1.88902
AT5G09850.4	2065	1866	197.966	34.6671
AT5G09850.2	2304	2105	0	0
AT5G09850.5	2095	1896	2.2118e-06	3.81195e-07
AT2G28760.4	1622	1423	0	0
AT2G28760.1	1652	1453	9.107	2.04809
AT2G28760.2	1705	1506	14.1709	3.07477
AT2G28760.3	1519	1320	49.7221	12.3087
AT5G20840.1	3913	3714	253	22.2596
AT1G73460.2	4338	4139	159.192	12.568
AT1G73460.1	4156	3957	97.3617	8.04008
AT1G36730.1	2286	2087	936	146.552
AT4G01360.1	1484	1285	3	0.76288
AT1G25290.2	1488	1289	19.8308	5.02719
AT1G25290.1	1228	1029	29.1692	9.26292
AT3G48810.1	2552	2353	26	3.61069
AT1G69580.2	1198	999	23.8664	7.80656
AT1G69580.1	1692	1493	18.1336	3.96883
AT3G08030.2	1519	1320	171.387	42.4271
AT3G08030.1	1709	1510	366.613	79.3357
AT2G12462.1	927	728	73	32.7665
AT4G18060.1	2445	2246	128.925	18.7571
AT5G53280.1	1343	1144	102	29.1348
AT2G39445.2	1129	930	0	0
AT2G39445.3	605	406	1.04545	0.841429
AT2G39445.1	913	714	6.95455	3.1828
AT2G33270.1	1308	1109	0	0
AT4G35880.2	2027	1828	0	0
AT4G35880.1	1952	1753	51	9.50663
AT5G49460.2	2637	2438	0	0
AT5G49460.1	2449	2250	450.623	65.4439
AT1G22970.1	1552	1353	30.8452	7.44951
AT1G22970.4	1401	1202	23.2131	6.31055
AT1G22970.3	1465	1266	3.9417	1.01739
AT1G22970.2	1634	1435	0	0
AT3G29720.1	663	464	0	0
AT1G74600.1	3030	2831	16	1.84679
AT2G20750.1	1444	1245	85	22.3094
AT2G20750.2	1526	1327	0	0
AT2G05050.1	597	398	0	0
AT5G16460.1	1231	1032	0	0
AT1G66320.1	1626	1427	0	0
AT1G12700.1	1809	1610	0	0
AT1G12700.3	2550	2351	22	3.0578
AT1G12700.2	2745	2546	0	0
AT4G32320.1	1212	1013	69	22.2576
AT1G60230.1	1601	1402	87	20.2773
AT2G42750.1	1483	1284	584	148.623
AT5G01890.1	3996	3797	229.266	19.7304
AT4G25350.1	2836	2637	22	2.72616
AT5G42250.1	1651	1452	77	17.3286
AT1G69818.1	901	702	0	0
AT1G16590.2	1126	927	0	0
AT1G16590.1	1080	881	11	4.07995
AT1G66440.1	2356	2157	7	1.06044
AT5G58940.4	1990	1791	0	0
AT5G58940.1	2578	2379	0	0
AT5G58940.3	1975	1776	13.0015	2.39216
AT5G58940.2	2023	1824	37.9985	6.80737
AT4G30720.1	2570	2371	279	38.4513
AT3G60990.1	636	437	2.08353	1.55796
AT5G35338.2	675	476	0	0
AT1G63030.2	976	777	0	0
AT1G63030.1	829	630	0	0
AT1G62670.2	1893	1694	7.46511	1.43999
AT1G62670.1	2417	2218	14.9293	2.19947
AT1G09440.1	1847	1648	27.0805	5.36954
AT1G09440.2	2014	1815	0	0
AT2G07641.1	801	602	6	3.25682
AT3G49470.2	795	596	82.6808	45.3311
AT3G49470.1	1008	809	163.319	65.9671
AT5G42146.1	680	481	20	13.587
AT1G43605.2	584	385	0	0
AT1G43605.1	1116	917	5.02263	1.78978
AT3G62140.1	962	763	28	11.9915
AT1G07270.2	1769	1570	0	0
AT1G07270.1	1951	1752	9.65969	1.80164
AT1G30550.2	1052	853	8	3.06464
AT1G30550.1	1096	897	0	0
AT3G01680.1	2655	2456	221	29.4037
AT3G29760.4	2044	1845	14.3259	2.53726
AT3G29760.5	1872	1673	1.83047e-08	3.57523e-09
AT3G29760.1	1862	1663	0	0
AT3G29760.2	1991	1792	9.49159	1.73077
AT3G29760.3	2139	1940	96.1825	16.2007
AT5G58003.2	1563	1364	0	0
AT5G58003.1	1666	1467	51	11.36
AT5G58003.3	1652	1453	0	0
AT4G37580.1	1864	1665	7.44966	1.46205
AT4G37580.2	1417	1218	11.5503	3.09874
AT5G42290.1	619	420	0	0
AT3G61780.1	3910	3711	105.488	9.28863
AT4G15540.1	1860	1661	1.22358e-07	2.40713e-08
AT4G15540.2	1831	1632	74	14.8166
AT3G29638.1	1714	1515	0	0
AT2G06200.3	1029	830	0	0
AT2G06200.2	967	768	0	0
AT2G06200.1	936	737	8	3.547
AT1G42980.1	1089	890	0	0
AT3G03280.1	968	769	4	1.6997
AT4G25100.3	1045	846	2.74432	1.05999
AT4G25100.5	1003	804	30.3565	12.3377
AT4G25100.1	1182	983	0	0
AT4G25100.4	1282	1083	0	0
AT4G25100.2	1188	989	24.8992	8.22672
AT5G13320.3	2266	2067	0	0
AT5G13320.2	2240	2041	0	0
AT5G13320.1	2043	1844	6	1.06323
AT2G44110.2	1769	1570	11.5018	2.3939
AT2G44110.1	1496	1297	2.49817	0.62939
AT1G12910.1	1395	1196	100	27.3217
AT1G64455.1	639	440	6.40964	4.76013
AT3G21620.1	2576	2377	4	0.549882
AT5G40560.1	1461	1262	0	0
AT1G76970.2	2336	2137	0	0
AT1G76970.5	1639	1440	26.6121	6.03886
AT1G76970.7	1501	1302	13.9591	3.50335
AT1G76970.3	2250	2051	7.02397	1.11907
AT1G76970.6	1958	1759	3.40486	0.632517
AT1G76970.4	2126	1927	0	0
AT1G76970.1	2031	1832	0	0
AT1G20580.1	936	737	214.414	95.0657
AT5G37790.1	2185	1986	126	20.7314
AT1G28660.2	1310	1111	36.2984	10.6761
AT1G28660.1	1577	1378	66.0212	15.6557
AT2G01554.1	318	119	0	0
AT2G26320.1	330	131	0	0
AT1G62515.1	456	257	2.22633	2.8307
AT1G32250.1	653	454	0	0
AT1G03090.1	2547	2348	15.4845	2.15496
AT1G03090.2	2741	2542	65.5155	8.42183
AT5G26751.1	1666	1467	177	39.4259
AT2G18900.1	2796	2597	208	26.1716
AT2G30470.1	3402	3203	131	13.3645
AT1G55460.1	1721	1522	98.9629	21.2469
AT5G02960.1	749	550	1729.81	1027.72
AT5G67240.4	2031	1832	0	0
AT5G67240.2	2161	1962	7.64947	1.274
AT5G67240.3	2064	1865	0	0
AT5G67240.1	2787	2588	202.351	25.5493
AT5G66340.1	455	256	0	0
AT3G23060.1	1894	1695	0.00442324	0.000852726
AT3G23060.2	1885	1686	1.99558	0.386767
AT4G39420.2	10405	10206	168.463	5.39371
AT4G39420.1	8199	8000	154.558	6.31306
AT4G39420.4	10054	9855	50.7571	1.68298
AT4G39420.3	10197	9998	2.2218	0.0726155
AT4G32850.3	2813	2614	0.00654096	0.000817663
AT4G32850.1	3460	3261	15.2211	1.52522
AT4G32850.13	3886	3687	0	0
AT4G32850.8	2677	2478	50.1305	6.61057
AT4G32850.15	3822	3623	0	0
AT4G32850.16	3801	3602	0	0
AT4G32850.4	3992	3793	10.6847	0.92049
AT4G32850.7	3299	3100	21.541	2.27061
AT4G32850.10	3581	3382	30.1869	2.91665
AT4G32850.17	3641	3442	18.2685	1.73433
AT4G32850.14	3871	3672	5.62122	0.500226
AT4G32850.6	3475	3276	0	0
AT4G32850.9	2835	2636	59.0667	7.3221
AT4G32850.2	2822	2623	13.2728	1.65349
AT4G32850.12	3907	3708	0	0
AT4G32850.11	3909	3710	0	0
AT4G32850.5	3496	3297	0	0
AT5G15680.1	6942	6743	299	14.4896
ATMG00770.1	303	104	0	0
AT5G05420.1	432	233	1	1.40243
AT1G29450.1	893	694	11.7627	5.53843
AT1G29450.2	834	635	3.23729	1.66589
AT3G28922.1	186	12.4336	0	0
AT1G74620.1	750	551	0	0
AT1G04120.3	5264	5065	419.743	27.0796
AT1G04120.1	5620	5421	285.572	17.2137
AT1G04120.2	5386	5187	125.685	7.91781
AT2G17750.1	1237	1038	0	0
AT4G21030.1	585	386	0	0
AT1G48920.1	2089	1890	1654	285.964
AT1G65681.1	672	473	0	0
AT1G73980.1	2391	2192	107	15.9508
AT1G73980.3	2447	2248	0	0
AT1G73980.2	2564	2365	0	0
AT5G43320.1	2385	2186	327.104	48.896
AT5G43320.2	2650	2451	20.8965	2.78592
AT5G43320.3	1943	1744	0	0
AT2G39850.1	2696	2497	50	6.54319
AT5G65030.1	660	461	3	2.12647
AT5G62040.1	630	431	0	0
AT1G64350.1	1332	1133	76	21.9191
AT3G21055.1	755	556	537.373	315.82
AT3G21055.2	592	393	1934.63	1608.58
AT3G22235.2	521	322	15.8044	16.0384
AT3G22235.1	670	471	0	0
AT4G10540.1	2328	2129	0	0
AT4G14301.1	399	200	0	0
AT1G69420.1	2886	2687	267.876	32.5765
AT1G69420.2	2234	2035	113.124	18.1648
AT3G25700.1	1864	1665	88	17.2706
AT3G25700.2	1439	1240	0	0
AT2G03550.1	1486	1287	71	18.0268
AT4G16570.1	2471	2272	25	3.59559
AT1G26570.1	1908	1709	42	8.03056
AT1G18150.3	2269	2070	1.50359e-08	2.37355e-09
AT1G18150.2	2275	2076	0	0
AT1G18150.1	2239	2040	188	30.1138
AT5G13670.1	1327	1128	0	0
AT3G52090.2	786	587	7.6408	4.25343
AT3G52090.1	785	586	131.356	73.247
AT5G27493.1	285	86.0009	0.64381	2.44621
AT1G69980.1	1387	1188	46	12.6526
AT3G22100.1	832	633	0	0
AT1G27940.1	4012	3813	7.45908	0.639229
AT1G27940.2	4083	3884	0	0
AT1G27090.1	1822	1623	393	79.1248
AT4G34840.4	1453	1254	0	0
AT4G34840.2	1085	886	29.0565	10.7164
AT4G34840.5	1416	1217	0	0
AT4G34840.1	1386	1187	3.94352	1.08561
AT4G34840.3	1496	1297	0	0
AT1G71110.1	2282	2083	46	7.21617
AT1G19630.3	1766	1567	0	0
AT1G19630.1	3263	3064	7.96189	0.849113
AT1G19630.2	3359	3160	0	0
AT4G11220.1	1539	1340	181	44.1379
AT5G14880.1	2873	2674	344	42.0374
AT2G40116.1	2351	2152	0	0
AT1G32950.1	2589	2390	2.99999	0.410166
AT1G32950.2	2615	2416	1.20958e-05	1.63597e-06
AT3G23630.1	1572	1373	4	0.95198
AT5G61630.1	1094	895	0	0
AT5G27600.1	2456	2257	99	14.3332
AT3G20670.1	664	465	134.422	94.4617
AT1G50640.1	1737	1538	164	34.8438
AT1G54920.1	3091	2892	0	0
AT1G54920.4	3260	3061	13.3757	1.42788
AT1G54920.3	3226	3027	0	0
AT1G54920.2	3188	2989	209.624	22.9168
AT2G32290.1	1957	1758	3.36085	0.624696
AT1G03890.1	1520	1321	0	0
AT2G21220.1	827	628	4	2.08132
AT4G35725.1	570	371	0	0
AT5G61760.1	1282	1083	63.6601	19.2078
AT5G61760.2	1488	1289	17.3399	4.39573
AT4G28640.2	1103	904	0	0
AT4G28640.1	1108	909	26.3478	9.47151
AT4G28640.3	1269	1070	4.65217	1.42073
AT5G47550.1	866	667	28	13.7174
AT2G29900.1	1404	1205	39	10.5759
AT3G09660.1	2518	2319	11.9999	1.6909
AT3G09660.3	2543	2344	5.40886e-05	7.54026e-06
AT3G09660.2	2606	2407	0	0
AT5G13180.1	1509	1310	407	101.522
AT4G32780.2	1538	1339	11	2.68442
AT4G32780.1	1559	1360	0	0
AT4G32780.3	887	688	0	0
AT2G27145.1	328	129	0	0
AT1G10770.1	948	749	0	0
AT5G58720.2	2211	2012	0	0
AT5G58720.3	2091	1892	0	0
AT5G58720.1	2042	1843	137	24.2903
AT5G63340.1	519	320	0	0
AT2G42980.1	1775	1576	5	1.0367
AT2G39760.1	1708	1509	130.501	28.2594
AT2G39760.4	1577	1378	0	0
AT2G39760.2	1706	1507	10.4989	2.2765
AT2G39760.3	1757	1558	0	0
AT4G27430.1	4712	4513	137.173	9.93213
AT4G27430.2	3725	3526	466.827	43.2625
AT3G57400.1	2006	1807	176	31.8268
AT3G07680.1	1123	924	200	70.7288
AT1G18010.1	2070	1871	0	0
AT3G02242.1	593	394	1	0.829358
AT2G26530.2	1356	1157	1.64404e-05	4.64319e-06
AT2G26530.1	1610	1411	16	3.70536
AT2G41860.1	2328	2129	0	0
AT2G41860.2	1733	1534	0	0
AT1G48220.1	1168	969	0	0
AT4G35025.1	222	27.8721	0	0
AT3G23270.2	3533	3334	0	0
AT3G23270.1	3326	3127	0	0
AT1G63310.1	848	649	37	18.6293
AT3G44970.2	1938	1739	74	13.905
AT3G44970.1	1873	1674	0	0
AT1G01150.1	1382	1183	0	0
AT1G01150.2	1150	951	1	0.343604
AT1G01150.3	1228	1029	0	0
AT5G25265.1	1807	1608	239	48.568
AT1G01500.1	1773	1574	50	10.3801
AT2G20350.1	528	329	0	0
AT5G23790.1	1285	1086	0	0
AT5G01450.1	1917	1718	49	9.3199
AT2G35555.1	380	181	0	0
AT4G16720.1	999	800	1574	642.914
AT5G07370.2	1272	1073	146.567	44.6348
AT5G07370.3	1567	1368	0	0
AT5G07370.1	1293	1094	0	0
AT5G07370.4	1949	1750	26.4334	4.93575
AT3G61920.1	909	710	3	1.38071
AT5G20660.1	3147	2948	206.36	22.8737
AT5G20660.3	3136	2937	1.16977e-06	1.30147e-07
AT5G20660.4	1196	997	0	0
AT5G20660.2	1047	848	63.64	24.5229
AT5G15410.1	2534	2335	690.505	96.6314
AT5G15410.2	2573	2374	27.4953	3.78456
AT4G05150.1	1850	1651	156	30.8756
AT5G19540.1	1735	1536	0.00130551	0.000277733
AT5G19540.2	1719	1520	216.999	46.65
AT1G80600.1	1732	1533	378	80.5727
AT1G05260.1	1254	1055	149	46.15
AT5G24050.1	1050	851	0	0
AT2G32360.1	528	329	0	0
AT3G05880.1	879	680	143	68.7172
AT1G51790.2	3389	3190	57	5.83879
AT1G51790.3	3457	3258	0	0
AT1G51790.1	3380	3181	0	0
AT3G22420.1	2083	1884	0.251256	0.0435786
AT3G22420.6	2120	1921	0	0
AT3G22420.3	2184	1985	48.84	8.03995
AT3G22420.5	2164	1965	0.16403	0.0272771
AT3G22420.2	2161	1962	0	0
AT3G22420.4	2103	1904	93.7448	16.0886
AT4G33020.2	1503	1304	7.53757	1.88883
AT4G33020.1	1157	958	6.46243	2.20429
AT4G15020.2	2920	2721	129.687	15.5743
AT4G15020.1	3020	2821	17.3127	2.0054
AT1G09815.1	726	527	53	32.8627
AT1G66880.3	2270	2071	76.7957	12.117
AT1G66880.2	4284	4085	0	0
AT1G66880.1	4147	3948	55.2043	4.56914
AT5G49610.1	1471	1272	23	5.90852
AT1G20320.1	1225	1026	0	0
AT2G01330.1	2185	1986	33	5.42967
AT3G02910.1	1108	909	421	151.341
AT2G27430.1	1673	1474	4	0.886749
AT2G02148.2	1772	1573	0	0
AT2G02148.5	1599	1400	20	4.6681
AT2G02148.4	1702	1503	0	0
AT2G02148.1	1649	1450	0	0
AT2G02148.3	1752	1553	0	0
AT2G20835.1	454	255	3	3.84432
AT4G30420.2	1286	1087	0	0
AT4G30420.1	1122	923	14	4.95638
AT1G01510.1	2637	2438	162	21.713
AT2G02440.1	417	218	0	0
AT3G45920.1	719	520	2.19803	1.38124
AT5G19290.1	1568	1369	263	62.7756
AT1G18800.1	1307	1108	168	49.5459
AT4G37690.1	1954	1755	1	0.186192
AT3G28420.1	1086	887	8	2.94717
AT1G54560.2	5046	4847	4	0.269665
AT1G54560.1	4719	4520	0	0
AT2G02450.2	1922	1723	25	4.74125
AT2G02450.1	1817	1618	0	0
AT3G23940.1	2220	2021	319.067	51.5886
AT3G23940.2	2163	1964	87.9331	14.6302
AT2G33435.1	4484	4285	144	10.9812
AT5G29613.1	354	155	0	0
AT4G28510.1	1348	1149	87.2855	24.8233
AT5G45240.2	2693	2494	0	0
AT5G45240.1	2439	2240	2	0.291756
AT5G61180.1	1351	1152	1	0.283652
AT1G09930.1	2419	2220	1	0.147192
AT1G10585.1	1031	832	4.41379	1.73351
AT1G10585.2	654	455	0.586207	0.420996
AT1G26940.2	1070	871	0.445592	0.16717
AT1G26940.1	1121	922	35.5544	12.6009
AT3G50810.3	682	483	6	4.05922
AT3G50810.2	758	559	0	0
AT3G50810.1	768	569	0	0
AT5G38060.1	694	495	17.8378	11.7754
AT5G38060.2	583	384	1.16216	0.988949
AT1G18810.1	1639	1440	52	11.7999
AT3G46220.3	2605	2406	0	0
AT3G46220.2	2677	2478	0	0
AT3G46220.1	2737	2538	70	9.01249
AT3G46220.4	2461	2262	0	0
AT5G52630.1	1959	1760	7	1.29964
AT3G05010.1	1348	1149	53.4162	15.1912
AT1G72720.1	792	593	2	1.10208
AT5G49520.1	1921	1722	24	4.55425
AT2G38480.1	1003	804	33	13.4121
AT5G63260.1	1924	1725	68.6237	12.9994
AT5G63260.2	1825	1626	31.3763	6.3055
AT2G48100.4	1808	1609	30.5693	6.20822
AT2G48100.5	2416	2217	6.80649e-07	1.00322e-07
AT2G48100.6	2347	2148	5.70026	0.867159
AT2G48100.3	1878	1679	41.7416	8.12376
AT2G48100.1	1862	1663	13.6285	2.67791
AT2G48100.2	1686	1487	1.78242e-05	3.91686e-06
AT2G48100.7	1706	1507	0.013052	0.0028301
AT2G48100.8	1678	1479	35.3472	7.80954
AT3G55420.1	1219	1020	43	13.7755
AT5G20130.2	733	534	40.2129	24.6072
AT5G20130.1	853	654	82.7871	41.3641
AT3G05450.1	1323	1124	0	0
AT4G39750.1	441	242	0	0
AT3G17670.1	955	756	32.7961	14.1755
AT3G17670.2	817	618	0.20391	0.107817
AT5G50180.1	1967	1768	125	23.1029
AT3G03000.1	941	742	14	6.16542
AT3G47210.1	2004	1805	19	3.43965
AT1G51710.2	1499	1300	126.394	31.7702
AT1G51710.1	1946	1747	144.606	27.0478
AT3G28670.2	1931	1732	0	0
AT3G28670.3	1804	1605	45.2778	9.21825
AT3G28670.1	1912	1713	31.7222	6.05124
AT4G18020.8	3148	2949	0.00271994	0.000301386
AT4G18020.11	1758	1559	1.76032e-06	3.68964e-07
AT4G18020.4	2432	2233	8.76684	1.2829
AT4G18020.3	2301	2102	0.000761732	0.000118415
AT4G18020.2	2356	2157	152.119	23.0447
AT4G18020.5	2929	2730	0	0
AT4G18020.1	2820	2621	0	0
AT4G18020.6	2392	2193	84.8262	12.6395
AT4G18020.10	1778	1579	4.04032	0.836126
AT4G18020.9	2142	1943	0.160762	0.0270364
AT4G18020.7	3168	2969	6.08373	0.669573
AT1G45191.5	1739	1540	8.37372	1.77679
AT1G45191.3	2086	1887	6.02778	1.04382
AT1G45191.4	1896	1697	20.3704	3.92244
AT1G45191.6	1554	1355	0	0
AT1G45191.2	1637	1438	0	0
AT1G45191.1	1688	1489	7.22809	1.58623
AT2G03720.2	896	697	0	0
AT2G03720.1	846	647	6	3.0303
AT1G51850.1	2715	2516	12.6868	1.6477
AT1G51850.2	2955	2756	57.4167	6.80765
AT1G10250.1	330	131	0	0
AT2G02540.2	1404	1205	14	3.79646
AT2G02540.1	1223	1024	0	0
AT1G64180.1	2135	1936	24	4.05083
AT5G46630.1	1862	1663	260.087	51.1051
AT5G46630.2	1853	1654	13.9131	2.74871
AT5G44520.1	1300	1101	126	37.3957
AT5G44520.2	1327	1128	0	0
AT3G62890.1	1851	1652	5	0.989005
AT2G40330.1	1607	1408	66	15.3172
AT3G10010.1	4184	3985	33.866	2.77699
AT3G10010.2	4393	4194	40.134	3.12696
AT5G41740.2	3724	3525	0	0
AT5G41740.3	3683	3484	77.4424	7.26338
AT5G41740.1	3644	3445	3.72422e-05	3.53252e-06
AT4G16420.2	2018	1819	0	0
AT4G16420.3	1956	1757	65.2568	12.1365
AT4G16420.1	2030	1831	24.7432	4.41577
AT4G25330.1	798	599	0	0
AT1G63860.4	3749	3550	0	0
AT1G63860.2	3287	3088	0.000294645	3.11789e-05
AT1G63860.5	3722	3523	0	0
AT1G63860.6	3429	3230	0	0
AT1G63860.3	3673	3474	33.9997	3.19804
AT1G63860.1	3451	3252	0	0
AT1G54280.2	4291	4092	0	0
AT1G54280.3	4472	4273	0	0
AT1G54280.1	4395	4196	0	0
AT2G22680.1	2386	2187	34	5.08006
AT1G23145.1	386	187	0	0
AT1G61563.1	528	329	0	0
AT1G19870.2	3364	3165	47.2725	4.8806
AT1G19870.1	3055	2856	221.728	25.3688
AT1G70260.1	1653	1454	50	11.2368
AT2G36325.1	1191	992	0	0
AT1G03660.1	1019	820	0	0
AT1G03660.2	794	595	1	0.549188
AT3G42725.1	870	671	3	1.46096
AT1G55910.1	1417	1218	164	43.9982
AT5G25800.2	2021	1822	46	8.24988
AT5G25800.1	2061	1862	0	0
AT1G07500.1	266	67.0317	0	0
AT5G52170.2	3899	3700	0	0
AT5G52170.3	3692	3493	0.042758	0.00399997
AT5G52170.1	4931	4732	17.8372	1.23174
AT1G22150.1	2301	2102	0	0
AT1G22150.3	2264	2065	0	0
AT1G22150.2	2355	2156	0	0
AT1G22150.4	2203	2004	6	0.978345
AT5G22970.1	533	334	0	0
AT5G22970.3	566	367	0	0
AT5G22970.2	470	271	0	0
AT2G25130.1	1795	1596	4	0.818965
AT1G03905.3	1592	1393	11.3252	2.65664
AT1G03905.2	1666	1467	0	0
AT1G03905.1	1346	1147	35.6302	10.1506
AT1G03905.4	1574	1375	0	0
AT3G55100.1	2352	2153	0	0
AT3G55100.2	2051	1852	0	0
AT5G16715.1	3394	3195	377	38.5575
AT1G50990.1	2062	1863	0	0
AT1G50990.2	2047	1848	0	0
AT1G57700.1	2909	2710	52	6.27007
AT3G04184.1	162	8.26769	0	0
AT4G16230.1	1390	1191	6	1.64618
AT5G60190.1	1184	985	19	6.30312
AT1G13700.2	1144	945	0	0
AT1G13700.3	915	716	2	0.912757
AT1G13700.1	1033	834	0	0
AT4G23860.1	1898	1699	43.0127	8.27259
AT4G23860.3	1833	1634	26.2533	5.25013
AT4G23860.2	1819	1620	59.734	12.0488
AT4G23860.4	1790	1591	0	0
AT1G09740.2	985	786	133.504	55.5023
AT1G09740.1	1011	812	21.4958	8.65038
AT4G13090.1	885	686	0	0
AT3G15910.1	924	725	0	0
AT3G51010.1	955	756	138	59.648
AT5G48360.1	2690	2491	198	25.9735
AT4G25510.1	608	409	3	2.39682
AT4G16545.1	999	800	0	0
AT4G24930.1	1104	905	291	105.071
AT5G15843.1	738	539	0	0
AT2G21237.1	680	481	0	0
AT5G16240.1	1748	1549	74	15.6106
AT4G35020.1	1085	886	60.0582	22.1502
AT4G35020.2	1345	1146	0	0
AT4G35020.4	1229	1030	0	0
AT4G35020.5	1162	963	7.9418	2.69483
AT4G35020.3	1131	932	0	0
AT5G36300.2	993	794	0	0
AT5G36300.1	883	684	0	0
AT1G32050.1	1402	1203	465	126.306
AT1G48800.1	2023	1824	1	0.179149
AT5G40680.1	1248	1049	0	0
AT1G47980.1	1191	992	0	0
AT1G50410.2	3735	3536	0	0
AT1G50410.4	3547	3348	34.1633	3.33436
AT1G50410.1	3449	3250	81.8367	8.22817
AT1G50410.3	3727	3528	0	0
AT2G15300.1	2972	2773	30	3.53517
AT1G22630.1	734	535	115	70.2397
AT5G08730.1	1633	1434	0	0
AT5G50800.1	1269	1070	42	12.8264
AT3G53860.1	1219	1020	7	2.24252
AT1G13609.1	464	265	104.456	128.803
AT1G13609.2	375	176	29.5442	54.8527
AT2G39415.1	408	209	0	0
AT3G19920.1	1496	1297	0	0
AT3G19920.2	1619	1420	0	0
AT5G16310.1	1325	1126	38	11.0277
AT5G62830.1	964	765	0	0
AT4G13560.1	4151	3952	50	4.1342
AT4G13560.2	2804	2605	0	0
AT1G09140.1	1314	1115	20.4858	6.00366
AT1G09140.2	1652	1453	165.67	37.2577
AT1G09140.3	2256	2057	22.8443	3.62895
AT3G51400.1	1106	907	0	0
AT4G15417.1	949	750	10	4.35689
AT4G15417.2	988	789	0	0
AT4G14965.2	1021	822	8.35772	3.32242
AT4G14965.1	1100	901	40.6423	14.7398
AT4G34790.1	792	593	1	0.551041
AT2G17320.2	1366	1167	0	0
AT2G17320.1	1296	1097	69.1123	20.5867
AT4G27600.1	2085	1886	387	67.0514
ATMG00430.1	321	122	0	0
AT1G04455.1	354	155	0	0
AT3G14990.1	1663	1464	391.241	87.3257
AT3G14990.3	1547	1348	586.696	142.22
AT3G14990.2	1460	1261	301.063	78.0154
AT5G14530.1	1336	1137	29	8.33443
AT3G15360.1	1168	969	639	215.484
AT5G03400.1	513	314	0	0
AT3G09150.1	1307	1108	26.7232	7.88109
AT3G09150.2	1716	1517	22.2183	4.78589
AT3G09150.4	1436	1237	0.0585694	0.0154717
AT3G09150.3	1459	1260	0	0
AT2G32210.2	698	499	0	0
AT2G32210.3	612	413	4	3.16481
AT2G32210.1	659	460	0	0
AT5G20290.1	1117	918	3584	1275.74
AT5G10980.1	818	619	551	290.87
AT5G18270.1	1601	1402	36.7161	8.55749
AT5G18270.2	1525	1326	1.28394	0.316401
AT4G15280.2	1711	1512	0	0
AT4G15280.1	1603	1404	0	0
AT4G01925.1	991	792	4.75937	1.96364
AT5G60390.3	1590	1391	6205.8	1457.84
AT5G60390.1	1826	1627	5239.07	1052.22
AT5G60390.2	2263	2064	92.1929	14.5957
AT1G04930.3	1360	1161	24	6.75488
AT1G04930.2	1409	1210	0	0
AT1G04930.1	1406	1207	0	0
AT4G32830.1	1510	1311	59.6056	14.8567
AT1G17790.1	2009	1810	37	6.67977
AT5G05810.1	1780	1581	9	1.86015
AT5G02610.1	903	704	374.794	173.963
AT5G02610.2	827	628	1.20635	0.627702
AT2G25610.2	1334	1135	8.28467	2.38516
AT2G25610.1	1060	861	126.715	48.0911
AT5G16790.2	1463	1264	0	0
AT5G16790.1	1135	936	5	1.74555
AT2G33540.2	4926	4727	20.2104	1.3971
AT2G33540.1	4801	4602	126.79	9.00275
AT3G03850.1	712	513	4	2.54789
AT2G28355.1	763	564	0	0
AT2G24960.1	2394	2195	0	0
AT2G24960.2	2472	2273	31.5356	4.53356
AT1G06740.1	2430	2231	25	3.66167
AT3G28320.1	954	755	0	0
AT5G61900.3	2106	1907	2.69523e-08	4.61832e-09
AT5G61900.1	2071	1872	46.3535	8.09124
AT5G44320.1	2194	1995	421.832	69.0931
AT4G27800.3	1414	1215	80.7776	21.7247
AT4G27800.1	1549	1350	163.648	39.6109
AT4G27800.2	1565	1366	12.5745	3.00799
AT4G37290.1	651	452	0	0
AT1G75730.2	2405	2206	16.8645	2.49808
AT1G75730.1	2988	2789	19.1355	2.24197
AT1G47317.1	312	113	0	0
AT3G23310.1	2621	2422	144	19.4279
AT2G43400.1	2348	2149	47.9997	7.29862
AT2G43400.2	1913	1714	0.000258151	4.92154e-05
AT1G80790.3	2637	2438	9.38735	1.25819
AT1G80790.1	2461	2262	63.0998	9.11537
AT1G80790.2	2335	2136	93.5128	14.3057
AT3G32330.1	984	785	0	0
AT1G35617.1	366	167	0	0
AT2G41810.1	1384	1185	100	27.5753
AT3G54870.2	3625	3426	0	0
AT3G54870.3	3582	3383	2.38847e-08	2.30705e-09
AT3G54870.1	3524	3325	10	0.982758
AT1G62978.1	147	6.75012	0	0
AT1G21730.1	3342	3143	89	9.25303
AT1G65980.2	1176	977	7.85167	2.62607
AT1G65980.1	987	788	534.465	221.631
AT3G20950.1	1581	1382	0	0
AT3G59870.1	1365	1166	60	16.8148
AT3G16430.1	1300	1101	41.1124	12.2018
AT3G16430.2	1322	1123	23.0216	6.69876
AT2G01940.1	1978	1779	11.2358	2.06379
AT2G01940.2	1503	1304	7.76421	1.94562
AT2G01940.3	1878	1679	0	0
AT1G06330.1	971	772	0	0
AT1G51745.2	2497	2298	10.6853	1.51941
AT1G51745.1	2783	2584	81.3147	10.2829
AT1G45215.1	549	350	0	0
AT5G60220.1	1073	874	1	0.373875
AT5G22870.1	777	578	7	3.95739
AT2G22470.1	837	638	158	80.9235
AT2G40160.3	1050	851	0	0
AT2G40160.2	1625	1426	0	0
AT2G40160.1	1754	1555	23	4.83321
AT5G22796.1	598	399	4	3.27586
AT5G06610.1	1370	1171	13	3.62765
AT5G26680.5	1878	1679	0	0
AT5G26680.2	1680	1481	33.472	7.38524
AT5G26680.4	1899	1700	0	0
AT5G26680.1	1443	1244	19.6295	5.15617
AT5G26680.3	2028	1829	3.89853	0.696506
AT1G69295.1	1742	1543	62.4891	13.2336
AT1G69295.2	1100	901	153.511	55.674
AT3G08700.2	640	441	0	0
AT3G08700.1	847	648	4	2.01708
AT5G41510.1	1203	1004	0	0
AT4G28130.1	1401	1202	0	0
AT3G07970.1	1656	1457	6	1.34564
AT1G25055.1	1550	1351	273.39	66.125
AT2G19330.1	1229	1030	0	0
AT2G18950.1	1940	1741	32.2407	6.05124
AT2G18950.2	1886	1687	36.7593	7.12016
AT3G62450.1	790	591	39	21.5633
AT4G27530.1	535	336	1	0.972521
AT1G70460.1	2911	2712	30.9213	3.72569
AT5G55120.1	1962	1763	261	48.3756
AT4G16162.3	1107	908	0	0
AT4G16162.5	498	299	0	0
AT4G16162.4	1025	826	0	0
AT4G16162.1	824	625	1	0.522827
AT4G16162.6	399	200	0	0
AT4G16162.2	1097	898	0	0
AT2G38940.1	1999	1800	158	28.6829
AT2G38380.1	1671	1472	230.513	51.1712
AT1G27180.7	4706	4507	2.56017	0.185618
AT1G27180.5	4854	4655	0	0
AT1G27180.2	4679	4480	0.000581022	4.23792e-05
AT1G27180.3	4447	4248	28.1938	2.16874
AT1G27180.6	4844	4645	33.3743	2.34782
AT1G27180.8	4617	4418	0	0
AT1G27180.1	4959	4760	0	0
AT1G27180.4	4943	4744	0	0
AT3G61870.1	1272	1073	484.579	147.572
AT3G61870.2	1327	1128	20.4207	5.9156
AT1G74340.1	607	408	45	36.0405
AT1G74340.2	704	505	0	0
AT3G06040.3	657	458	35.3321	25.2082
AT3G06040.2	1253	1054	6.64834	2.06116
AT3G06040.1	1000	801	150.02	61.2003
AT1G47056.1	1950	1751	50	9.33087
AT4G22780.1	2021	1822	38	6.81512
AT4G22780.2	2052	1853	1.47345e-07	2.59835e-08
AT1G75810.1	923	724	41	18.5048
AT2G02820.2	3271	3072	5.64455	0.600408
AT2G02820.3	3160	2961	48.7638	5.38142
AT2G02820.1	3358	3159	12.5917	1.30248
AT5G11830.1	525	326	0	0
AT1G42550.1	3076	2877	510	57.9253
AT1G02000.1	2088	1889	44	7.6113
AT3G61170.1	2474	2275	4	0.574536
AT2G07623.1	246	47.5399	0	0
AT3G20760.1	2442	2243	0	0
AT5G62720.2	1478	1279	13.9497	3.56397
AT5G62720.1	1525	1326	86.0503	21.2054
AT5G05530.1	801	602	0	0
AT4G33600.1	1513	1314	1	0.248681
AT5G15170.1	2463	2264	48	6.92792
AT5G03810.1	1062	863	0	0
AT1G51230.1	409	210	0	0
AT5G66610.2	1900	1701	7.70588	1.48032
AT5G66610.1	2053	1854	0	0
AT5G66610.3	2019	1820	15.2941	2.74594
AT5G28640.2	1750	1551	17.6411	3.71665
AT5G28640.3	1587	1388	0	0
AT5G28640.1	1439	1240	97.3589	25.6562
AT2G19440.2	1574	1375	1	0.237649
AT2G19440.1	1677	1478	0	0
AT3G02230.1	1567	1368	1228.24	293.384
AT5G36739.1	357	158	0	0
AT5G09500.1	681	482	0	0
AT1G77150.1	237	39.4185	0	0
AT3G59570.1	2708	2509	0	0
AT3G59570.3	2807	2608	39	4.88647
AT3G59570.2	2993	2794	0	0
AT4G11880.2	1496	1297	5.59052	1.40848
AT4G11880.4	1013	814	5.51394	2.21348
AT4G11880.1	1264	1065	3.89554	1.19524
AT4G11880.3	1377	1178	0	0
AT4G01230.1	939	740	0	0
AT4G01230.2	1086	887	2	0.736792
AT4G39820.1	1776	1577	83.038	17.2061
AT4G39820.2	1855	1656	20.962	4.13629
AT5G10605.2	380	181	2.60504	4.70299
AT5G10605.1	1861	1662	20.7894	4.08743
AT5G60215.1	201	17.0167	0	0
AT1G36085.1	714	515	0	0
AT2G26990.1	1820	1621	200	40.3167
AT1G31470.1	1787	1588	35.0328	7.2088
AT5G50500.1	408	209	0	0
AT3G57510.1	1603	1404	0	0
AT1G17744.1	1023	824	0	0
AT2G37230.1	2872	2673	197	24.0827
AT3G27090.1	1469	1270	714.268	183.779
AT3G27090.2	1717	1518	0	0
AT3G27090.3	1722	1523	46.7322	10.0266
AT5G36738.1	357	158	0	0
AT4G37180.1	1610	1411	50.9245	11.7934
AT4G37180.2	1573	1374	0	0
AT4G37180.3	1531	1332	0.0755446	0.0185326
AT2G38860.2	2127	1928	43.7527	7.41543
AT2G38860.3	1181	982	26.3525	8.76896
AT2G38860.1	1512	1313	164.895	41.0375
AT2G42010.2	3935	3736	0	0
AT2G42010.1	3868	3669	127.838	11.3855
AT3G05960.1	1884	1685	0	0
AT2G37195.1	610	411	5.43925	4.3245
AT2G37195.2	931	732	4.56075	2.03593
ATCG00430.1	678	479	9	6.13967
AT1G13030.1	2202	2003	57	9.29891
AT3G28950.1	906	707	54	24.9582
AT5G57670.2	2016	1817	3	0.539516
AT2G28405.1	442	243	0	0
AT4G38140.1	549	350	1	0.93362
AT1G51172.1	2046	1847	0	0
AT2G02300.1	1328	1129	3	0.868292
AT1G09460.1	1466	1267	23	5.93184
AT1G77130.1	2176	1977	191	31.5693
AT2G35635.1	1175	976	183	61.2688
AT2G18910.1	975	776	88	37.0561
AT1G50510.1	1387	1188	70	19.254
AT4G26530.1	1372	1173	209.124	58.2564
AT4G26530.3	2217	2018	0	0
AT4G26530.2	1424	1225	23.5577	6.28398
AT2G01640.2	779	580	21.6429	12.1934
AT2G01640.1	1003	804	14.3571	5.83513
AT5G12990.1	259	60.0956	0	0
AT3G09990.1	1254	1055	0	0
AT1G72890.2	1572	1373	8.84914	2.10605
AT1G72890.1	1468	1269	6.15086	1.58384
AT4G12540.2	1751	1552	0	0
AT4G12540.3	1730	1531	0	0
AT4G12540.5	1458	1259	14	3.63363
AT4G12540.4	1750	1551	0	0
AT4G12540.1	1608	1409	0	0
AT5G26250.1	1644	1445	0	0
AT1G22100.1	1417	1218	1	0.268282
AT1G10010.1	1428	1229	0	0
AT1G10010.2	1615	1416	0	0
AT1G32375.2	1305	1106	1	0.295449
AT1G32375.1	1546	1347	0	0
AT3G26020.7	2427	2228	0	0
AT3G26020.4	2271	2072	0	0
AT3G26020.8	2220	2021	0	0
AT3G26020.3	2202	2003	0	0
AT3G26020.2	2155	1956	40.5116	6.76783
AT3G26020.5	2509	2310	0	0
AT3G26020.1	2326	2127	0	0
AT3G26020.6	2284	2085	48.4884	7.59924
AT1G62690.1	668	469	1	0.696732
AT1G62690.2	680	481	0	0
AT5G48120.3	3860	3661	128.97	11.5114
AT5G48120.1	3880	3681	0	0
AT5G48120.2	3708	3509	0.030113	0.0028042
AT5G57270.3	1704	1505	70.037	15.2065
AT5G57270.1	2037	1838	13.9139	2.47367
AT5G57270.4	2067	1868	23.0206	4.02697
AT5G57270.5	2078	1879	0.0272159	0.00473297
AT5G57270.2	2052	1853	0.00123342	0.000217507
AT5G53620.2	2521	2322	63.9473	8.99908
AT5G53620.1	2447	2248	193.052	28.0619
AT5G53620.3	2436	2237	0.000333067	4.86524e-05
AT4G25730.1	2856	2657	424	52.145
AT3G51910.1	1159	960	22	7.48841
AT3G06890.1	829	630	29	15.0417
AT5G35160.2	2621	2422	304.882	41.1335
AT5G35160.3	2478	2279	1.70278e-07	2.44148e-08
AT5G35160.4	2686	2487	0	0
AT5G35160.1	2272	2073	170.118	26.8158
AT2G35155.2	2510	2311	0	0
AT2G35155.1	2348	2149	100	15.2055
AT5G24950.1	1491	1292	0	0
AT2G42780.1	1401	1202	47.3228	12.8648
AT2G42780.2	1147	948	42.6772	14.7104
AT3G48020.1	799	600	5	2.72306
AT5G04130.2	2728	2529	0	0
AT5G04130.1	2596	2397	157.319	21.4463
AT5G04130.3	1832	1633	0	0
AT1G09290.1	1337	1138	34.5845	9.93064
AT5G67360.1	2960	2761	1260	149.122
AT5G16285.1	273	74.0093	0	0
AT5G14370.1	1550	1351	85	20.559
AT2G40210.1	1116	917	0	0
AT3G58590.1	2544	2345	3	0.418039
AT5G20600.1	1856	1657	210	41.4129
AT5G18740.1	2307	2108	8	1.2401
AT1G57780.1	905	706	0	0
AT3G28780.1	2391	2192	0	0
AT4G20560.1	1094	895	0	0
AT1G30020.1	474	275	0	0
AT4G28570.1	2848	2649	0	0
AT4G28570.2	2808	2609	83	10.3954
AT3G61050.2	1969	1770	95.6757	17.6631
AT3G61050.1	1895	1696	188.324	36.2843
AT2G36540.1	750	551	4	2.37218
AT4G20920.5	2734	2535	5	0.644511
AT4G20920.3	2995	2796	0	0
AT4G20920.1	2813	2614	0	0
AT4G20920.4	2782	2583	0	0
AT4G20920.2	3073	2874	0	0
ATCG00780.1	369	170	21	40.3654
AT2G15280.2	901	702	0	0
AT2G15280.1	1202	1003	83	27.0405
AT2G31920.1	2157	1958	6	1.00133
AT2G39100.2	1282	1083	0	0
AT2G39100.1	1408	1209	21	5.67586
AT5G14440.2	1138	939	89	30.9715
AT5G14440.1	1141	942	2.98781e-06	1.03643e-06
AT4G22970.1	6907	6708	32.0844	1.56293
AT4G22970.3	6812	6613	0.306329	0.0151366
AT4G22970.2	6954	6755	26.6093	1.2872
AT5G50060.1	701	502	0	0
AT5G52690.1	627	428	0	0
AT5G19580.1	2291	2092	17	2.65537
AT2G27920.2	1390	1191	8.49271	2.33009
AT2G27920.1	1725	1526	22.7761	4.87712
AT2G27920.3	1569	1370	0	0
AT1G54410.1	1113	914	1289	460.835
AT5G22720.1	1407	1208	1	0.270503
AT5G14380.1	1033	834	1	0.391807
AT2G45695.1	550	351	26	24.205
AT3G43970.1	417	218	0	0
AT3G43970.2	486	287	0	0
ATMG00150.1	351	152	1	2.14978
AT2G33130.1	676	477	0	0
ATMG00980.1	378	179	0	0
AT1G20650.1	2310	2111	129.856	20.1007
AT3G13437.2	528	329	9	8.93892
AT3G13437.1	538	339	0	0
AT4G27270.4	1334	1135	0	0
AT4G27270.3	1039	840	0	0
AT4G27270.1	1003	804	32.77	13.3186
AT4G27270.2	1328	1129	3.23001	0.934863
AT5G11200.2	1887	1688	24.8971	4.81965
AT5G11200.1	1735	1536	537.931	114.439
AT5G11200.3	1833	1634	10.9373	2.18724
AT1G10670.4	1771	1572	200.151	41.6049
AT1G10670.2	1687	1488	249.471	54.7842
AT1G10670.3	1724	1525	3.77634	0.809169
AT1G10670.1	1760	1561	481.21	100.733
AT4G23710.1	860	661	191	94.4214
AT5G47630.1	648	449	36.9165	26.8666
AT5G47630.2	858	659	0	0
AT5G47630.3	577	378	7.08354	6.12346
AT5G26820.1	2239	2040	255	40.8459
AT1G32370.2	985	786	0	0
AT1G32370.1	1212	1013	15.5846	5.02719
AT1G32370.3	1078	879	0	0
AT1G32370.4	1017	818	13.4154	5.35905
AT4G22235.1	615	416	14.9963	11.7796
AT4G22235.2	561	362	0.00368874	0.00332972
AT4G33210.1	3837	3638	185	16.6168
AT1G25988.1	543	344	0	0
AT4G35920.1	2240	2041	60.0294	9.6108
AT4G35920.5	1900	1701	0	0
AT4G35920.4	2012	1813	32.5792	5.87193
AT4G35920.2	1934	1735	157.391	29.6428
AT4G35920.3	2161	1962	0	0
AT3G59590.1	1365	1166	0	0
AT5G62890.1	2207	2008	0	0
AT5G62890.2	2320	2121	86.7323	13.3622
AT5G62890.4	1877	1678	0	0
AT5G62890.3	2051	1852	467.268	82.4448
AT1G51810.1	2711	2512	0	0
AT3G49150.1	1404	1205	0	0
AT3G08510.2	2223	2024	0.10053	0.0162302
AT3G08510.4	2218	2019	0	0
AT3G08510.3	2136	1937	0	0
AT3G08510.1	2352	2153	402.899	61.1492
AT2G19820.1	387	188	0	0
AT1G73860.2	3114	2915	18	2.01777
AT1G73860.1	3602	3403	0	0
AT1G28460.1	549	350	1	0.93362
AT1G49500.1	1057	858	10.3478	3.94094
AT1G49500.2	1241	1042	22.6522	7.10363
AT5G16440.1	1248	1049	130.264	40.5776
AT3G50870.1	1292	1093	15	4.48445
AT1G50380.2	2677	2478	0.0150365	0.00198282
AT1G50380.1	2657	2458	164.985	21.9331
AT5G36790.3	1412	1213	1.91779e-07	5.1663e-08
AT5G36790.2	1763	1564	31.2018	6.51901
AT5G36790.1	1654	1455	335.569	75.3629
AT1G34910.1	399	200	0	0
AT3G03350.1	867	668	0	0
AT3G03350.2	1429	1230	19.5306	5.18859
AT4G26555.1	886	687	58.3574	27.7573
AT4G26555.3	958	759	10.6426	4.5819
AT4G26555.2	843	644	0	0
AT4G19720.1	1445	1246	11	2.88478
AT1G80850.1	1472	1273	40	10.2676
AT5G07300.1	2260	2061	183	29.0143
AT3G46790.1	2365	2166	66	9.95689
AT5G63060.1	1102	903	31	11.2179
AT5G63060.2	868	669	0	0
AT1G47790.1	1170	971	0	0
AT5G38950.1	315	116	0	0
AT2G19580.1	1204	1005	29	9.4291
AT2G22960.1	600	401	0	0
AT5G14620.1	2331	2132	49	7.51013
AT3G12880.1	823	624	1	0.523665
AT4G30770.1	1318	1119	0	0
AT1G24100.1	1673	1474	228	50.5447
AT2G20380.1	1047	848	0	0
AT1G09300.2	2129	1930	15.3821	2.60434
AT1G09300.1	1950	1751	14.0334	2.61888
AT1G35710.1	4127	3928	43	3.57713
AT5G39680.1	2449	2250	6	0.871379
AT1G18630.1	867	668	33.0948	16.1891
AT5G25550.1	1926	1727	1	0.189211
AT4G02740.1	1707	1508	55	11.9179
AT4G02740.2	1791	1592	0	0
AT4G25980.1	981	782	0	0
AT4G25980.2	965	766	0	0
AT5G16050.1	1370	1171	336.407	93.8741
AT5G16050.2	1409	1210	79.5934	21.4946
AT2G37550.2	1796	1597	0.000153711	3.14512e-05
AT2G37550.1	1901	1702	334	64.1247
AT4G18190.1	1488	1289	0	0
AT3G44110.1	1944	1745	1754.02	328.456
AT3G44110.2	1614	1415	17.4286	4.0248
AT1G20730.1	1064	865	0	0
AT4G34980.1	2865	2666	381	46.6985
AT1G21310.1	1654	1455	3433	770.991
AT3G28750.1	1348	1149	2	0.568785
AT2G29300.2	1000	801	6.25861	2.55319
AT2G29300.1	1026	827	10.7414	4.24418
AT4G03728.1	426	227	0	0
AT1G14570.1	1775	1576	63.8426	13.2371
AT1G14570.4	1647	1448	0	0
AT1G14570.3	1666	1467	84.986	18.9302
AT1G14570.2	1793	1594	23.1714	4.75009
AT5G56110.1	963	764	0	0
AT1G07080.1	1223	1024	251	80.0962
AT3G32130.1	645	446	0	0
AT1G12840.1	2801	2602	642	80.6243
AT1G42700.1	450	251	0	0
AT5G52470.2	1220	1021	292.806	93.7115
AT5G52470.1	1380	1181	509.306	140.918
AT2G17600.1	1743	1544	0	0
AT5G20050.1	1834	1635	68	13.5903
AT2G35480.1	1054	855	25	9.55459
AT2G35480.2	1327	1128	0	0
AT2G25630.1	1470	1271	0	0
AT5G18450.1	1018	819	0	0
AT1G20560.1	2068	1869	113.084	19.771
AT1G20560.2	2002	1803	11.9163	2.15966
AT5G19720.1	626	427	0	0
AT1G23201.1	583	384	0	0
AT1G23201.2	932	733	0	0
AT1G09030.1	422	223	0	0
AT1G08135.1	2785	2586	0	0
AT1G29010.1	1015	816	0	0
AT5G55650.1	905	706	2	0.925686
AT1G33040.1	901	702	186	86.5793
AT5G53660.1	1720	1521	3	0.644511
AT5G11780.1	1832	1633	11	2.20113
AT5G44860.2	1387	1188	0.404725	0.111322
AT5G44860.1	1408	1209	50.5953	13.6748
AT4G34580.2	2031	1832	0	0
AT4G34580.1	1919	1720	39	7.40925
AT2G35075.1	1851	1652	4	0.791204
AT4G16566.2	1373	1174	0	0
AT4G16566.1	1392	1193	0	0
AT4G16566.3	942	743	28	12.3142
AT2G43590.1	1110	911	340	121.955
AT2G21520.1	2622	2423	14.1096	1.90283
AT2G21520.2	2328	2129	240.359	36.8912
AT2G21520.3	2517	2318	86.5314	12.1983
AT5G47240.2	1657	1458	0	0
AT5G47240.1	1522	1323	4	0.987958
AT1G51130.1	1657	1458	19	4.25828
AT2G01650.2	1766	1567	0.103782	0.0216416
AT2G01650.1	1757	1558	77.2489	16.2018
AT2G01650.3	1785	1586	24.6473	5.07815
AT1G78320.2	744	545	0	0
AT1G78320.1	868	669	4	1.95376
AT4G02070.1	4549	4350	5.86686e-07	4.40712e-08
AT4G02070.2	4478	4279	94	7.17834
AT5G51760.1	1568	1369	0	0
AT5G51760.2	1526	1327	4	0.98498
AT3G05540.1	507	308	0	0
AT1G16870.1	1840	1641	138	27.4795
AT5G58170.1	2622	2423	1	0.134861
AT1G05530.1	1666	1467	9.28681	2.06859
AT3G24700.2	813	614	0	0
AT3G24700.1	750	551	0	0
AT1G55205.1	792	593	29	15.9802
AT1G55205.2	511	312	0	0
AT1G03870.1	1164	965	1163	393.814
AT1G13520.1	1464	1265	11	2.84145
AT2G07646.1	498	299	0	0
AT4G19130.1	2496	2297	9.51792	1.354
AT4G19130.2	2803	2604	8.48208	1.06439
AT1G69540.1	1763	1564	2	0.417861
AT1G69540.2	1861	1662	0	0
AT1G69540.3	1080	881	0	0
AT5G41860.1	768	569	9.14927	5.25427
AT4G02170.1	790	591	0	0
AT1G48930.1	2204	2005	31	5.05226
AT2G17840.1	1808	1609	142	28.8384
AT2G17840.2	1851	1652	0	0
AT1G14740.1	2722	2523	219	28.3639
AT2G20230.1	1388	1189	305	83.8217
AT3G15250.1	934	735	2	0.889162
AT5G35120.1	324	125	0	0
AT5G54460.1	426	227	0	0
AT5G13590.1	5146	4947	20.2152	1.33529
AT5G13590.3	5274	5075	118.66	7.64024
AT5G13590.6	5155	4956	2.295e-08	1.51317e-09
AT5G13590.5	5221	5022	0	0
AT5G13590.2	5567	5368	32.5449	1.98111
AT5G13590.4	5237	5038	24.5798	1.59426
AT1G22450.1	1329	1130	392	113.356
AT5G11810.1	1290	1091	86	25.758
AT4G00370.1	2128	1929	538	91.1357
AT5G51390.1	498	299	3	3.2786
AT4G36240.1	1238	1039	65	20.4426
AT2G45620.1	2528	2329	202	28.3413
AT5G37990.1	1089	890	17	6.24162
AT2G20950.1	2526	2327	0	0
AT2G20950.6	2615	2416	0	0
AT2G20950.3	2185	1986	0	0
AT2G20950.7	2450	2251	0	0
AT2G20950.13	2247	2048	0	0
AT2G20950.14	2166	1967	21.722	3.60855
AT2G20950.5	2684	2485	0	0
AT2G20950.12	2324	2125	0	0
AT2G20950.11	2328	2129	0	0
AT2G20950.8	2401	2202	0	0
AT2G20950.2	2183	1984	1.45624e-06	2.39844e-07
AT2G20950.4	2334	2135	29.031	4.44327
AT2G20950.9	2442	2243	44.6144	6.49956
AT2G20950.10	2433	2234	15.6326	2.28658
AT1G63020.3	5263	5064	0	0
AT1G63020.1	5018	4819	1.8566e-05	1.25893e-06
AT1G63020.5	4202	4003	17.6933	1.44432
AT1G63020.2	5115	4916	32.3067	2.14743
AT1G63020.4	4915	4716	2.15428e-07	1.49268e-08
AT5G62880.1	1244	1045	92.3596	28.8804
AT5G62880.2	1304	1105	8.64045	2.55513
AT3G57190.1	1760	1561	41	8.58261
AT5G11090.1	1170	971	95.6358	32.184
AT3G21370.1	1914	1715	0	0
AT2G02040.1	2136	1937	194	32.7273
AT2G31840.1	1387	1188	25.678	7.06289
AT2G31840.2	1374	1175	35.322	9.82305
AT3G22690.1	2935	2736	0	0
AT3G22690.3	3116	2917	8.09761	0.907107
AT3G22690.2	3227	3028	0	0
AT5G42370.2	1981	1782	0	0
AT5G42370.1	1846	1647	11	2.18242
AT5G15490.1	1833	1634	415	82.9916
AT3G01610.1	2797	2598	92.7857	11.6703
AT3G01610.2	2629	2430	30.2143	4.06298
AT2G06500.1	1749	1550	0	0
AT5G25370.1	2625	2426	1.84543	0.248568
AT5G25370.3	2997	2798	0	0
AT5G25370.2	3110	2911	12.0109	1.34825
AT5G25370.4	2663	2464	10.1437	1.34522
AT5G02000.1	705	506	1	0.645785
AT1G60110.3	1972	1773	0	0
AT1G60110.2	1986	1787	9	1.64572
AT1G60110.1	2015	1816	8.47695e-08	1.52532e-08
AT5G47190.1	1009	810	733	295.704
AT2G25980.1	1727	1528	210	44.9091
AT2G25980.2	1710	1511	0	0
AT3G57070.1	1824	1625	114	22.924
AT3G04610.3	2555	2356	13.2869	1.84284
AT3G04610.2	2655	2456	36.1255	4.80645
AT3G04610.4	2069	1870	33.6645	5.8826
AT3G04610.1	2169	1970	108.923	18.0672
AT5G10280.1	1533	1334	36	8.8183
AT2G24310.1	1173	974	7	2.34843
AT2G41150.1	1603	1404	0	0
AT2G41150.2	1609	1410	23	5.33024
AT3G57710.1	2724	2525	56.7715	7.34695
AT2G33820.1	1010	811	29	11.6846
AT2G33820.4	890	691	0	0
AT2G33820.2	1184	985	0	0
AT2G33820.3	1034	835	0	0
AT1G31095.1	201	17.0167	0	0
AT3G44704.1	156	7.59116	0	0
AT1G72090.1	2039	1840	150	26.6386
AT4G00270.1	1476	1277	68.5126	17.5315
AT2G02400.1	1418	1219	58	15.5476
AT4G28680.1	1808	1609	0	0
AT4G28680.6	2484	2285	0	0
AT4G28680.3	1942	1743	0	0
AT4G28680.7	2386	2187	6.47041	0.966767
AT4G28680.2	1814	1615	0	0
AT4G28680.5	1997	1798	0	0
AT4G28680.4	2048	1849	12.5296	2.21431
AT5G47460.1	1874	1675	2	0.39017
AT2G15050.2	2148	1949	43.0798	7.22271
AT2G15050.3	2169	1970	76.2714	12.6513
AT2G15050.1	2801	2602	119.649	15.0259
AT2G21480.1	2978	2779	0	0
AT1G55970.1	4413	4214	26.19	2.03085
AT1G55970.2	4433	4234	46.81	3.61266
AT1G65810.2	3051	2852	1	0.114575
AT1G65810.3	3368	3169	0	0
AT1G65810.1	3153	2954	0	0
AT4G31830.1	622	423	0	0
AT5G49570.1	2522	2323	99	13.9259
AT3G29070.1	790	591	0	0
AT1G11890.1	1095	896	136	49.5986
AT4G39050.1	3889	3690	281	24.8839
AT3G27100.2	832	633	8.39925	4.33586
AT3G27100.1	802	603	24.6007	13.3312
AT2G07280.1	1482	1283	0	0
AT5G13400.1	2226	2027	202	32.5639
AT3G48298.1	126	5.35093	0	0
AT2G23550.2	948	749	0	0
AT2G23550.1	1629	1430	0	0
AT2G23550.4	1053	854	2	0.765263
AT2G23550.3	1160	961	0	0
AT3G54590.1	2494	2295	272.439	38.7904
AT3G54590.3	2232	2033	275.522	44.2851
AT3G54590.2	2401	2202	0	0
AT4G20540.1	1094	895	0	0
AT3G21540.1	3224	3025	135	14.583
AT5G48310.1	3573	3374	27.8667	2.69885
AT5G48310.2	3678	3479	33.1333	3.11207
AT5G10160.1	898	699	115	53.76
AT2G42170.1	1407	1208	11.0173	2.9802
AT2G42170.3	1812	1613	3.98272	0.806832
AT2G42170.4	1497	1298	0	0
AT2G42170.5	986	787	0	0
AT2G42170.2	1907	1708	0	0
AT5G44160.2	2300	2101	4.90888	0.763475
AT5G44160.1	1872	1673	19.0911	3.72884
AT3G03270.2	1906	1707	81.0445	15.5142
AT3G03270.1	895	696	52.9555	24.8622
AT4G28940.2	1074	875	5.59063	2.08781
AT4G28940.1	1452	1253	16.4094	4.27936
AT5G61290.1	1625	1426	10	2.29149
AT1G48195.1	527	328	0	0
AT1G71040.1	2481	2282	177	25.3452
AT3G18870.1	959	760	11	4.72952
AT1G56280.1	1185	986	722	239.276
AT1G56280.2	1431	1232	0	0
AT5G13330.1	1506	1307	31	7.75041
AT3G56710.2	1228	1029	11	3.49314
AT3G56710.1	1427	1228	0	0
AT2G26490.1	1894	1695	0	0
AT1G65352.1	285	86.0009	0	0
AT1G43005.1	678	479	0	0
AT3G24770.1	1171	972	88	29.5839
AT5G66650.1	3922	3723	8	0.702159
AT5G64800.1	758	559	4	2.33823
AT1G15370.1	978	779	100	41.947
AT2G23320.2	1235	1036	0.00494324	0.00155916
AT2G23320.1	1284	1085	153.995	46.3784
ATMG00830.1	1149	950	0	0
AT2G24430.2	1045	846	0	0
AT2G24430.1	1045	846	8	3.09
AT4G23450.3	1382	1183	0	0
AT4G23450.5	1169	970	0	0
AT4G23450.1	1061	862	14	5.30712
AT4G23450.2	1327	1128	0	0
AT4G23450.6	1111	912	0	0
AT4G23450.4	1515	1316	0	0
AT5G58560.1	1477	1278	161	41.1655
AT3G15280.1	712	513	0	0
AT5G14180.3	1576	1377	0	0
AT5G14180.5	1051	852	2.233	0.856422
AT5G14180.1	1671	1472	0	0
AT5G14180.4	1169	970	7.767	2.61649
AT5G14180.2	1321	1122	0	0
AT2G38070.1	2227	2028	25	4.02819
AT1G14290.1	1538	1339	85.6665	20.9059
AT1G14290.2	1858	1659	8.3335	1.64142
AT1G65870.1	1076	877	59	21.9832
AT1G18000.1	1918	1719	88	16.728
AT5G65270.1	1184	985	131	43.4584
AT4G33160.2	1699	1500	0	0
AT4G33160.1	1667	1468	28	6.23262
AT4G17565.1	1137	938	0	0
AT1G62950.1	3269	3070	37	3.93824
AT3G04820.1	2429	2230	73	10.6969
AT1G32870.3	1701	1502	9.89167	2.15198
AT1G32870.1	1919	1720	65.108	12.3693
AT1G32870.2	1890	1691	0.000372598	7.20005e-05
AT3G15830.1	1090	891	0	0
AT4G02880.2	2702	2503	48.1463	6.2855
AT4G02880.1	2184	1985	36.8537	6.0668
AT1G12845.1	776	577	14	7.92849
AT2G38300.1	1586	1387	23	5.41863
AT1G65120.2	4135	3936	2.68285e-08	2.22731e-09
AT1G65120.1	4071	3872	4	0.337569
AT3G56310.1	1641	1442	269.967	61.1765
AT3G56310.2	1471	1272	0.0326184	0.00837941
AT1G73020.2	2457	2258	52	7.52519
AT1G73020.3	2589	2390	0	0
AT1G73020.1	2695	2496	0	0
AT5G55790.2	2541	2342	38.6953	5.39895
AT5G55790.1	666	467	25.8891	18.115
AT5G55790.3	2523	2324	22.5525	3.17101
AT1G03060.4	11483	11284	177.12	5.12912
AT1G03060.1	11304	11105	125.922	3.70529
AT1G03060.2	11983	11784	1.33421e-05	3.69973e-07
AT1G03060.3	11892	11693	142.958	3.99503
AT5G57685.1	1259	1060	46	14.1805
AT5G04885.3	2680	2481	0	0
AT5G04885.1	2562	2363	18.1769	2.51359
AT5G04885.2	2432	2233	50.8231	7.43722
AT2G32620.3	2289	2090	0	0
AT2G32620.1	2432	2233	0	0
AT2G32620.2	2353	2154	9.08861	1.37876
AT2G32620.4	2116	1917	1.12686	0.192082
AT1G68862.1	632	433	0	0
AT1G68862.2	482	283	4	4.61862
AT1G68862.3	446	247	0	0
AT1G68862.4	1061	862	0	0
AT3G10180.1	4257	4058	0	0
AT3G10180.2	4036	3837	28	2.38454
AT4G15610.1	1285	1086	72	21.6641
AT4G15610.2	1703	1504	0	0
AT5G64410.1	2793	2594	47	5.92061
AT1G10470.2	1357	1158	102.998	29.0643
AT1G10470.1	2017	1818	0	0
AT1G10470.3	1193	994	154.93	50.9317
AT3G50400.1	1393	1194	16	4.37879
AT2G41000.2	889	690	0	0
AT2G41000.1	1176	977	40	13.3784
AT1G23670.2	1024	825	0	0
AT1G23670.1	875	676	0	0
AT2G29190.2	3729	3530	129.574	11.9945
AT2G29190.1	3738	3539	167.233	15.4412
AT5G24550.1	1605	1406	1	0.232409
AT1G03560.1	2338	2139	49	7.48555
AT5G55125.1	645	446	52	38.0984
AT5G55125.2	569	370	0	0
AT1G63070.1	1773	1574	0	0
AT2G03330.1	1158	959	12.5591	4.27934
AT1G67760.1	1007	808	6	2.42649
AT1G68150.1	1322	1123	36	10.4752
AT1G35440.1	744	545	0	0
AT5G36260.1	1915	1716	6	1.14254
AT1G53542.1	186	12.4336	0	0
AT5G45380.1	2742	2543	86	11.0507
AT2G47245.1	618	419	0	0
AT4G27440.2	1446	1247	4.10611e-07	1.07598e-07
AT4G27440.1	1641	1442	550	124.634
AT3G57230.2	1508	1309	10.0792	2.51609
AT3G57230.1	1415	1216	15.9606	4.28898
AT3G57230.5	2099	1900	0	0
AT3G57230.3	2524	2325	8.13491	1.14332
AT3G57230.4	1045	846	31.8253	12.2925
AT1G79730.1	2089	1890	162	28.0086
AT4G06744.1	1922	1723	142	26.9303
AT4G16860.1	3699	3500	126.966	11.8538
AT4G16860.2	3420	3221	29.8335	3.02658
AT5G14910.1	1129	930	186	65.3534
AT5G14910.2	1069	870	354	132.96
AT1G75080.2	1659	1460	23.4859	5.25644
AT1G75080.1	1563	1364	110.939	26.5772
AT1G49800.1	1104	905	0	0
AT3G10970.1	1889	1690	15.6351	3.0231
AT3G10970.3	1475	1276	174.233	44.6189
AT3G10970.2	1503	1304	75.1317	18.8271
AT5G65510.2	1655	1456	5.55193	1.24601
AT5G65510.1	1640	1441	0	0
AT5G65510.4	1431	1232	0	0
AT5G65510.3	1511	1312	3.44807	0.858778
AT5G60110.1	984	785	0	0
AT1G12160.1	1705	1506	25	5.42442
AT4G22710.1	1855	1656	19.5383	3.85535
AT4G26230.1	762	563	528.215	306.578
AT5G20240.1	1233	1034	0	0
AT5G20240.2	1222	1023	0	0
AT5G53380.1	1633	1434	5	1.13936
AT2G02100.1	753	554	399	235.343
AT1G59470.1	1989	1790	0	0
AT1G56450.1	1350	1151	321	91.1314
AT4G23100.3	2424	2225	16.6471	2.44482
AT4G23100.2	2153	1954	578.27	96.704
AT4G23100.1	2383	2184	478.083	71.5301
AT4G27360.1	533	334	38	37.1771
AT3G21150.1	1283	1084	40	12.0578
AT3G17170.1	1125	926	120	42.3456
AT2G45010.2	1769	1570	9.75316	2.02994
AT2G45010.1	1172	973	62.2468	20.9046
AT5G10700.2	592	393	0	0
AT5G10700.1	603	404	11	8.89712
AT1G63570.3	928	729	2	0.89648
AT1G63570.1	1072	873	0	0
AT1G63570.2	1128	929	0	0
AT3G05590.1	997	798	1839.17	753.11
AT3G05590.3	1088	889	6.34866	2.33356
AT3G05590.2	1210	1011	0	0
AT5G64150.1	1863	1664	41.8213	8.21263
AT1G54380.1	2110	1911	72	12.3115
AT1G64520.1	1335	1136	370	106.429
AT3G07690.1	1780	1581	33.3844	6.90001
AT3G07690.2	1495	1296	27.6156	6.96287
AT2G20562.1	641	442	15	11.0894
AT1G10340.1	2042	1843	0	0
AT1G10340.2	1921	1722	9	1.70784
AT4G35750.1	1398	1199	161	43.8778
AT1G10830.3	1417	1218	13.9477	3.74191
AT1G10830.2	1631	1432	0	0
AT1G10830.1	1459	1260	93.0523	24.1321
AT3G48340.1	1596	1397	65	15.2039
AT5G22799.2	411	212	4.16177e-05	6.41476e-05
AT5G22799.1	621	422	1.99996	1.54863
AT2G34280.1	1637	1438	0	0
AT2G26180.1	1515	1316	35	8.69061
AT1G60070.1	3158	2959	361	39.8658
AT1G60070.2	3268	3069	0	0
AT1G06120.1	1155	956	8.49185	2.90257
AT3G23330.2	2239	2040	1.82449e-05	2.92246e-06
AT3G23330.1	2353	2154	16	2.42724
AT2G22910.1	2327	2128	62	9.52047
AT2G35900.2	1552	1353	7.66572	1.85137
AT2G35900.3	1202	1003	0	0
AT2G35900.1	1199	1000	44.3343	14.487
AT1G09650.1	2110	1911	5	0.854964
AT4G25080.6	1097	898	0	0
AT4G25080.4	1189	990	296.637	97.9103
AT4G25080.2	1330	1131	355.374	102.674
AT4G25080.3	1481	1282	366.824	93.4992
AT4G25080.5	1392	1193	140.182	38.3963
AT4G25080.1	1438	1239	8.98376	2.36933
AT3G49060.1	2933	2734	92	10.9958
AT3G49060.3	3376	3177	0	0
AT3G49060.2	2658	2459	0	0
AT1G75620.1	1915	1716	7	1.33297
AT5G10930.1	2250	2051	53	8.44401
AT5G11190.1	931	732	3	1.33921
ATCG00150.1	750	551	19	11.2678
AT3G52020.1	1578	1379	0	0
AT5G26580.1	1038	839	0	0
AT5G01017.1	255	56.1701	1.77903	10.3494
AT5G38510.2	1635	1436	76.9992	17.5215
AT5G38510.3	1584	1385	23.9201	5.64355
AT5G38510.1	1701	1502	29.0807	6.32663
AT4G07950.1	940	741	30.3727	13.3938
AT1G13420.1	1380	1181	42	11.6208
AT5G49140.1	3057	2858	0	0
AT1G49940.5	1665	1466	6	1.33738
AT1G49940.2	823	624	0	0
AT1G49940.4	781	582	0	0
AT1G49940.1	994	795	0	0
AT1G49940.3	1185	986	0	0
AT4G34138.1	2082	1883	98	17.0065
AT5G67170.2	1215	1016	0	0
AT5G67170.1	1415	1216	21	5.64318
AT5G67170.3	1320	1121	0	0
AT2G41610.1	1083	884	1.01981	0.376969
AT1G23360.2	1303	1104	0	0
AT1G23360.1	1177	978	53.6289	17.9183
AT1G23360.3	1253	1054	9.37115	2.9053
AT1G08640.1	1649	1450	325	73.2409
AT2G37590.1	1507	1308	10	2.49822
AT4G30840.1	1507	1308	46	11.4918
AT2G32810.1	3043	2844	226	25.9667
AT2G32810.2	3215	3016	0	0
AT1G27900.2	2679	2480	27.2709	3.59324
AT1G27900.1	2641	2442	61.2086	8.1904
AT1G27900.3	2839	2640	10.5205	1.30218
AT2G02560.1	4099	3900	245.714	20.5875
AT2G02560.2	4204	4005	76.2857	6.22414
AT4G33290.1	1293	1094	0	0
AT2G13450.1	1503	1304	0	0
AT5G43370.1	1869	1670	26.389	5.16351
AT5G43370.2	1624	1425	1.52379e-06	3.4942e-07
AT5G19485.1	1868	1669	93	18.2081
AT4G03113.1	189	13.1915	0	0
AT3G20150.1	4043	3844	102	8.67072
AT3G20150.2	4013	3814	4.13824e-05	3.54546e-06
AT5G63063.1	569	370	0	0
AT3G45640.1	1858	1659	175	34.4691
AT4G00500.1	1809	1610	28.0385	5.69071
AT4G00500.2	1965	1766	33.9615	6.28398
AT3G27920.1	943	744	6	2.63522
AT3G18020.1	2076	1877	9	1.56681
AT4G14560.1	946	747	43	18.8099
AT4G32570.2	1218	1019	12.3242	3.95207
AT4G32570.1	1452	1253	129.374	33.7391
AT5G63220.3	1231	1032	0	0
AT5G63220.1	1338	1139	56.5749	16.2307
AT5G63220.2	1359	1160	11.4251	3.21841
AT1G53800.2	2018	1819	42.6279	7.65773
AT1G53800.4	1453	1254	37.9467	9.88815
AT1G53800.1	2182	1983	67.248	11.0814
AT1G53800.3	2194	1995	78.1773	12.8049
AT5G23490.4	2705	2506	33.1738	4.32567
AT5G23490.1	2830	2631	0	0
AT5G23490.3	3111	2912	0	0
AT5G23490.2	2947	2748	11.3554	1.35028
AT1G62540.3	1730	1531	0	0
AT1G62540.1	1900	1701	5	0.960515
AT1G62540.2	1975	1776	0	0
AT1G54040.3	1444	1245	0	0
AT1G54040.2	1370	1171	26.4962	7.39374
AT1G54040.1	1630	1431	5.50385	1.2568
AT3G29796.1	1392	1193	0	0
AT5G35580.2	1897	1698	47.7349	9.18622
AT5G35580.1	1648	1449	12.2651	2.76592
AT3G49551.1	168	9.06081	0	0
AT5G24110.1	1290	1091	22	6.58925
AT1G78172.1	1012	813	4	1.60771
AT1G69600.1	1391	1192	6	1.6448
AT1G20735.1	1191	992	0	0
AT3G31950.1	1524	1325	0	0
AT1G22690.1	727	528	50.6667	31.3564
AT1G22690.2	529	330	35.8333	35.4823
AT1G22690.3	485	286	36.5	41.7028
AT3G45140.1	3002	2803	455.479	53.0987
AT3G45140.2	3186	2987	13.5205	1.47909
AT5G05870.1	1748	1549	54	11.3915
AT3G50550.1	910	711	48.2034	22.1537
AT3G50550.2	379	180	13.7966	25.046
AT4G35810.1	1266	1067	0	0
AT4G35810.2	1348	1149	29	8.24739
AT1G61850.2	4669	4470	116.246	8.49782
AT1G61850.1	4912	4713	23.7543	1.64696
AT1G78955.5	2717	2518	0	0
AT1G78955.2	2918	2719	0	0
AT1G78955.3	2801	2602	6.99999	0.87908
AT1G78955.4	2724	2525	0	0
AT1G78955.1	2450	2251	7.73386e-06	1.12269e-06
AT2G18220.1	2474	2275	148	21.2578
AT4G00910.1	3594	3395	11.4963	1.10651
AT1G09060.2	3134	2935	155.932	17.3607
AT1G09060.1	3115	2916	0.016955	0.00189997
AT1G09060.4	3085	2886	0.914424	0.103536
AT1G09060.3	3077	2878	22.1363	2.51334
AT1G67150.3	1315	1116	0	0
AT1G67150.4	1696	1497	4	0.873125
AT1G67150.1	1813	1614	0	0
AT1G67150.2	1440	1241	0	0
AT4G00780.1	1464	1265	157	40.5553
AT1G09812.1	1036	837	11	4.29443
AT5G16510.2	1538	1339	118.735	28.9759
AT5G16510.1	1460	1261	36.2648	9.39743
AT5G48600.1	3796	3597	4.87992e-06	4.43313e-07
AT5G48600.2	4166	3967	124	10.214
AT4G11530.1	2480	2281	17	2.43535
AT5G44700.1	4373	4174	3	0.234859
ATCG00050.1	240	42.049	0	0
AT2G44700.1	1328	1129	8	2.31544
AT1G74090.1	1380	1181	271	74.9821
AT1G51823.1	144	6.5079	0	0
AT1G76560.1	771	572	15	8.56907
AT4G16930.1	465	266	0	0
AT4G38270.1	2411	2212	0	0
AT4G38270.2	2201	2002	80	13.0576
AT2G32980.1	1369	1170	58	16.1987
AT2G37290.3	2864	2665	2.90175	0.355796
AT2G37290.1	3301	3102	7.09518	0.747412
AT2G37290.2	3322	3123	0.00306976	0.000321197
AT1G55290.1	1381	1182	2	0.552905
AT5G22780.2	3755	3556	257.786	23.6884
AT5G22780.1	4024	3825	40.5772	3.46648
AT5G16490.1	705	506	5	3.22892
AT2G32235.1	1248	1049	0.665289	0.20724
AT2G32235.2	1490	1291	5.33471	1.35028
AT2G05430.1	1435	1236	0	0
AT5G19520.1	2626	2427	99	13.3292
AT5G19520.2	2729	2530	0	0
AT2G24560.2	1457	1258	1.04587e-06	2.71667e-07
AT2G24560.1	1442	1243	0.999999	0.262886
AT1G11350.1	2929	2730	74	8.85742
AT5G02990.1	751	552	0	0
AT5G36340.1	348	149	0	0
AT5G27550.2	2533	2334	37.4554	5.24387
AT5G27550.1	2571	2372	49.5446	6.82527
AT5G45640.1	2265	2066	0	0
AT5G11975.1	354	155	18.0579	38.0692
AT1G64990.1	1891	1692	81.5675	15.7527
AT1G64990.2	2007	1808	30.4325	5.50018
AT5G61730.1	2863	2664	0	0
AT5G61730.2	3031	2832	0	0
AT1G27050.1	979	780	48	20.1087
AT5G62910.1	1661	1462	0	0
AT5G62910.2	1460	1261	51	13.2158
AT1G25425.1	1464	1265	29	7.4911
AT3G49410.3	2123	1924	0	0
AT3G49410.2	2266	2067	8.87124	1.40243
AT3G49410.4	1800	1601	11.1288	2.2714
AT3G49410.1	2182	1983	0	0
AT3G24330.1	1503	1304	0	0
AT2G21870.2	1097	898	339.227	123.439
AT2G21870.1	1238	1039	714.773	224.797
AT1G52490.1	636	437	0	0
AT5G10940.1	2632	2433	104.97	14.0982
AT5G10940.2	2779	2580	40.0298	5.06993
AT4G09950.2	1090	891	0	0
AT4G09950.1	1350	1151	31	8.80085
AT4G30540.1	867	668	0	0
AT5G64070.2	3316	3117	0	0
AT5G64070.1	4552	4353	351	26.3486
AT1G61890.2	2265	2066	0	0
AT1G61890.3	2219	2020	0	0
AT1G61890.1	2115	1916	150	25.582
AT3G17500.2	1146	947	0	0
AT3G17500.1	1317	1118	0	0
AT1G33170.1	2388	2189	122	18.2118
AT4G22130.1	2819	2620	135.961	16.9571
AT4G22130.2	2106	1907	101.039	17.3132
AT5G03880.1	1340	1141	425	121.714
AT4G12110.1	1467	1268	142	36.5938
AT4G00520.2	1611	1412	60	13.8853
AT4G00520.3	1712	1513	0	0
AT4G00520.4	1728	1529	0	0
AT4G08570.1	1121	922	41	14.5309
AT1G59510.1	1755	1556	14	2.94006
AT1G09130.2	1270	1071	48.3618	14.7554
AT1G09130.3	1338	1139	0	0
AT1G09130.1	1448	1249	550.638	144.06
AT5G11850.1	3341	3142	128	13.312
AT3G04030.3	1644	1445	2.6598e-06	6.01478e-07
AT3G04030.2	1324	1125	33.2748	9.665
AT3G04030.4	1178	979	0	0
AT3G04030.5	1562	1363	0	0
AT3G04030.1	1626	1427	4.72516	1.08201
AT5G38410.2	963	764	10088.7	4314.99
AT5G38410.1	1210	1011	6676.99	2158.08
AT5G38410.3	1184	985	64.5495	21.4139
AT2G18660.1	2106	1907	2	0.342703
AT2G31305.1	722	523	15	9.37191
AT3G12860.1	1885	1686	68	13.1792
AT5G54630.1	1958	1759	60	11.1461
AT2G01860.1	1864	1665	39.2815	7.70925
AT1G26730.2	3007	2808	0	0
AT1G26730.1	2920	2721	18	2.16163
AT4G02310.1	1050	851	0	0
AT2G38420.1	1652	1453	20	4.49783
AT1G59860.1	908	709	7	3.22619
AT1G15730.1	1587	1388	147	34.6072
AT1G63670.3	2709	2510	45.6679	5.94532
AT1G63670.4	2544	2345	0	0
AT1G63670.1	2398	2199	50.5589	7.51295
AT1G63670.5	1858	1659	6.75881	1.33126
AT1G63670.2	2612	2413	0.0143942	0.00194925
AT4G20150.1	955	756	365.978	158.187
AT4G26050.1	1772	1573	28	5.81658
AT2G12940.1	924	725	0	0
AT1G14360.1	1403	1204	102	27.6829
AT5G55450.1	876	677	45	21.7201
AT5G54890.1	1333	1134	21	6.05124
AT3G18500.2	1545	1346	0	0
AT3G18500.4	1601	1402	58.2818	13.5839
AT3G18500.1	1432	1233	0	0
AT3G18500.3	1571	1372	20.7182	4.93441
AT2G36070.1	2062	1863	172	30.1685
AT1G19080.1	931	732	44.3303	19.7892
AT1G19080.2	1062	863	0	0
AT1G32760.1	1389	1190	11	3.02054
AT2G01260.2	1957	1758	14.9417	2.77729
AT2G01260.3	2160	1961	19.2115	3.20127
AT2G01260.1	1793	1594	140.847	28.8733
AT4G39660.2	1958	1759	0	0
AT4G39660.1	1903	1704	207	39.6953
AT1G22110.3	2060	1861	1	0.175587
AT1G22110.1	2378	2179	0	0
AT1G22110.2	2241	2042	0	0
AT1G54470.1	2172	1973	0	0
AT5G22290.1	1506	1307	25	6.25033
AT5G22290.2	1540	1341	0	0
AT3G09600.3	1878	1679	0	0
AT3G09600.4	1785	1586	41.1477	8.47775
AT3G09600.5	1841	1642	36.6445	7.29247
AT3G09600.2	1613	1414	11.671	2.6971
AT3G09600.1	1591	1392	148.891	34.9515
AT3G09600.9	2008	1809	96.6549	17.4592
AT3G09600.6	1827	1628	0.305442	0.0613075
AT3G09600.8	2038	1839	0.000273769	4.86453e-05
AT3G09600.7	1805	1606	2.68563	0.546436
AT4G00450.2	7925	7726	171.628	7.2589
AT4G00450.3	7822	7623	8.3177	0.356546
AT4G00450.1	7526	7327	169.837	7.57435
AT1G74970.1	1117	918	1013	360.583
AT4G15960.1	1531	1332	13	3.18917
AT1G74050.1	1248	1049	983.917	306.494
AT1G72770.4	2487	2288	0.000348883	4.98266e-05
AT1G72770.1	2671	2472	87.235	11.5314
AT1G72770.3	2463	2264	63.1041	9.10792
AT1G72770.2	2794	2595	45.6603	5.74962
AT1G72770.5	2648	2449	0.000298665	3.98505e-05
AT3G48950.1	1525	1326	0	0
AT2G13150.1	789	590	0	0
AT2G14960.1	2240	2041	19	3.04193
AT5G64320.1	2486	2287	39	5.57233
AT5G21040.2	2173	1974	32.5236	5.38381
AT5G21040.3	2025	1826	40.3825	7.22654
AT5G21040.1	2099	1900	40.0939	6.89546
AT5G17620.1	1380	1181	47	13.0043
AT3G06350.1	2227	2028	453	72.9909
AT1G20520.1	696	497	2	1.31496
AT5G38210.2	2351	2152	24.3812	3.70213
AT5G38210.1	2600	2401	16.6188	2.26175
AT5G38210.3	2297	2098	4.29478e-08	6.6892e-09
AT2G22090.2	1507	1308	0	0
AT2G22090.1	1468	1269	54.1177	13.9353
AT3G13430.4	1539	1340	0	0
AT3G13430.3	1385	1186	0.901966	0.24851
AT3G13430.1	1539	1340	26.098	6.36416
AT3G13430.2	1838	1639	0	0
AT5G17290.1	2165	1966	53.9145	8.96109
AT5G19060.1	2169	1970	7	1.1611
AT1G43090.1	1335	1136	0	0
AT1G66580.1	1151	952	945.691	324.602
AT4G10870.1	522	323	0	0
AT3G06990.1	1620	1421	7.89544	1.8156
AT2G23390.1	1776	1577	130.482	27.037
AT2G23390.2	1931	1732	8.5176	1.60697
AT5G67330.1	2412	2213	400	59.0632
AT2G32645.1	1376	1177	7.20963	2.00159
AT1G75330.1	1359	1160	372	104.791
AT2G07200.1	456	257	0	0
AT1G61110.1	1337	1138	0	0
AT1G77310.2	2481	2282	1.0835e-07	1.5515e-08
AT1G77310.1	2579	2380	18	2.47135
AT2G27140.1	924	725	35	15.775
AT5G23310.1	1265	1066	160	49.0457
AT3G52525.1	1237	1038	7	2.20363
AT3G16090.1	2211	2012	72	11.6935
AT4G08263.1	330	131	0	0
AT4G08263.2	300	101	0	0
AT5G64687.2	1583	1384	2.45585	0.579835
AT5G64687.1	1198	999	0	0
AT5G44420.1	579	380	3.35287	2.88318
AT4G03160.1	579	380	0	0
AT1G63150.2	2270	2071	0	0
AT1G63150.1	2286	2087	15.5257	2.4309
AT2G41451.1	1542	1343	0	0
AT1G32575.1	273	74.0093	1	4.41522
AT3G47430.1	1069	870	205	76.9969
AT4G32940.1	2134	1935	287	48.4662
AT1G33945.1	354	155	0	0
AT4G15340.2	2626	2427	0	0
AT4G15340.1	2542	2343	10	1.39465
AT3G55150.1	2160	1961	42	6.99858
AT1G22930.2	3577	3378	241.309	23.3428
AT1G22930.1	3928	3729	324.691	28.4522
AT3G54550.1	867	668	0	0
AT3G44635.1	399	200	0	0
AT1G54840.2	1310	1111	1	0.29412
AT1G54840.1	1337	1138	0	0
AT5G20540.1	1587	1388	79	18.5984
AT5G16890.1	1751	1552	27	5.68474
AT3G57420.1	2916	2717	103.368	12.4318
AT3G29320.1	3180	2981	227	24.883
AT3G04810.2	2328	2129	121.807	18.6954
AT3G04810.1	2311	2112	33.4115	5.16941
AT3G04810.3	2495	2296	11.7815	1.67674
AT3G60140.1	2061	1862	0	0
AT3G60140.2	2335	2136	4	0.611923
AT4G28140.1	1427	1228	1	0.266097
AT2G44270.1	1419	1220	61	16.3384
AT1G43790.1	783	584	47	26.298
AT3G27470.2	2525	2326	0	0
AT3G27470.1	2425	2226	0	0
AT3G27470.4	2337	2138	14.6068	2.23247
AT3G27470.5	2018	1819	0.607832	0.109192
AT3G27470.3	1772	1573	34.7853	7.22613
AT3G48110.1	3527	3328	336	32.9909
AT2G38540.1	832	633	3022.89	1560.47
AT3G22057.1	525	326	0	0
AT3G20860.1	1251	1052	25	7.76538
AT1G26761.1	1619	1420	120	27.6141
AT1G06650.2	1360	1161	100.012	28.1488
AT1G06650.1	1452	1253	33.4038	8.7113
AT5G42380.1	1374	1175	1	0.2781
AT2G07625.1	235	37.7159	0	0
AT4G33945.1	2041	1842	115	20.4008
AT1G21890.2	1150	951	0	0
AT1G21890.1	1475	1276	3	0.768261
AT2G32130.1	721	522	0	0
AT3G56810.1	1362	1163	50	14.0485
AT5G50970.1	1915	1716	39	7.42653
AT4G33985.1	768	569	6	3.4457
AT3G62650.2	742	543	13.9758	8.41039
AT3G62650.1	734	535	130.553	79.7391
AT3G44310.1	1982	1783	774.925	142.019
AT3G44310.4	1416	1217	85.3425	22.9147
AT3G44310.3	1180	981	3161.1	1052.95
AT3G44310.2	1454	1255	643.811	167.63
AT1G23340.2	1289	1090	0	0
AT1G23340.3	2374	2175	4.93197	0.740969
AT1G23340.1	1933	1734	13.068	2.46263
AT2G41900.1	3021	2822	438	50.7172
AT1G30920.1	1361	1162	0	0
AT4G24330.1	1961	1762	350	64.9083
AT5G54770.1	1606	1407	6311	1465.69
AT4G19350.1	888	689	52	24.6617
AT2G07795.1	1157	958	0	0
AT5G14110.1	795	596	1	0.548267
AT1G61610.1	2991	2792	3	0.351111
AT1G61610.2	3088	2889	0	0
AT5G15560.1	720	521	0	0
AT5G15700.2	3659	3460	34.4087	3.24961
AT5G15700.1	4300	4101	25.5913	2.03911
AT5G39170.1	465	266	0	0
AT2G33585.1	815	616	24.6657	13.0843
AT2G33585.2	805	606	9.3343	5.03324
AT2G07662.1	553	354	2	1.84614
AT2G06255.1	832	633	2	1.03244
AT2G23810.1	1319	1120	211	61.5606
AT2G43550.1	270	71.016	13	59.8171
AT3G13520.1	810	611	851	455.121
AT2G47240.1	2544	2345	98.4488	13.7185
AT2G47240.4	2083	1884	120.044	20.8208
AT2G47240.2	2679	2480	0	0
AT2G47240.3	2305	2106	91.5077	14.1983
AT1G31840.1	2829	2630	9	1.11821
AT1G31840.2	2722	2523	0	0
AT5G41410.1	2631	2432	73	9.80839
AT1G74930.1	1208	1009	0	0
AT4G37860.1	1335	1136	0	0
AT4G37860.2	1283	1084	0	0
AT4G01900.1	1056	857	117	44.6111
AT3G52390.2	1089	890	10.3077	3.78451
AT3G52390.1	1154	955	14.6923	5.02719
ATMG00640.1	579	380	2	1.71983
AT1G28170.1	1167	968	2	0.675139
AT2G07825.1	383	184	0	0
AT2G23890.3	2157	1958	0	0
AT2G23890.1	2089	1890	57	9.85488
AT2G23890.2	2164	1965	0	0
AT1G01750.2	721	522	1.52212	0.952835
AT1G01750.1	947	748	26.4779	11.567
AT1G02470.1	962	763	3	1.2848
AT1G02470.2	762	563	0	0
AT4G11740.1	2257	2058	112	17.7832
AT4G11740.2	2326	2127	0	0
AT1G03960.5	2509	2310	0	0
AT1G03960.4	2531	2332	0	0
AT1G03960.2	2555	2356	0	0
AT1G03960.3	2518	2319	11.3027	1.59264
AT1G03960.6	2255	2056	0	0
AT1G03960.7	1529	1330	1.33517	0.328037
AT1G03960.1	2422	2223	20.3622	2.99311
AT2G43740.2	1532	1333	0	0
AT2G43740.1	1589	1390	0	0
AT4G02720.1	1804	1605	0.772049	0.157184
AT3G21950.1	1576	1377	5.65625	1.34225
AT3G21950.2	1672	1473	15.3437	3.40382
AT5G54990.1	725	526	0	0
AT3G08490.1	1214	1015	3	0.965814
AT3G48150.1	2150	1951	39.5473	6.62366
AT3G48150.2	1854	1655	9.4527	1.86636
AT4G36105.1	1095	896	0	0
AT4G36105.2	1005	806	2	0.810837
AT3G25080.1	976	777	0	0
AT3G56530.1	960	761	0	0
AT1G27890.1	1041	842	2	0.776169
AT3G44330.1	2394	2195	395	58.8032
AT1G59030.1	1262	1063	1	0.307401
AT5G45910.1	1277	1078	0	0
AT4G04460.1	1836	1637	14	2.79459
AT4G04460.2	1778	1579	0	0
AT1G05300.2	1838	1639	2.56047	0.510481
AT1G05300.1	1554	1355	30.4395	7.34069
AT5G17350.1	1111	912	5	1.79149
AT2G35490.1	1439	1240	287	75.6308
AT1G74450.1	1828	1629	68	13.6404
AT2G34220.1	2574	2375	1	0.137586
AT2G34220.2	2973	2774	0	0
AT5G06470.1	996	797	4	1.63999
AT2G33230.1	1388	1189	0	0
AT5G14790.1	1646	1447	85	19.195
AT5G52770.1	336	137	0	0
AT3G17270.1	408	209	0	0
AT5G07580.1	624	425	112	86.1127
AT3G59050.1	2039	1840	179	31.7888
AT2G02160.1	2563	2364	364	50.3144
AT2G16592.1	631	432	0	0
AT3G03870.2	1489	1290	36.0484	9.13134
AT3G03870.1	2183	1984	4.95161	0.815536
AT5G49030.2	3357	3158	23.7113	2.45347
AT5G49030.3	4033	3834	0	0
AT5G49030.1	3731	3532	634.289	58.682
AT4G13266.1	997	798	0	0
AT1G51980.1	2296	2097	292.46	45.5729
AT1G51980.2	1959	1760	703.54	130.621
AT1G64070.1	3016	2817	0	0
AT2G21410.1	3068	2869	278.2	31.6858
AT5G52050.1	2174	1975	11	1.81997
AT2G22121.1	237	39.4185	0	0
AT1G21928.1	303	104	0	0
AT3G13662.1	550	351	0	0
AT1G33060.1	2287	2088	0	0
AT1G33060.2	2299	2100	52	8.09138
AT5G63300.1	847	648	3	1.51281
AT5G63300.2	665	466	0	0
AT4G13970.2	2598	2399	45.717	6.2271
AT4G13970.1	3121	2922	50.283	5.62314
AT2G38780.6	2911	2712	0	0
AT2G38780.3	2853	2654	0	0
AT2G38780.1	2530	2331	36.2696	5.08439
AT2G38780.13	2561	2362	0	0
AT2G38780.4	2687	2488	0	0
AT2G38780.9	2941	2742	0	0
AT2G38780.11	3154	2955	0	0
AT2G38780.12	2820	2621	46.7183	5.82449
AT2G38780.5	3109	2910	0	0
AT2G38780.8	3030	2831	0	0
AT2G38780.10	3307	3108	6.01214	0.632101
AT2G38780.7	2850	2651	0	0
AT2G38780.2	2827	2628	0	0
AT4G27435.1	1302	1103	22	6.51757
AT1G21140.1	1099	900	26	9.43994
AT1G80440.1	1725	1526	21	4.4968
AT1G10700.2	1703	1504	0	0
AT1G10700.1	1559	1360	70	16.8189
AT3G27495.1	267	68.0268	0	0
AT2G30210.1	2106	1907	74	12.68
AT5G35870.1	922	723	2	0.90392
AT4G08640.1	516	317	0	0
AT1G28320.1	2725	2526	91	11.7719
AT3G44435.1	429	230	11.3662	16.1483
AT4G20080.1	2325	2126	0	0
AT2G41342.1	523	324	0	0
AT5G61370.1	1888	1689	7	1.35427
AT3G62080.2	1666	1467	12.9041	2.87433
AT3G62080.1	1739	1540	21.0959	4.47626
AT1G73430.1	3087	2888	134.953	15.2695
AT1G73430.2	2980	2781	56.0969	6.59138
AT4G20420.1	654	455	2.42373	1.74065
AT4G13840.1	2056	1857	281	49.4462
AT4G30067.1	356	157	0	0
AT3G16900.1	806	607	0	0
AT3G52560.3	891	692	0	0
AT3G52560.2	868	669	122.066	59.6222
AT3G52560.4	937	738	0	0
AT3G52560.1	943	744	154.59	67.8964
AT4G27030.1	1258	1059	279	86.0888
AT3G21790.1	1725	1526	40	8.56532
AT1G17050.1	1796	1597	462	94.5313
AT3G21570.1	1139	940	0	0
AT5G56890.1	4176	3977	488	40.0961
AT3G25020.1	3121	2922	18.7176	2.09319
AT5G38720.1	1335	1136	48.0549	13.8228
AT5G38720.2	1273	1074	0	0
AT5G38720.3	1356	1157	16.9451	4.78574
AT5G42100.1	2075	1876	556.476	96.9286
AT5G42100.2	1734	1535	104.524	22.2508
AT4G03220.1	1497	1298	0	0
AT1G32140.1	1776	1577	0	0
AT4G25560.1	1073	874	3.36154	1.2568
AT4G25560.2	813	614	2.63846	1.40417
AT3G11910.4	3988	3789	39.1908	3.37985
AT3G11910.3	3973	3774	324.867	28.1282
AT3G11910.1	4251	4052	0.0804996	0.00649176
AT3G11910.2	4193	3994	38.8621	3.17948
AT2G40020.4	1420	1221	0	0
AT2G40020.2	1453	1254	0	0
AT2G40020.1	950	751	23.7788	10.3464
AT2G40020.3	1366	1167	11.2212	3.14199
AT5G51090.1	396	197	0	0
AT2G36180.1	565	366	0	0
AT5G27000.1	3346	3147	44	4.56872
AT4G31420.1	1623	1424	117	26.8481
AT4G31420.2	1684	1485	0	0
AT3G09880.1	2399	2200	91	13.5163
AT2G03360.1	1677	1478	2.99972	0.6632
AT2G03360.2	1689	1490	0.00027893	6.11712e-05
AT1G04445.1	596	397	0	0
AT1G04445.2	1103	904	1	0.361468
AT3G46550.1	1914	1715	160	30.4856
AT3G25760.1	1191	992	34.5691	11.3871
AT4G14440.1	1345	1146	355	101.224
AT2G44090.1	2710	2511	0.000115166	1.4987e-05
AT2G44090.2	2555	2356	57.867	8.0259
AT2G44090.5	2488	2289	135.24	19.3062
AT2G44090.3	3038	2839	46.1424	5.31096
AT2G44090.4	2915	2716	10.7508	1.29345
AT5G02750.1	1316	1117	9	2.63286
AT5G47680.1	1390	1191	113	31.0031
AT1G52890.1	1361	1162	0	0
AT3G57870.1	1106	907	368	132.58
AT4G14104.1	827	628	0	0
AT2G06420.1	1470	1271	0	0
AT3G07590.2	706	507	0	0
AT3G07590.3	589	390	4.21554	3.53205
AT3G07590.1	646	447	38.7845	28.3523
AT1G50060.1	765	566	28	16.1652
AT1G15830.2	2303	2104	25.2374	3.91956
AT1G15830.1	1944	1745	3.33126	0.623809
AT1G15830.3	1638	1439	4.21629	0.957432
AT3G18360.1	1193	994	0	0
AT4G34380.1	2173	1974	3	0.496607
AT2G39290.1	1346	1147	82	23.3609
AT5G49015.2	680	481	4	2.7174
AT5G49015.3	1079	880	0	0
AT5G49015.1	846	647	0	0
AT2G02590.1	1308	1109	28	8.25021
AT3G59790.1	1393	1194	0	0
AT1G78010.1	1993	1794	61	11.1108
AT1G67990.1	859	660	0	0
AT3G01200.1	1506	1307	95	23.7512
AT1G05160.2	2069	1870	13.0896	2.28729
AT1G05160.1	2136	1937	28.9104	4.87712
AT1G11670.1	2136	1937	100	16.8698
AT5G59950.5	1397	1198	48.8777	13.3319
AT5G59950.2	1449	1250	40.0752	10.4762
AT5G59950.4	1222	1023	84.6267	27.0315
AT5G59950.3	1123	924	57.604	20.3713
AT5G59950.1	1306	1107	2.25338	0.66516
AT2G17240.1	835	636	202	103.785
ATMG00516.1	318	119	1	2.74594
AT1G07230.1	2170	1971	104	17.2419
AT5G02200.1	1569	1370	6.41186	1.52933
AT5G02200.2	928	729	3.58814	1.60835
AT3G24630.1	2607	2408	0	0
AT3G24630.2	2713	2514	17	2.20964
AT1G61720.1	1429	1230	0	0
AT5G23430.1	3604	3405	35.4383	3.4009
AT5G23430.3	3348	3149	86.8792	9.01533
AT5G23430.2	3614	3415	11.6825	1.11785
AT5G44010.3	2239	2040	0	0
AT5G44010.1	1333	1134	5.61029	1.61663
AT5G44010.4	2149	1950	2.38971	0.40045
AT5G44010.2	2247	2048	0	0
AT5G59616.1	462	263	0	0
AT1G67190.1	1543	1344	38	9.23895
AT1G67190.2	1633	1434	0	0
AT1G50170.2	1271	1072	10.5669	3.221
AT1G50170.1	1085	886	52.4331	19.3379
AT1G50170.3	1115	916	0	0
AT2G04080.1	1846	1647	0	0
AT2G04080.2	1764	1565	16.3021	3.40382
AT3G23440.1	1228	1029	2	0.635116
AT5G57535.1	135	5.87326	0	0
AT1G54200.1	1894	1695	23	4.43401
AT3G48850.1	1474	1275	5	1.28144
AT3G01920.2	1118	919	0	0
AT3G01920.1	1157	958	58	19.7834
AT4G03420.1	2040	1841	59	10.4722
AT5G16560.1	2388	2189	43	6.41891
AT3G58500.1	1508	1309	549.247	137.109
AT4G28703.1	754	555	3	1.76631
AT3G51060.1	1865	1666	12	2.35366
AT3G57090.2	1023	824	0	0
AT3G57090.1	1019	820	119	47.4211
AT1G27140.1	984	785	15	6.24396
AT1G51200.4	1102	903	77.0988	27.8996
AT1G51200.1	1254	1055	302.462	93.682
AT1G51200.3	1142	943	284.12	98.4528
AT1G51200.2	1262	1063	53.32	16.3906
AT5G07770.2	2720	2521	24.4161	3.16477
AT5G07770.4	2556	2357	0	0
AT5G07770.3	2754	2555	13.2309	1.69214
AT5G07770.1	2861	2662	23.9732	2.94277
AT2G21400.2	841	642	0	0
AT2G21400.4	732	533	0	0
AT2G21400.1	687	488	0	0
AT2G21400.3	796	597	1	0.547349
AT4G00350.1	1948	1749	0	0
AT2G41330.1	1572	1373	32	7.61584
ATMG00120.1	432	233	0	0
AT5G14990.1	2001	1802	0	0
AT5G14990.2	1960	1761	0	0
AT3G25150.2	1895	1696	12.0395	2.31965
AT3G25150.1	1991	1792	226.96	41.3857
AT5G23770.2	2027	1828	9	1.60881
AT5G23770.1	1869	1670	0	0
AT4G10510.2	2706	2507	0	0
AT4G10510.4	2311	2112	0	0
AT4G10510.3	2630	2431	3	0.40325
AT4G10510.1	2397	2198	0	0
AT3G51560.1	3883	3684	0	0
AT4G08990.1	4539	4340	3	0.225876
AT2G41890.1	3312	3113	87	9.13226
AT4G25600.1	1276	1077	6.99795	2.12321
AT4G25600.4	957	758	0	0
AT4G25600.2	1259	1060	0	0
AT4G25600.3	1206	1007	12.0021	3.89461
AT5G26980.2	1964	1765	4.92824	0.912401
AT5G26980.3	1648	1449	21.7762	4.9108
AT5G26980.1	2048	1849	0	0
AT1G60980.1	1131	932	0	0
AT5G19855.2	1409	1210	44.0248	11.8891
AT5G19855.1	1298	1099	211.975	63.0269
AT4G12410.1	932	733	2	0.891588
AT4G01950.2	1918	1719	0.000858394	0.000163173
AT4G01950.1	1900	1701	151.999	29.1995
AT3G30247.1	551	352	0	0
AT1G12820.1	2234	2035	263	42.2308
AT5G60553.1	390	191	0	0
AT1G48470.1	1310	1111	0	0
AT5G63180.1	1747	1548	195	41.1625
AT3G60280.1	1109	910	16	5.74536
AT1G71380.1	1906	1707	6	1.14857
AT5G35927.1	287	88.0006	0	0
AT5G22610.2	1509	1310	0	0
AT5G22610.1	1479	1280	0	0
AT2G21560.1	1373	1174	63	17.5352
AT5G08780.1	1612	1413	30	6.93773
AT4G36925.1	603	404	0	0
AT4G36925.2	707	508	0	0
AT5G36658.1	357	158	0	0
AT3G12950.1	2342	2143	105	16.0105
AT2G25169.1	375	176	0	0
AT5G19630.1	981	782	57	23.8181
AT1G48580.2	1999	1800	0	0
AT1G48580.1	1505	1306	1.19091	0.297971
AT1G48580.3	1945	1746	23.8091	4.45592
AT1G58430.1	1384	1185	0	0
AT1G60630.1	2382	2183	30	4.49062
AT5G04800.2	1366	1167	81.329	22.7726
AT5G04800.4	822	623	67.971	35.6512
AT5G04800.3	768	569	23.0769	13.2527
AT5G04800.1	749	550	351.764	208.991
AT5G61990.1	3526	3327	39.5947	3.88886
AT1G69630.1	1524	1325	1	0.246617
AT1G61140.3	4525	4326	104.843	7.91937
AT1G61140.2	3279	3080	0	0
AT1G61140.1	4540	4341	77.1572	5.80798
AT4G15040.2	2064	1865	0	0
AT4G15040.1	2120	1921	0	0
AT1G13170.2	3116	2917	59.9196	6.71229
AT1G13170.1	3041	2842	127.08	14.6114
AT4G23365.1	1330	1131	0	0
AT2G22720.5	2306	2107	0	0
AT2G22720.3	2268	2069	1.14564e-07	1.80937e-08
AT2G22720.6	2231	2032	113.679	18.2808
AT2G22720.1	2202	2003	106.321	17.3451
AT2G22720.2	2267	2068	0	0
AT2G22720.4	2330	2131	0	0
AT5G55670.1	3055	2856	111.142	12.7162
AT5G55670.2	2207	2008	50.8585	8.27634
AT1G69060.1	2458	2259	53	7.66652
AT1G54640.1	738	539	0	0
AT5G24860.2	916	717	0	0
AT5G24860.3	758	559	0	0
AT5G24860.1	723	524	0	0
AT4G23080.1	1318	1119	0	0
AT2G22070.1	2870	2671	5	0.611694
AT1G30470.2	2922	2723	3.75169e-07	4.50213e-08
AT1G30470.1	2999	2800	293.914	34.3006
AT1G30470.3	2799	2600	18.0856	2.27299
AT5G21326.1	1894	1695	257	49.5452
AT2G35380.1	1187	988	10.8182	3.57796
AT2G35380.2	1396	1197	17.1818	4.69044
AT5G56555.1	193	14.3155	0	0
AT1G76070.1	1230	1031	23	7.28966
AT2G04380.1	697	498	0.0169705	0.0111353
AT5G42350.1	2151	1952	44.0193	7.36889
AT3G61030.1	1843	1644	0	0
AT5G43460.2	1184	985	291	96.5373
AT5G43460.1	1355	1156	0	0
AT1G48010.1	537	338	0	0
AT3G01780.1	4072	3873	251.725	21.2381
AT3G01780.2	3981	3782	18.3448	1.585
AT2G20873.1	72	3.52559	0	0
AT4G10390.1	1775	1576	24	4.97615
AT5G20220.2	1529	1330	51.4933	12.6514
AT5G20220.3	1067	868	0	0
AT5G20220.4	1496	1297	40.3043	10.1543
AT5G20220.1	1618	1419	23.2024	5.34304
AT2G37310.1	2316	2117	16	2.46966
AT3G02870.3	1200	1001	88.2083	28.7948
AT3G02870.2	1203	1004	25.3805	8.26047
AT3G02870.1	1289	1090	119.411	35.7978
AT5G57900.1	1143	944	50	17.3076
AT2G41980.1	1970	1771	87	16.0524
AT5G61500.1	1436	1237	105	27.7369
AT5G61500.2	1564	1365	0	0
AT1G64430.1	2040	1841	184.935	32.8249
AT1G64430.3	1650	1451	0	0
AT1G64430.2	2372	2173	78.0651	11.7391
AT5G03460.1	685	486	101	67.9084
AT4G34500.1	1878	1679	53	10.3149
AT3G12560.1	2614	2415	88.8038	12.0158
AT3G12560.2	2651	2452	38.1962	5.09024
AT5G08010.1	2473	2274	54	7.75964
AT3G04450.4	1285	1086	0	0
AT3G04450.3	1427	1228	4.71277	1.25405
AT3G04450.1	2228	2029	4.15839	0.669702
AT3G04450.2	1947	1748	16.8118	3.14276
AT4G35490.2	761	562	0	0
AT4G35490.1	870	671	196	95.4491
AT4G26910.2	1995	1796	59.2019	10.7713
AT4G26910.1	1815	1616	199.757	40.3924
AT4G26910.3	1565	1366	0.0407079	0.00973791
AT1G47700.1	754	555	0.887615	0.522601
AT5G36140.1	1029	830	2	0.787391
AT1G49030.1	1037	838	17	6.62893
AT1G35353.1	594	395	0	0
AT1G32130.1	2013	1814	228.872	41.2281
AT1G32130.2	1901	1702	54.1283	10.3921
AT4G31000.2	1842	1643	69.2391	13.7706
AT4G31000.1	2151	1952	54.7609	9.16704
AT5G66050.3	1768	1569	17.1007	3.56147
AT5G66050.1	1449	1250	41.9792	10.9739
AT5G66050.2	1674	1475	11.9201	2.64075
AT5G66050.4	1353	1154	1.1684e-07	3.30845e-08
AT5G66280.1	1589	1390	95	22.333
AT3G21590.2	1028	829	0	0
AT3G21590.1	959	760	0	0
AT3G21590.3	657	458	0	0
AT5G66870.1	1894	1695	25	4.81957
AT5G43430.4	895	696	1.99733	0.937734
AT5G43430.2	1019	820	0	0
AT5G43430.3	990	791	0.0798063	0.0329685
AT5G43430.1	1016	817	53.9229	21.567
AT3G50100.1	1427	1228	21.9286	5.83513
AT3G50100.2	1315	1116	4.07143	1.19212
AT5G23880.1	2649	2450	85	11.3368
AT4G11360.1	1009	810	19	7.66491
AT1G55360.1	1930	1731	548.705	103.581
AT3G52075.1	174	9.99669	0	0
AT3G13240.2	543	344	2.81967	2.67842
AT3G13240.1	421	222	0.180328	0.265429
AT5G64420.1	4459	4260	408	31.296
ATCG00770.1	405	206	12	19.035
AT1G19130.1	857	658	102	50.6539
AT1G21475.1	750	551	0	0
AT5G43390.1	2166	1967	0	0
AT5G17790.1	2502	2303	97	13.7631
AT2G40560.1	912	713	0	0
AT3G25920.1	1144	945	1727	597.171
AT4G31310.2	883	684	71.6571	34.2327
AT4G31310.1	778	579	18.3429	10.3521
AT1G80710.1	1771	1572	21	4.36521
AT5G60760.1	2791	2592	6.14218	0.77433
AT5G60760.2	2369	2170	12.8578	1.93618
AT1G15190.1	1221	1022	2	0.639466
AT5G66720.2	1580	1381	93.8852	22.2148
AT5G66720.1	1702	1503	197.115	42.8547
AT4G37540.1	1395	1196	111	30.327
AT1G68670.1	1853	1654	133	26.2757
AT5G48750.1	768	569	0	0
AT1G32280.1	555	356	0	0
AT1G21450.1	2566	2367	120	16.5661
AT3G12630.1	1477	1278	352	90.0016
AT5G35410.2	1984	1785	0	0
AT5G35410.1	1890	1691	26	5.02421
AT1G72070.1	921	722	5.51751	2.49715
AT1G72070.2	457	258	0.0283705	0.0359324
AT4G00880.1	902	703	66.4534	30.8887
AT1G09665.1	585	386	0	0
AT2G29770.1	1363	1164	0	0
AT3G03910.2	1155	956	0	0
AT3G03910.1	1541	1342	6.21155	1.51247
AT5G49360.1	2890	2691	90	10.9287
AT2G23600.1	1138	939	244.573	85.1101
AT2G23600.3	1242	1043	102.427	32.09
AT2G23600.2	1496	1297	0	0
AT4G13235.1	781	582	18	10.1062
AT1G26120.1	2636	2437	63	8.44741
AT3G50540.1	321	122	0	0
AT5G12950.1	3437	3238	114.622	11.5672
AT1G28140.1	2116	1917	231	39.3757
AT2G28830.1	1949	1750	13	2.42741
AT3G47040.4	2012	1813	0	0
AT3G47040.2	2051	1852	0	0
AT3G47040.3	2100	1901	0	0
AT3G47040.1	1911	1712	12	2.29042
AT3G05725.1	638	439	0	0
AT3G10750.1	1422	1223	0	0
AT5G16070.1	1932	1733	301	56.7553
AT5G10730.1	1316	1117	81	23.6957
AT1G55300.2	1053	854	6.2891e-05	2.40641e-05
AT1G55300.1	1077	878	27.0698	10.0746
AT3G16990.1	1590	1391	30	7.04746
AT1G54390.2	1318	1119	0	0
AT1G54390.4	1389	1190	59.469	16.3299
AT1G54390.1	1434	1235	0	0
AT1G54390.7	1519	1320	0	0
AT1G54390.8	1211	1012	0	0
AT1G54390.5	1419	1220	0	0
AT1G54390.3	1502	1303	11.531	2.89174
AT1G54390.6	1190	991	0	0
AT3G44010.1	825	626	71.6089	37.3793
AT3G44010.2	554	355	479.005	440.91
AT5G37840.1	904	705	0	0
AT1G60770.1	1800	1601	192	39.1876
AT3G58300.1	546	347	0	0
AT1G64490.1	707	508	42	27.0162
AT3G12540.1	1984	1785	0	0
AT3G12540.2	1762	1563	11	2.2997
AT5G20570.1	806	607	149	80.2114
AT5G20570.2	764	565	0	0
AT5G20570.3	746	547	0	0
AT5G36280.1	309	110	1	2.97061
AT1G70030.1	890	691	0	0
AT1G70030.2	937	738	0	0
AT1G70030.3	715	516	0	0
AT3G18100.3	2626	2427	0	0
AT3G18100.4	2871	2672	3.46838e-05	4.24159e-06
AT3G18100.2	2769	2570	0	0
AT3G18100.1	2839	2640	35.2426	4.36216
AT1G05000.2	1341	1142	0	0
AT1G05000.1	1245	1046	42.9242	13.4094
AT1G05000.3	2909	2710	11.0758	1.33551
AT5G67560.1	1400	1201	154	41.9002
AT5G37490.1	1723	1524	2	0.428828
AT4G22105.1	471	272	0	0
AT1G64010.1	678	479	0	0
AT1G64010.2	820	621	3	1.57859
AT1G73450.1	4355	4156	88.446	6.9541
AT2G29680.1	1643	1444	0.82437	0.186549
AT2G29680.2	2209	2010	22.5159	3.66043
AT1G26210.1	1073	874	116	43.3695
AT4G13261.1	581	382	0	0
AT5G53950.1	1449	1250	2	0.522827
AT4G14723.1	806	607	6	3.22999
AT3G16440.2	1251	1052	43.7742	13.5969
AT3G16440.1	1227	1028	9.22576	2.93256
AT5G59500.2	1380	1181	88.1365	24.3862
AT5G59500.1	1871	1672	40.8635	7.98616
AT3G17970.1	2182	1983	168	27.6838
AT3G17970.2	2174	1975	0	0
AT3G43920.6	4244	4045	14.017	1.13234
AT3G43920.3	4890	4691	0	0
AT3G43920.2	4743	4544	0	0
AT3G43920.5	4679	4480	0	0
AT3G43920.4	4871	4672	0	0
AT3G43920.1	4596	4397	24.983	1.85663
AT1G66290.1	1362	1163	0	0
AT5G36930.4	3765	3566	21.0303	1.9271
AT5G36930.2	4630	4431	0.0409713	0.00302146
AT5G36930.1	4606	4407	20.9058	1.55011
AT5G36930.3	4105	3906	0.0228666	0.00191297
AT4G03292.1	752	553	3	1.7727
AT4G37435.1	661	462	0	0
AT5G43750.1	1002	803	338	137.543
AT5G39190.1	1087	888	6.60223	2.4295
AT5G39190.2	818	619	1.39777	0.737876
AT1G29520.1	877	678	61.8835	29.8252
AT1G22920.1	1548	1349	130	31.4898
AT1G22920.2	1496	1297	0	0
AT3G44940.1	1465	1266	41	10.5825
AT5G06480.1	880	681	3	1.4395
AT3G31560.1	240	42.049	0	0
AT5G37060.1	2897	2698	0	0
AT4G23960.2	824	625	0	0
AT4G23960.1	369	170	0	0
AT1G70690.1	1421	1222	35	9.35912
AT5G13070.1	1057	858	71	27.0402
AT5G04050.2	2572	2373	2.55179e-08	3.51387e-09
AT5G04050.1	3027	2828	23	2.65758
AT1G23465.1	641	442	3.33656	2.46669
AT1G27530.1	943	744	174	76.4213
AT2G18330.1	2298	2099	99.8315	15.5415
AT3G56130.1	1385	1186	222.566	61.3213
AT3G56130.3	1514	1315	0	0
AT3G56130.5	1475	1276	9.45329	2.42086
AT3G56130.2	1510	1311	53.294	13.2836
AT3G56130.4	1396	1197	4.68714	1.27954
AT4G13380.1	588	389	0	0
AT2G14690.1	1866	1667	0	0
AT3G63250.3	1490	1291	109.224	27.6458
AT3G63250.2	1791	1592	0	0
AT3G63250.1	1937	1738	7.77629	1.46205
AT2G30040.1	1601	1402	37	8.62367
AT5G17522.1	459	260	4.16474	5.23423
AT3G07520.1	2816	2617	17	2.12268
AT4G26150.1	1632	1433	104	23.7151
AT5G24655.1	764	565	9	5.20514
AT5G03670.2	1471	1272	0	0
AT5G03670.1	2057	1858	36	6.33133
AT1G14660.1	2662	2463	6.87871	0.912601
AT1G14660.2	2453	2254	15.1213	2.19217
AT4G15990.1	881	682	0	0
AT2G34860.2	856	657	168.82	83.9646
AT2G34860.1	1039	840	265.18	103.157
AT4G20645.1	1094	895	0	0
AT5G22530.1	794	595	0	0
AT4G23430.3	1243	1044	0	0
AT4G23430.1	1273	1074	120.337	36.6127
AT4G23430.4	1432	1233	0	0
AT4G23430.2	1462	1263	80.1905	20.7471
AT3G08640.1	1460	1261	284	73.5939
AT1G43680.1	821	622	1	0.525349
AT1G71080.1	1451	1252	140	36.5395
AT3G12160.1	1120	921	1	0.354796
ATMG00490.1	324	125	0	0
AT2G15350.1	1622	1423	5.42109	1.24486
AT5G54860.1	1953	1754	55	10.2464
AT3G57730.1	1761	1562	4.20191	0.87903
AT3G10790.1	960	761	0	0
AT1G11600.1	1946	1747	122	22.8195
AT2G36250.2	2227	2028	0	0
AT2G36250.3	2400	2201	18.6678	2.77147
AT2G36250.1	1948	1749	178.332	33.318
AT2G36250.4	1773	1574	1.40973e-07	2.92665e-08
AT1G70310.1	1525	1326	267	65.797
AT2G24693.1	443	244	0	0
AT3G24065.1	582	383	0	0
AT5G28646.2	1127	928	0	0
AT5G28646.1	1293	1094	0	0
AT5G28646.3	1087	888	1	0.367981
AT3G26780.1	1585	1386	268	63.1844
AT5G55890.1	1101	902	0	0
AT2G29620.5	2637	2438	3.70502e-07	4.96587e-08
AT2G29620.1	2806	2607	0	0
AT2G29620.3	2915	2716	0	0
AT2G29620.6	2602	2403	6	0.815898
AT2G29620.2	2841	2642	0	0
AT2G29620.4	2887	2688	0	0
AT1G04020.2	2394	2195	0.61482	0.0915276
AT1G04020.1	2476	2277	79.3852	11.3924
AT3G44370.2	2085	1886	0	0
AT3G44370.1	2072	1873	60	10.4677
AT3G55670.1	657	458	0	0
AT2G43350.2	1066	867	22.7615	8.57868
AT2G43350.1	919	720	78.2385	35.508
AT2G26710.1	2208	2009	25	4.06629
AT5G48380.1	2844	2645	161	19.8902
AT4G04890.2	3178	2979	26.0184	2.85397
AT4G04890.1	3286	3087	443.982	46.9966
AT1G14180.1	1817	1618	7.59624	1.53412
AT1G14180.2	1604	1405	22.4038	5.21054
AT5G61480.1	3732	3533	156	14.4284
AT2G19010.2	1376	1177	0	0
AT2G19010.1	1259	1060	0	0
AT4G21950.1	352	153	0	0
AT2G44710.2	3203	3004	37.4326	4.07181
AT2G44710.3	2069	1870	56.8743	9.93832
AT2G44710.4	2735	2536	0	0
AT2G44710.1	3071	2872	44.6931	5.08505
AT1G68410.4	2243	2044	46.7274	7.47015
AT1G68410.3	2484	2285	88.2726	12.6234
AT1G68410.1	2382	2183	0	0
AT1G68410.2	2624	2425	0	0
AT3G02245.1	653	454	0	0
AT5G20935.1	430	231	22	31.1207
AT5G20935.2	317	118	0	0
AT1G27640.1	444	245	7.32154	9.76505
ATMG01210.1	306	107	1	3.0539
AT4G00220.1	1094	895	2	0.730206
AT5G43510.2	342	143	0	0
AT2G36450.1	555	356	0	0
AT1G73080.1	3828	3629	175.733	15.8235
AT2G07676.1	357	158	0	0
AT3G50250.1	447	248	0	0
AT1G27480.1	1613	1414	139	32.1221
AT3G46710.1	3021	2822	6	0.694756
ATMG01170.1	1385	1186	5	1.3776
AT4G27880.1	1576	1377	53	12.5771
AT4G26680.2	1803	1604	0	0
AT4G26680.1	1920	1721	8	1.51896
AT4G31430.2	2213	2014	51.6381	8.37816
AT4G31430.1	2096	1897	32.1004	5.52945
AT4G31430.3	2049	1850	56.2615	9.93752
AT5G18490.1	2076	1877	34	5.91906
AT5G04610.1	1341	1142	0	0
AT4G14785.1	689	490	0	0
AT3G06510.2	2350	2151	394.834	59.9808
AT3G06510.1	2643	2444	93.1664	12.4565
ATCG00070.1	186	12.4336	0	0
AT4G26630.2	2857	2658	250.477	30.793
AT4G26630.1	2927	2728	149.523	17.9102
AT3G10420.1	2538	2339	242.722	33.9092
AT3G10420.2	2691	2492	364.278	47.7665
AT3G57280.1	1204	1005	105	34.1398
AT5G44800.1	7892	7693	386	16.3957
AT1G57580.1	1041	842	0	0
AT4G27080.2	1933	1734	151.933	28.6314
AT4G27080.1	1978	1779	79.0667	14.523
AT1G72640.2	1283	1084	0.00765612	0.0023079
AT1G72640.4	1278	1079	33.836	10.247
AT1G72640.3	1379	1180	24.1041	6.67493
AT1G72640.1	1220	1021	77.0523	24.6603
AT2G35930.1	1705	1506	116	25.1693
AT3G44070.2	1080	881	0	0
AT3G44070.1	1061	862	0	0
AT2G33775.1	991	792	0	0
AT1G71340.1	2416	2217	96	14.1496
AT4G21192.1	674	475	17.1752	11.8154
AT4G21192.2	701	502	22.8248	14.8573
AT4G24972.1	1342	1143	56	16.0096
AT5G56680.1	2049	1850	372.77	65.8426
AT3G06460.1	1109	910	13	4.6681
AT5G62770.1	1365	1166	21	5.88517
AT3G10800.1	2377	2178	119	17.8537
AT5G12060.1	621	422	0	0
AT1G60987.1	700	501	0	0
AT4G10560.1	2244	2045	1	0.159788
AT1G79103.1	677	478	0	0
AT5G56980.1	1663	1464	139.994	31.2468
AT3G49370.1	2287	2088	21	3.28645
AT4G00290.1	1859	1660	46.2334	9.10093
AT4G05630.1	375	176	0	0
AT5G06380.1	968	769	1	0.424925
AT3G59070.1	1401	1202	4	1.08741
AT3G52160.1	1530	1331	0	0
AT3G52160.2	1612	1413	0	0
AT4G29390.1	672	473	322.678	222.919
AT5G26010.1	1474	1275	40	10.2515
AT5G46110.2	2055	1856	1797.51	316.469
AT5G46110.1	2292	2093	14.8108	2.31232
AT5G46110.4	2037	1838	1610.07	286.244
AT5G46110.3	2000	1801	867.614	157.417
AT1G66870.2	475	276	0	0
AT1G66870.1	1485	1286	0	0
AT4G10970.2	1275	1076	17.7363	5.38627
AT4G10970.3	1064	865	0	0
AT4G10970.6	846	647	9.37681	4.73576
AT4G10970.7	1093	894	18.2171	6.65855
AT4G10970.5	639	440	10.425	7.74212
AT4G10970.4	1190	991	0	0
AT4G10970.1	1142	943	19.2449	6.66872
AT5G49750.1	1482	1283	0	0
AT4G17790.1	1551	1352	76	18.3686
AT4G37210.1	1903	1704	167.994	32.2154
AT4G37210.2	1792	1593	0.00587233	0.00120457
AT1G24150.2	2774	2575	7.82363e-07	9.92818e-08
AT1G24150.1	2734	2535	50	6.44511
AT1G79630.1	2403	2204	50.6955	7.51616
AT1G79630.2	2515	2316	8.41764	1.18765
AT1G79630.6	2729	2530	0.00624442	0.000806511
AT1G79630.3	2221	2022	20.8362	3.36726
AT1G79630.8	1915	1716	15.0444	2.86481
AT1G79630.4	2884	2685	0	0
AT1G79630.7	2711	2512	0	0
AT1G79630.5	2802	2603	0	0
AT2G45243.1	513	314	0	0
AT4G02640.2	1602	1403	20.0817	4.67715
AT4G02640.3	1726	1527	1.9434	0.415873
AT4G02640.1	1587	1388	63.6109	14.9755
AT4G02640.4	1708	1509	54.364	11.7723
AT4G38005.1	231	34.449	0	0
AT4G09340.1	1898	1699	75	14.4247
AT1G19800.2	1473	1274	5.19136	1.33153
AT1G19800.3	1521	1322	0	0
AT1G19800.1	1435	1236	92.3314	24.4101
AT1G19800.6	1580	1381	8.45416e-07	2.00039e-07
AT1G19800.5	1649	1450	16.4773	3.71326
AT1G19800.4	1591	1392	0	0
AT2G45880.1	3272	3073	86	9.1448
AT3G12420.1	679	480	0	0
AT5G19633.1	192	14.0216	0	0
AT5G39785.1	2061	1862	11.4311	2.00608
AT5G39785.4	2271	2072	6.11602	0.964534
AT5G39785.2	1954	1755	0	0
AT5G39785.3	2301	2102	0	0
AT5G39785.5	1951	1752	16.4529	3.06864
AT1G50560.1	2001	1802	24	4.35206
ATMG01030.1	321	122	0	0
AT5G35100.1	2331	2132	1.97774	0.303123
AT5G35100.2	927	728	120.239	53.9701
AT5G35100.3	1253	1054	92.783	28.7651
AT1G52750.1	2354	2155	57	8.64303
AT4G32230.1	669	470	0	0
AT5G02050.1	1166	967	186	62.8528
AT1G58250.2	8391	8192	1.12216e-07	4.47613e-09
AT1G58250.1	8448	8249	361	14.3003
AT1G78550.2	1421	1222	0	0
AT1G78550.1	1351	1152	17	4.82208
AT1G09195.15	1946	1747	0	0
AT1G09195.1	2135	1936	0	0
AT1G09195.4	2826	2627	0	0
AT1G09195.10	2413	2214	0	0
AT1G09195.6	2707	2508	0	0
AT1G09195.11	2267	2068	0.00207242	0.000327465
AT1G09195.9	2443	2244	0	0
AT1G09195.13	2195	1996	0.0119926	0.00196333
AT1G09195.3	3010	2811	0	0
AT1G09195.5	2710	2511	3.12657e-07	4.06874e-08
AT1G09195.8	2502	2303	0	0
AT1G09195.7	2674	2475	4.95178	0.653769
AT1G09195.14	1950	1751	2.34688e-08	4.37968e-09
AT1G09195.12	2250	2051	27.0342	4.30711
AT1G09195.2	2304	2105	0	0
AT4G13500.1	657	458	137.265	97.9336
AT2G42090.1	1101	902	0	0
AT4G30910.2	2175	1976	12.3338	2.03962
AT4G30910.1	2106	1907	83.631	14.3303
AT3G55200.1	4387	4188	0.000153411	1.19698e-05
AT3G55200.3	3889	3690	209.67	18.5672
AT3G55200.2	4338	4139	113.127	8.9312
AT2G15535.1	563	364	0	0
AT1G14110.1	1425	1226	1	0.266531
AT1G44895.1	327	128	0	0
AT1G19180.1	1558	1359	9.57042	2.30118
AT1G19180.3	1416	1217	73.4296	19.716
AT1G19180.2	1507	1308	0	0
AT5G22560.1	1914	1715	1	0.190535
AT1G54990.1	1660	1461	138	30.8651
AT5G36000.1	1124	925	5.82526	2.05784
AT2G26750.1	1361	1162	2.55834	0.719435
AT5G43680.1	1275	1076	19.2143	5.83513
AT5G43680.2	1051	852	5.78571	2.21899
AT5G02980.1	1008	809	0	0
AT5G62700.1	1947	1748	1232.93	230.481
AT1G24470.1	1212	1013	5	1.61287
AT4G38990.2	1485	1286	0	0
AT4G38990.1	1044	845	0	0
AT5G13160.1	2046	1847	144	25.4762
AT4G13680.1	1488	1289	1	0.253504
AT1G27565.1	515	316	0.980001	1.01339
AT3G19020.2	3263	3064	16.7086	1.78193
AT3G19020.1	3414	3215	21.2914	2.16402
AT1G79640.5	2308	2109	0	0
AT1G79640.2	3006	2807	0	0
AT1G79640.1	2394	2195	0	0
AT1G79640.4	2821	2622	27.6582	3.44691
AT1G79640.6	2347	2148	15.3418	2.33389
AT1G79640.3	2896	2697	0	0
AT5G28491.1	126	5.35093	0	0
AT3G13980.1	1367	1168	42	11.7502
AT1G74520.1	977	778	6.12598	2.57297
AT1G74520.2	850	651	95.874	48.1236
AT4G30070.1	565	366	0	0
AT3G04960.2	1807	1608	0	0
AT3G04960.4	1901	1702	5	0.95995
AT3G04960.1	2285	2086	0	0
AT3G04960.3	2169	1970	0	0
AT1G72755.1	124	5.2474	0	0
AT2G40780.1	1082	883	7.77974	2.87901
AT2G40780.2	855	656	14.2203	7.08341
AT1G25375.1	1952	1753	24	4.47371
AT2G29560.1	1993	1794	112.83	20.5514
AT3G15480.1	1125	926	159	56.108
AT4G10410.1	792	593	0	0
AT3G22710.1	981	782	0	0
AT2G38350.1	291	92.0002	0	0
AT5G17250.1	2981	2782	42	4.93322
AT5G58410.2	6126	5927	64.2842	3.54411
AT5G58410.1	5665	5466	147.716	8.83071
AT5G20980.2	2935	2736	15.303	1.82768
AT5G20980.1	2746	2547	66.3978	8.5185
AT1G79690.2	2461	2262	104.095	15.0375
AT1G79690.1	2850	2651	154.905	19.0938
AT1G34355.2	4767	4568	0	0
AT1G34355.3	4143	3944	0	0
AT1G34355.1	4829	4630	45	3.17592
AT3G49830.1	1596	1397	0	0
AT2G48070.3	781	582	0.00253211	0.00142167
AT2G48070.1	1011	812	203.417	81.8596
AT2G48070.2	949	750	43.0401	18.7521
AT3G45093.1	377	178	0	0
AT5G54650.2	3165	2966	21.9649	2.4199
AT5G54650.1	3507	3308	58.0351	5.73276
AT1G11470.1	747	548	0	0
AT4G27520.1	1846	1647	1625	322.402
AT5G41030.1	974	775	1	0.421635
AT5G27970.1	5132	4933	49.2711	3.26377
AT5G27970.3	5518	5319	107.493	6.60369
AT5G27970.5	5457	5258	100.501	6.24578
AT5G27970.2	5026	4827	1.73364	0.11736
AT5G27970.4	5482	5283	0.00210707	0.000130328
AT4G24540.1	1155	956	23	7.86155
AT2G26700.1	1890	1691	12	2.31887
AT5G49740.1	2640	2441	48.7354	6.52402
AT5G49740.3	2757	2558	48.4841	6.19352
AT5G49740.2	2721	2522	0	0
AT5G26740.2	2158	1959	0	0
AT5G26740.3	1879	1680	44.2666	8.61004
AT5G26740.1	2098	1899	51.7334	8.90194
AT5G44510.1	3598	3399	0	0
AT5G44510.4	3720	3521	114	10.5798
AT5G44510.3	3665	3466	0	0
AT5G44510.2	3696	3497	0	0
AT5G11600.2	1008	809	0	0
AT5G11600.1	1051	852	36	13.8071
AT1G27570.2	1923	1724	0	0
AT1G27570.1	1950	1751	0	0
AT2G42200.1	1780	1581	23.2887	4.8134
AT3G52600.3	2059	1860	0	0
AT3G52600.2	2081	1882	0	0
AT3G52600.1	2049	1850	0	0
AT1G37020.1	1836	1637	0	0
AT1G59580.2	1534	1335	38.8057	9.49846
AT1G59580.1	1640	1441	67.9717	15.4135
AT3G12770.1	2250	2051	2.07322	0.330307
AT4G38220.2	1551	1352	152.61	36.8845
AT4G38220.1	1633	1434	157.39	35.8647
AT3G19910.2	1087	888	0	0
AT3G19910.1	1574	1375	124	29.4685
AT1G59690.1	432	233	0	0
AT4G35840.2	1066	867	18.22	6.86701
AT4G35840.1	1366	1167	7.78	2.17845
AT1G60440.3	1406	1207	23.8246	6.44994
AT1G60440.1	1577	1378	24.1754	5.73276
AT1G60440.2	1647	1448	0	0
AT5G12310.1	1506	1307	153	38.252
AT3G24517.1	492	293	0	0
AT3G55630.5	1932	1733	10.4492	1.97025
AT3G55630.3	1754	1555	0.000272349	5.72313e-05
AT3G55630.6	1866	1667	0	0
AT3G55630.4	1833	1634	60.0996	12.0187
AT3G55630.2	1684	1485	0	0
AT3G55630.7	1595	1396	37.4509	8.76628
AT3G55630.1	1629	1430	0	0
AT1G20790.1	1553	1354	0	0
AT3G44769.1	226	30.6548	0	0
AT3G08947.1	3170	2971	39.625	4.35818
AT3G08947.2	3226	3027	0	0
AT3G21730.1	741	542	0	0
AT3G21730.2	547	348	0	0
AT1G27990.1	906	707	0	0
AT3G53350.4	1924	1725	0	0
AT3G53350.3	1486	1287	0	0
AT3G53350.8	1618	1419	0	0
AT3G53350.6	1776	1577	0	0
AT3G53350.7	1649	1450	0	0
AT3G53350.1	1685	1486	18.8101	4.13629
AT3G53350.5	1833	1634	0	0
AT3G53350.2	1527	1328	21.1899	5.21397
AT3G53350.9	1616	1417	0	0
AT2G35070.2	1080	881	0	0
AT2G35070.1	970	771	0	0
AT1G12650.1	1203	1004	2.68963	0.875382
AT1G12650.2	1333	1134	79.9028	23.0244
AT1G12650.3	1262	1063	32.4076	9.96211
AT1G12650.4	1129	930	1.58657e-07	5.5746e-08
AT3G56700.2	2066	1867	0	0
AT3G56700.1	2003	1804	0	0
AT1G16060.2	974	775	19.4335	8.19384
AT1G16060.4	1640	1441	0	0
AT1G16060.7	745	546	7.4592	4.46414
AT1G16060.6	834	635	0	0
AT1G16060.3	1640	1441	4.58149	1.03892
AT1G16060.1	1416	1217	13.4435	3.60962
AT1G16060.5	1178	979	0	0
AT5G05160.1	2343	2144	103	15.6982
AT5G06060.1	1115	916	239	85.2591
AT2G34690.1	1363	1164	113	31.7222
AT1G08220.2	1134	935	3.95194	1.38114
AT1G08220.1	1232	1033	37.0481	11.7193
AT5G24270.3	4213	4014	1.32517	0.107878
AT5G24270.5	1560	1361	0	0
AT5G24270.4	4200	4001	0	0
AT5G24270.1	1345	1146	0	0
AT5G24270.2	1328	1129	15.6748	4.53678
AT1G79510.2	1135	936	9.66793	3.37517
AT1G79510.1	1243	1044	135.332	42.3583
AT2G26470.1	1862	1663	25.0704	4.92614
AT2G26470.2	1663	1464	15.9296	3.55552
AT4G39235.2	495	296	4.50557	4.9739
AT4G39235.1	562	363	16.4944	14.848
AT2G24150.1	1658	1459	21.3437	4.78027
AT2G24150.2	1403	1204	130.656	35.4603
AT5G58380.1	2074	1875	118	20.5645
AT5G37400.2	2201	2002	0	0
AT5G37400.1	2004	1805	10	1.81034
AT5G16220.1	1986	1787	118	21.5772
AT5G47150.1	1315	1116	0	0
ATMG00140.1	504	305	0	0
AT5G17400.1	1350	1151	83	23.5636
AT3G48970.2	1059	860	0	0
AT3G48970.1	942	743	0	0
AT3G48970.3	685	486	3	2.01708
AT1G67400.1	1554	1355	18	4.34082
AT2G20410.2	1718	1519	0	0
AT2G20410.1	1626	1427	38.9165	8.91145
AT3G56430.1	1840	1641	72	14.3371
AT2G39840.1	1608	1409	77	17.8574
AT1G01010.1	1688	1489	67	14.7034
AT5G14420.3	1811	1612	50.5882	10.2547
AT5G14420.2	2015	1816	53.4118	9.6108
AT5G14420.4	1884	1685	0	0
AT5G14420.1	1835	1636	2.16713e-06	4.32853e-07
AT2G46690.1	896	697	76	35.6303
AT3G46310.1	375	176	0	0
AT2G16340.1	285	86.0009	0	0
AT5G06710.4	1838	1639	0	0
AT5G06710.2	1761	1562	0	0
AT5G06710.3	1960	1761	0	0
AT5G06710.1	1639	1440	28	6.35381
AT3G28460.3	1328	1129	0	0
AT3G28460.1	1503	1304	88.617	22.2064
AT3G28460.2	1658	1459	6.38302	1.42958
AT3G07370.1	1501	1302	49	12.2977
AT5G16770.1	1668	1469	0	0
AT5G16770.2	1922	1723	0	0
AT5G16770.4	1769	1570	4.86822	1.01323
AT5G16770.3	1782	1583	0	0
AT5G01920.1	1895	1696	64.7778	12.4807
AT5G01920.2	1607	1408	257.222	59.6959
AT1G16920.1	1155	956	143	48.8783
ATCG01120.1	267	68.0268	0	0
AT3G22080.1	978	779	0	0
AT4G10620.1	2010	1811	61	11.0065
AT3G52780.2	1484	1285	1	0.254293
AT3G52780.1	1704	1505	0	0
AT4G09466.1	536	337	0	0
AT1G17130.2	1413	1214	0	0
AT1G17130.1	1392	1193	156	42.729
AT5G45460.1	2919	2720	20.7362	2.49114
AT2G26140.1	2854	2655	658	80.9841
AT1G26370.1	2778	2579	132	16.7248
AT5G14320.1	1340	1141	614.46	175.973
AT5G14320.2	1066	867	507.775	191.377
AT1G37010.1	264	65.044	0	0
AT5G14275.1	219	25.9389	0	0
AT2G38880.2	1185	986	0	0
AT2G38880.11	847	648	0	0
AT2G38880.4	1047	848	0	0
AT2G38880.7	669	470	16.3551	11.3709
AT2G38880.1	971	772	33.5599	14.205
AT2G38880.5	1033	834	0	0
AT2G38880.9	1539	1340	0	0
AT2G38880.10	709	510	5.08498	3.25805
AT2G38880.8	909	710	0	0
AT2G38880.3	993	794	0	0
AT2G38880.6	1451	1252	0	0
AT5G65390.1	967	768	197	83.8192
AT4G39790.1	2498	2299	10	1.42134
AT5G49720.1	2540	2341	1437	200.583
AT2G21340.2	1966	1767	154.721	28.6122
AT2G21340.1	2479	2280	41.0302	5.88041
AT5G15580.1	3604	3405	167	16.0265
AT1G30540.4	1589	1390	0	0
AT1G30540.2	1720	1521	11.0633	2.37681
AT1G30540.1	1638	1439	25.9367	5.88968
AT1G30540.3	1538	1339	3.54947e-06	8.66206e-07
AT1G34030.1	768	569	510.424	293.128
AT1G12990.1	2097	1898	87	14.9783
AT3G08840.6	3476	3277	0	0
AT3G08840.12	2291	2092	2.00448	0.313096
AT3G08840.4	3265	3066	0	0
AT3G08840.8	3051	2852	0	0
AT3G08840.7	3261	3062	0	0
AT3G08840.3	3151	2952	32.9627	3.64875
AT3G08840.13	1578	1379	0	0
AT3G08840.1	3456	3257	16.1007	1.61535
AT3G08840.10	2975	2776	3.91705e-07	4.61082e-08
AT3G08840.2	3156	2957	0	0
AT3G08840.5	3550	3351	9.93213	0.968515
AT3G08840.11	1907	1708	0	0
AT3G08840.9	3373	3174	0	0
AT2G31590.1	723	524	0	0
AT4G13220.1	795	596	113	61.9542
AT5G36160.1	1736	1537	336	71.4338
AT5G53420.2	1308	1109	16.1251	4.75127
AT5G53420.5	2134	1935	6.55932	1.10769
AT5G53420.4	1839	1640	8.66901	1.72728
AT5G53420.1	1354	1155	139.647	39.5081
AT5G53420.3	850	651	0	0
AT3G48200.1	4073	3874	371	31.2934
AT5G44460.1	1009	810	4	1.61366
AT1G64480.2	940	741	2	0.881963
AT1G64480.3	732	533	0	0
AT1G64480.1	1004	805	0	0
AT1G64480.4	760	561	0	0
AT2G17940.1	824	625	0	0
AT3G27550.3	1893	1694	0.0004257	8.21162e-05
AT3G27550.1	1799	1600	17.9998	3.67609
AT3G27550.2	1959	1760	21.9998	4.08455
AT1G54580.1	1013	814	520.617	208.993
AT2G07020.1	2103	1904	0	0
AT5G51720.1	743	544	57	34.2385
AT3G10630.1	1810	1611	44.7598	9.07886
AT2G47380.1	454	255	104.296	133.649
AT2G47380.2	740	541	17.7039	10.6933
AT2G27040.1	3236	3037	211.377	22.7432
AT2G27040.2	3189	2990	0.622731	0.0680562
AT4G02840.1	792	593	100.697	55.4881
AT4G02840.2	686	487	3.30303	2.21626
ATMG00070.1	573	374	2	1.74742
AT1G70490.2	893	694	381.435	179.597
AT1G70490.7	1228	1029	4.9923	1.58534
AT1G70490.4	1352	1153	0	0
AT1G70490.3	997	798	93.4818	38.2792
AT1G70490.1	1125	926	243.553	85.9449
AT1G70490.6	1325	1126	3.81926	1.10836
AT1G70490.5	1341	1142	0	0
AT1G25470.2	1639	1440	37.6815	8.55075
AT1G25470.1	1645	1446	0.31847	0.071968
AT1G58025.4	2195	1996	0	0
AT1G58025.5	2080	1881	0.0040179	0.000697988
AT1G58025.6	2055	1856	0	0
AT1G58025.3	2132	1933	54.6329	9.2355
AT1G58025.2	2046	1847	1.2993e-06	2.2987e-07
AT1G58025.1	2038	1839	44.3631	7.88277
AT4G35700.1	1016	817	0	0
AT1G09490.2	1754	1555	5.73782	1.20574
AT1G09490.1	1339	1140	44.8756	12.8631
AT3G17220.1	864	665	0	0
AT3G45840.1	1859	1660	6	1.18109
AT1G28500.1	1110	911	0	0
AT4G19180.3	2605	2406	0	0
AT4G19180.1	3033	2834	59.4545	6.85525
AT4G19180.2	2890	2691	28.5455	3.46626
AT4G09960.2	962	763	0	0
AT4G09960.1	1242	1043	0	0
AT4G09960.4	1489	1290	0	0
AT4G09960.6	1130	931	0	0
AT4G09960.3	1198	999	0	0
AT4G09960.5	1664	1465	0	0
AT1G25250.3	1867	1668	0	0
AT1G25250.1	1181	982	5	1.66378
AT1G25250.2	2112	1913	0	0
AT5G59060.1	481	282	0	0
AT3G13720.1	1822	1623	89	17.9188
AT5G52540.1	1708	1509	172	37.2458
AT2G16850.1	1479	1280	95.0336	24.2608
AT3G56240.2	1098	899	2.92446	1.06298
AT3G56240.3	763	564	296.363	171.705
AT3G56240.1	907	708	23.7128	10.9443
AT3G60740.1	4101	3902	58.53	4.90151
AT3G60740.2	3701	3502	56.47	5.26914
AT3G60740.3	3321	3122	0	0
AT1G22770.1	4303	4104	420	33.4411
AT5G54930.2	1143	944	15.5102	5.3689
AT5G54930.1	1159	960	12.4898	4.25129
AT4G01770.1	1457	1258	4.37138	1.13547
AT4G01770.2	1578	1379	11.3967	2.70055
AT1G75785.1	609	410	10.0686	8.0246
AT1G10990.2	949	750	5.81538	2.5337
AT1G10990.1	871	672	13.1846	6.41116
AT4G04620.3	1254	1055	0	0
AT4G04620.2	1138	939	12.711	4.42335
AT4G04620.1	1054	855	13.4125	5.12604
AT4G19690.2	1479	1280	961	245.331
AT4G19690.1	782	583	0	0
AT2G40090.1	2019	1820	46	8.25895
AT4G35720.1	1495	1296	14	3.52989
AT5G59300.1	501	302	41.6901	45.1091
AT1G80650.1	1086	887	0	0
AT1G80650.2	968	769	3	1.27477
AT1G80650.3	1169	970	0	0
AT1G80650.4	1045	846	0	0
AT5G28550.1	861	662	0	0
AT5G67040.1	498	299	0	0
AT1G62130.1	3235	3036	32	3.44419
AT1G62130.2	3424	3225	0	0
AT1G31530.1	852	653	0	0
AT5G35830.1	849	650	0	0
AT4G09750.1	1232	1033	175	55.3575
AT3G47390.1	2333	2134	0	0
AT3G47390.2	2383	2184	86	12.8672
AT4G28650.1	3500	3301	99	9.80004
AT2G19320.1	418	219	0	0
AT5G58575.2	1226	1027	22.6483	7.20616
AT5G58575.1	1462	1263	5.35169	1.38461
AT4G16900.2	2718	2519	0	0
AT4G16900.1	3578	3379	30.8791	2.98617
AT4G16900.3	2208	2009	11.9952	1.95104
AT1G65860.1	1734	1535	117	24.9067
AT3G01150.2	1738	1539	0.00101999	0.000216569
AT3G01150.3	1589	1390	0	0
AT3G01150.1	1636	1437	64.4998	14.667
AT3G01150.4	1636	1437	21.4991	4.8888
AT1G68875.1	726	527	0	0
AT5G24920.1	763	564	13	7.53187
AT3G57785.1	644	445	77.9775	57.2595
AT1G09720.1	2787	2588	1	0.126262
AT5G01580.1	702	503	4	2.59855
AT1G50710.1	1669	1470	63	14.0043
AT4G02700.1	2306	2107	21	3.25682
AT5G05675.1	222	27.8721	0.406176	4.76193
AT3G56580.3	1369	1170	0	0
AT3G56580.1	1604	1405	47.5121	11.0501
AT3G56580.2	1397	1198	46.4879	12.6801
AT3G30165.1	396	197	0	0
AT3G44860.1	1660	1461	2	0.44732
AT3G05510.1	1997	1798	18.0704	3.28409
AT3G05510.2	1599	1400	10.9296	2.55104
AT3G59350.4	1958	1759	0	0
AT3G59350.2	1821	1622	36.7533	7.40429
AT3G59350.3	1693	1494	32.2467	7.05299
AT3G59350.6	1848	1649	0	0
AT3G59350.1	2140	1941	0	0
AT3G59350.5	1905	1706	0	0
AT3G21140.1	1810	1611	95	19.2693
AT1G44750.6	1783	1584	40.8114	8.41907
AT1G44750.2	2151	1952	0	0
AT1G44750.7	1822	1623	0	0
AT1G44750.5	2096	1897	0	0
AT1G44750.4	2171	1972	0	0
AT1G44750.8	1743	1544	18.1111	3.83298
AT1G44750.1	1578	1379	35.0775	8.31195
AT1G44750.3	2307	2108	0	0
AT3G32930.2	1090	891	180	66.0136
AT3G32930.1	1126	927	0	0
AT1G36078.1	454	255	0	0
AT1G51740.2	1424	1225	18.976	5.06181
AT1G51740.1	1337	1138	27.024	7.75972
AT1G54230.1	1094	895	0	0
AT3G48209.1	204	18.2087	0	0
AT4G20360.1	1800	1601	3553.87	725.351
AT4G20360.2	1709	1510	1594.13	344.973
AT4G35550.1	1384	1185	50	13.7876
AT3G57465.1	633	434	0	0
AT3G56440.3	1627	1428	0	0
AT3G56440.2	1786	1587	0	0
AT3G56440.1	1661	1462	18.4029	4.11318
AT1G04870.2	1626	1427	175.989	40.2995
AT1G04870.1	1537	1338	0.0109727	0.00267977
AT4G33800.2	1048	849	0	0
AT4G33800.1	934	735	4	1.77832
AT5G13250.2	1364	1165	5.29954	1.48645
AT5G13250.1	1700	1501	2.70046	0.58789
AT4G02540.1	2838	2639	95.4928	11.8241
AT4G02540.2	2797	2598	12.5072	1.57311
AT5G10140.3	999	800	0	0
AT5G10140.4	885	686	0	0
AT5G10140.2	993	794	0	0
AT5G10140.1	1042	843	3	1.16287
AT3G21660.2	1317	1118	4	1.16911
AT3G21660.1	1397	1198	0	0
AT3G44020.1	784	585	58	32.3974
AT3G51720.1	1559	1360	103	24.7478
AT3G62020.1	859	660	30	14.8531
AT3G62020.2	882	683	0	0
AT2G04540.1	1598	1399	48	11.2115
AT5G06050.1	2418	2219	86	12.6643
AT2G21230.4	2132	1933	24.0667	4.0684
AT2G21230.1	2080	1881	62.0323	10.7763
AT2G21230.3	2003	1804	0	0
AT2G21230.2	1870	1671	3.90092	0.762831
AT5G41130.1	2498	2299	17.8142	2.53201
AT5G41130.3	2582	2383	20.8969	2.86547
AT5G41130.2	2415	2216	0	0
AT5G54090.1	2594	2395	35.3914	4.8287
AT3G27910.1	1050	851	0	0
AT5G50430.1	1352	1153	41.9963	11.902
AT5G50430.2	1161	962	23.4834	7.97672
AT5G50430.3	1177	978	0.52024	0.173821
AT5G49270.1	2261	2062	32	5.07107
AT1G68610.1	749	550	0	0
AT1G52603.1	366	167	0	0
AT5G55830.1	2227	2028	15	2.41692
AT1G28290.2	1186	987	253.574	83.9511
AT1G28290.1	1482	1283	1638.43	417.29
AT2G16835.1	243	44.7603	0	0
AT5G53486.1	722	523	31.9123	19.9386
AT5G53486.3	560	361	0	0
AT5G53486.5	815	616	0	0
AT5G53486.2	1029	830	2.65452	1.04507
AT5G53486.4	746	547	18.4332	11.0116
AT1G35530.3	4421	4222	0	0
AT1G35530.2	4298	4099	0	0
AT1G35530.4	4318	4119	34	2.69728
AT1G35530.5	4295	4096	0	0
AT1G35530.1	4180	3981	0	0
AT5G44940.1	1134	935	0	0
AT5G01310.1	2448	2249	26	3.77765
AT1G65930.1	2286	2087	2181	341.485
AT5G28050.3	1199	1000	0	0
AT5G28050.1	1136	937	237.682	82.8885
AT5G28050.2	1053	854	111.318	42.5939
AT1G21750.1	2004	1805	656.497	118.849
AT1G21750.2	1534	1335	5.50285	1.34693
AT5G25580.1	1575	1376	17	4.03709
AT5G63540.1	2283	2084	10	1.56798
AT5G63540.2	2349	2150	0	0
AT3G02190.1	550	351	78	72.6149
AT1G10070.1	1642	1443	0	0
AT1G10070.2	1558	1359	0	0
AT1G10070.3	1668	1469	0	0
AT4G22758.1	1283	1084	20	6.02891
AT4G22758.2	1487	1288	0	0
AT1G16905.1	1386	1187	6	1.65173
AT5G64860.1	2022	1823	54	9.67933
AT5G55340.1	1402	1203	5	1.35813
AT1G60740.1	825	626	10.4887	5.47504
AT5G18250.1	1045	846	23	8.88374
AT1G65450.3	2752	2553	0	0
AT1G65450.2	1240	1041	0	0
AT1G65450.1	1703	1504	8	1.73812
AT3G07200.2	860	661	0	0
AT3G07200.3	882	683	17.7179	8.47674
AT3G07200.1	1201	1002	6.28213	2.0487
AT2G19740.1	809	610	317	169.812
AT3G58690.1	1598	1399	39	9.10931
AT5G64330.1	2816	2617	236	29.4677
AT5G64330.3	2374	2175	0	0
AT5G64330.2	2292	2093	0	0
AT2G01490.2	1541	1342	32.2712	7.8578
AT2G01490.1	1777	1578	133.729	27.6921
AT5G57190.2	1934	1735	0	0
AT5G57190.1	2502	2303	9	1.27699
AT4G03625.1	195	14.9308	0	0
AT3G52440.1	853	654	0	0
AT3G52440.2	1145	946	0	0
AT5G66070.5	902	703	20.0257	9.30829
AT5G66070.4	1316	1117	4.97434	1.45519
AT5G66070.2	1173	974	0	0
AT5G66070.1	1186	987	0	0
AT5G66070.3	1388	1189	0	0
AT4G14970.4	4600	4401	0	0
AT4G14970.1	4666	4467	0	0
AT4G14970.2	4657	4458	0	0
AT4G14970.6	4579	4380	36	2.68576
AT4G14970.5	4594	4395	0	0
AT4G14970.3	4642	4443	2.73007e-06	2.00787e-07
AT1G76080.1	1424	1225	738	196.861
AT4G12990.8	755	556	3.75638	2.20766
AT4G12990.3	1379	1180	0	0
AT4G12990.9	477	278	0	0
AT4G12990.10	646	447	9.43286	6.89564
AT4G12990.5	1268	1069	1.96134	0.599534
AT4G12990.2	1667	1468	5.79841	1.29069
AT4G12990.6	1363	1164	0	0
AT4G12990.7	861	662	0	0
AT4G12990.4	1371	1172	0	0
AT4G12990.1	810	611	9.05101	4.84055
AT3G55310.1	1037	838	0	0
AT4G38470.3	2344	2145	43.5906	6.64055
AT4G38470.1	2470	2271	0	0
AT4G38470.2	2355	2156	39.4094	5.97295
AT3G55320.1	4766	4567	140	10.0169
AT1G12490.1	1059	860	0	0
AT1G73066.1	2294	2095	7.26739	1.13353
AT1G14430.1	2075	1876	60	10.451
AT5G22240.1	738	539	0	0
AT4G29033.1	294	95.0001	0	0
AT5G67030.1	2592	2393	578.772	79.032
AT5G67030.2	2377	2178	801.228	120.209
AT3G60080.1	1660	1461	143	31.9834
AT5G39520.1	1028	829	0	0
AT5G59450.1	2334	2135	58	8.87705
AT3G18295.1	1021	822	32.7007	12.9994
AT2G15430.3	1939	1740	0	0
AT2G15430.1	1424	1225	92.7209	24.7332
AT2G15430.2	1877	1678	3.23278	0.629538
AT3G15260.2	1506	1307	123.649	30.9139
AT3G15260.1	1627	1428	18.351	4.19922
AT1G08070.2	2391	2192	1	0.149073
AT1G08070.1	2471	2272	0	0
AT2G27310.1	1571	1372	18	4.28703
AT1G73380.1	1571	1372	23	5.47787
AT2G20480.1	903	704	4	1.85663
AT4G18150.1	2518	2319	0	0
AT2G37730.1	1687	1488	0	0
AT5G26940.2	1835	1636	0	0
AT5G26940.4	1590	1391	30.1652	7.08627
AT5G26940.1	1269	1070	4.79142	1.46325
AT5G26940.3	1267	1068	41.0434	12.5577
AT3G17210.1	922	723	0	0
AT3G17210.2	887	688	205	97.3652
AT1G20750.1	3450	3251	1	0.100513
AT2G21725.1	258	59.1108	0	0
AT5G18480.1	1986	1787	152	27.7944
AT2G02490.2	1157	958	0	0
AT2G02490.1	1244	1045	0	0
AT4G14040.1	2072	1873	682.699	119.105
AT3G24900.1	2655	2456	0	0
AT3G24900.2	2932	2733	0	0
AT5G08130.1	2553	2354	8.22466e-07	1.14169e-07
AT5G08130.7	2739	2540	81.3399	10.4643
AT5G08130.3	2575	2376	4.33767	0.596552
AT5G08130.2	2597	2398	75.9274	10.3464
AT5G08130.5	2751	2552	0	0
AT5G08130.8	2738	2539	0	0
AT5G08130.6	2536	2337	145.395	20.3296
AT5G08130.4	2726	2527	7.53963e-07	9.74952e-08
AT4G03400.2	2286	2087	309.918	48.5247
AT4G03400.1	3518	3319	8.08198	0.795699
AT1G79790.2	967	768	11.5107	4.89756
AT1G79790.4	1044	845	6.50713	2.51635
AT1G79790.1	889	690	67.9821	32.1947
AT1G79790.3	96	4.14046	0	0
AT3G44880.1	2017	1818	144	25.8825
AT3G25560.2	2208	2009	115.014	18.7072
AT3G25560.3	2281	2082	31.9855	5.02008
AT3G25560.1	2423	2224	0.000694795	0.000102085
AT3G05800.1	1215	1016	44	14.1513
AT1G07460.2	1019	820	1	0.398496
AT1G07460.1	901	702	0	0
AT2G17790.1	2817	2618	182	22.7164
ATMG01220.1	342	143	0	0
AT2G17080.1	990	791	9	3.71796
AT1G48760.2	3439	3240	94.0103	9.48132
AT1G48760.3	3367	3168	3.46474e-07	3.57375e-08
AT1G48760.1	3383	3184	4.49252e-05	4.61058e-06
AT4G08240.2	710	511	25.0759	16.0352
AT4G08240.1	828	629	7.9241	4.11659
AT5G18660.1	1591	1392	316	74.1799
AT1G05280.2	2299	2100	3.42916	0.533589
AT1G05280.1	1913	1714	7.57084	1.44335
AT2G03050.1	1257	1058	25	7.72134
AT2G03050.2	1310	1111	0	0
AT4G13980.1	1892	1693	57	11.0016
AT3G61270.1	2030	1831	25	4.46159
AT3G61270.2	2133	1934	0	0
AT2G45690.1	1564	1365	29	6.94231
AT1G60530.1	906	707	14.9504	6.90991
AT2G40440.1	273	74.0093	0	0
AT2G09838.1	189	13.1915	0	0
AT2G15390.1	1597	1398	31.0284	7.25255
AT2G15390.2	1949	1750	4.97159	0.928316
AT2G27940.1	860	661	0	0
AT2G48121.1	333	134	0	0
AT2G48121.2	494	295	0	0
AT2G07617.1	65	3.38302	0	0
AT3G46540.1	1473	1274	8.27273	2.12186
AT3G46540.2	1319	1120	41.1745	12.0129
AT3G46540.3	1032	833	61.5528	24.1458
AT2G42280.3	1511	1312	0	0
AT2G42280.2	1766	1567	0	0
AT2G42280.1	1820	1621	54	10.8855
AT1G55320.2	2429	2230	93	13.6275
AT1G55320.1	2692	2493	0	0
AT3G16770.1	1306	1107	255	75.2716
AT2G46840.1	838	639	0	0
AT1G20770.2	1160	961	15.4316	5.24717
AT1G20770.1	1227	1028	71.5684	22.7492
AT1G13580.2	1751	1552	26.755	5.63315
AT1G13580.3	1702	1503	0.00411705	0.000895087
AT1G13580.1	1403	1204	18.2409	4.9506
AT3G54860.1	2166	1967	83	13.7883
AT3G54860.2	2099	1900	8.45499e-07	1.45411e-07
AT3G05975.1	736	537	0	0
AT5G57290.1	842	643	240.104	122.019
AT5G57290.2	648	449	146.1	106.327
AT5G57290.3	698	499	260.796	170.781
AT1G53560.1	980	781	22	9.20471
AT5G46873.1	303	104	0	0
AT5G19170.1	1290	1091	8	2.39609
AT2G27710.4	704	505	213.336	138.042
AT2G27710.1	860	661	332.44	164.343
AT2G27710.2	752	553	289.588	171.117
AT2G27710.3	683	484	206.409	139.354
AT4G30450.1	758	559	39	22.7977
AT1G25380.1	2050	1851	10.8882	1.92216
AT1G25380.2	1880	1681	83.1118	16.156
AT3G47380.1	986	787	21	8.71933
AT1G02813.1	652	453	0	0
AT5G62080.1	699	500	0	0
AT1G12400.1	729	530	8.82452	5.44068
AT1G12400.3	763	564	0	0
AT1G12400.2	653	454	5.44089	3.91609
AT5G47690.2	5324	5125	182.124	11.6121
AT5G47690.1	5321	5122	109.265	6.97078
AT5G47690.3	5472	5273	357.611	22.1611
AT5G47690.4	5634	5435	0	0
AT5G60680.1	1295	1096	75	22.3609
AT1G23380.2	1306	1107	0.126485	0.037336
AT1G23380.1	1401	1202	24.8735	6.76194
AT1G80630.1	1972	1773	18	3.31743
AT1G74690.1	2421	2222	346	50.8827
AT3G44120.1	1432	1233	1.37499	0.364398
AT4G15490.1	2051	1852	83	14.6445
AT1G32750.1	6190	5991	234	12.7631
AT3G61610.2	1194	995	25.1026	8.24393
AT3G61610.1	1652	1453	34.8974	7.84812
AT3G51770.2	3833	3634	0.001288	0.000115816
AT3G51770.1	3796	3597	162.999	14.8075
AT3G16050.1	1380	1181	75	20.7515
AT3G56930.1	2239	2040	15.3962	2.46617
AT3G56930.2	1974	1775	29.6038	5.44988
AT3G26050.1	2114	1915	19	3.24208
AT4G29060.1	3386	3187	2499	256.226
AT4G29060.2	2616	2417	0	0
AT3G55935.1	422	223	0	0
AT5G23903.1	485	286	1	1.14254
AT3G54470.1	1786	1587	368	75.7721
AT2G26110.1	1624	1425	75	17.1983
AT4G13390.1	1569	1370	26.2894	6.27045
AT4G13390.3	741	542	0	0
AT4G13390.2	1469	1270	11.7106	3.0131
AT2G29630.3	2406	2207	965.32	142.925
AT2G29630.1	3386	3187	0	0
AT2G29630.4	2892	2693	68.5224	8.31447
AT2G29630.2	3234	3035	16.1572	1.73959
AT3G11930.2	1155	956	121.846	41.6478
AT3G11930.4	1019	820	105.865	42.1867
AT3G11930.3	1116	917	18.7533	6.68262
AT3G11930.1	1035	836	77.536	30.3065
AT1G30100.1	2056	1857	1	0.175965
AT1G77880.1	685	486	0	0
AT1G77880.3	500	301	0	0
AT1G77880.2	377	178	1	1.83577
AT1G30925.1	1572	1373	0	0
AT4G09545.1	373	174	0	0
ATCG00350.1	2253	2054	73	11.6134
AT1G61740.1	2103	1904	398	68.3053
AT5G42765.1	997	798	164	67.1551
AT2G13950.1	1554	1355	0	0
AT1G43825.1	216	24.1385	0	0
AT1G13450.1	1633	1434	38.8434	8.85128
AT1G13450.3	1871	1672	7.02521	1.37297
AT1G13450.2	1075	876	0	0
AT1G13450.4	834	635	5.13141	2.64059
AT5G65970.2	1712	1513	0	0
AT5G65970.1	2151	1952	58	9.70927
AT1G13650.1	1360	1161	38.0322	10.7043
AT1G13650.3	1819	1620	1.14138e-07	2.30226e-08
AT1G13650.2	1557	1358	0	0
AT1G13650.4	1947	1748	33.9678	6.34986
AT4G25360.1	2233	2034	121	19.4389
AT4G25360.2	2300	2101	0	0
AT2G02860.2	2350	2151	0	0
AT2G02860.1	2375	2176	102	15.3172
AT1G12750.5	2203	2004	6.15604	1.00379
AT1G12750.4	2162	1963	0	0
AT1G12750.7	1180	981	35.7944	11.923
AT1G12750.6	1498	1299	0	0
AT1G12750.2	2061	1862	7.91926	1.38977
AT1G12750.3	1712	1513	28.1297	6.07527
AT1G12750.1	1459	1260	0.000570444	0.000147938
AT1G68640.1	1869	1670	20.2503	3.96236
AT4G35000.1	1327	1128	472	136.732
AT2G26740.1	1371	1172	131.442	36.6474
AT3G47290.1	2145	1946	151.37	25.4176
AT3G47290.2	2111	1912	0	0
AT4G19430.1	812	613	0	0
AT3G03420.1	1173	974	61	20.4649
AT3G03420.2	1203	1004	0	0
AT1G54000.1	1725	1526	498.049	106.649
AT5G54330.1	1071	872	0	0
AT4G15450.1	1740	1541	24.0781	5.10574
AT4G15450.2	1292	1093	36.9219	11.0383
AT1G48725.1	492	293	0	0
AT5G56400.1	1368	1169	0	0
AT3G24420.1	1476	1277	9	2.30298
AT1G52540.2	1677	1478	7.8353	1.73229
AT1G52540.1	1613	1414	54.1647	12.5171
AT1G44010.1	778	579	1	0.564365
AT5G07050.1	1357	1158	0	0
AT1G32100.1	1329	1130	52	15.0371
AT1G35860.1	1200	1001	0	0
AT4G17000.1	2169	1970	0	0
AT4G17000.3	2303	2104	27.5633	4.28079
AT4G17000.2	2074	1875	6.43668	1.12176
AT4G20090.2	1996	1797	4.56749	0.830554
AT4G20090.1	2685	2486	14.4325	1.89705
AT2G14740.2	2429	2230	44.3836	6.50363
AT2G14740.1	2522	2323	99.9144	14.0546
AT5G54300.1	1383	1184	38	10.4875
AT3G59440.1	771	572	0.209945	0.119935
AT1G14770.2	1814	1615	0	0
AT1G14770.1	1765	1566	24	5.00793
AT4G24975.1	439	240	0	0
AT2G43160.3	3618	3419	20.773	1.98536
AT2G43160.2	3345	3146	646.146	67.1136
AT2G43160.5	3098	2899	27.646	3.11617
AT2G43160.4	2985	2786	36.1213	4.23663
AT2G43160.1	3647	3448	74.3138	7.04272
AT4G28085.2	493	294	3	3.33436
AT4G28085.1	879	680	0	0
AT4G29110.1	1084	885	19	7.01534
AT5G13480.1	2539	2340	87	12.149
AT5G13480.3	2671	2472	0	0
AT5G13480.2	2493	2294	0	0
AT5G13480.4	2503	2304	0	0
AT1G18960.1	1122	923	0	0
AT4G06639.1	372	173	0	0
AT4G21510.1	1426	1227	3.84184e-08	1.02314e-08
AT4G21510.2	1406	1207	6	1.62436
AT5G20850.2	1459	1260	0	0
AT5G20850.1	1402	1203	20	5.43254
AT5G02600.2	1381	1182	43.8773	12.13
AT5G02600.1	1670	1471	11.1227	2.4708
AT5G02600.3	1936	1737	0	0
AT3G25620.1	2998	2799	0	0
AT3G25620.2	2777	2578	8	1.01402
AT1G47200.1	999	800	150	61.2688
AT5G59490.2	1407	1208	2.8461	0.769876
AT5G59490.1	1231	1032	4.1539	1.31527
AT3G08880.1	1451	1252	12	3.13195
AT2G20630.2	1483	1284	5.22895	1.33072
AT2G20630.1	1441	1242	286.771	75.4488
AT3G27820.1	1979	1780	384	70.4936
AT1G71810.1	2487	2288	152	21.7083
AT1G29670.1	1335	1136	354.806	102.059
AT1G29670.2	1336	1137	49.1941	14.1381
AT3G53390.1	2371	2172	113	17.0003
AT1G06470.4	1834	1635	57.5921	11.5102
AT1G06470.2	2759	2560	17.5225	2.23664
AT1G06470.1	2492	2293	48.4014	6.89751
AT1G06470.3	2368	2169	0	0
AT1G78270.1	1792	1593	32	6.56406
AT3G59455.1	648	449	0	0
AT5G12900.1	2118	1919	98	16.6874
AT5G60335.3	853	654	0	0
AT5G60335.1	954	755	0	0
AT5G60335.2	918	719	6	2.72685
AT1G11790.2	1746	1547	0	0
AT1G11790.1	1759	1560	141	29.5347
AT4G19003.3	1289	1090	3.33262e-08	9.99074e-09
AT4G19003.4	866	667	0.123483	0.0604948
AT4G19003.1	1471	1272	13.7521	3.53281
AT4G19003.6	946	747	7.30559	3.19575
AT4G19003.2	1625	1426	0	0
AT4G19003.5	816	617	32.8188	17.3811
AT3G53200.1	1003	804	1	0.406427
AT3G53200.2	1091	892	0	0
AT3G56980.1	1215	1016	175	56.2837
AT1G65570.1	1467	1268	12	3.09243
AT5G15010.1	1979	1780	19	3.48796
AT5G11380.2	2530	2331	56.7045	7.94902
AT5G11380.4	2515	2316	24.7275	3.48883
AT5G11380.1	2547	2348	18.5933	2.58759
AT5G11380.3	2631	2432	0.000257973	3.46616e-05
AT3G12820.2	835	636	20	10.2757
AT3G12820.1	1222	1023	0	0
AT5G38500.1	1236	1037	0	0
AT1G55590.1	2124	1925	53	8.99671
AT5G58860.1	1864	1665	109	21.392
AT2G27500.1	1701	1502	8.8287	1.92073
AT2G27500.3	1392	1193	38.1713	10.4553
AT2G27500.2	1659	1460	0	0
AT3G17250.1	1686	1487	27	5.93323
AT2G07689.1	645	446	0	0
AT4G14342.2	1089	890	0	0
AT4G14342.1	716	517	116.883	73.8754
AT1G51700.1	1349	1150	91	25.8572
AT1G28350.3	2633	2434	63.8079	8.56628
AT1G28350.1	2754	2555	126.685	16.2021
AT1G28350.2	2762	2563	0.00689294	0.000878808
AT1G20065.4	354	155	0	0
AT1G20065.3	695	496	1.39407	0.918423
AT1G20065.2	463	264	0	0
AT1G20065.5	361	162	0	0
AT1G20065.1	802	603	2.60593	1.41216
AT5G43068.1	520	321	1	1.01797
AT5G25840.1	976	777	41	17.2425
AT2G31215.1	390	191	0	0
AT4G36480.2	2014	1815	77.8916	14.0234
AT4G36480.1	2429	2230	59.1084	8.6613
AT4G36480.3	2521	2322	0	0
AT5G28650.1	1443	1244	6	1.57605
AT1G74045.1	747	548	0	0
AT5G66680.1	1878	1679	492	95.7531
AT1G67660.3	1390	1191	0	0
AT1G67660.1	1398	1199	30	8.17599
AT1G67660.2	1383	1184	0	0
AT3G20630.1	2854	2655	225	27.6921
AT5G04700.2	2481	2282	0	0
AT5G04700.1	2407	2208	16.1063	2.38361
AT5G05940.1	2256	2057	31	4.92454
AT5G05940.2	2341	2142	0	0
AT5G39890.2	1023	824	0	0
AT5G39890.1	1361	1162	26	7.31148
AT2G21455.1	720	521	0	0
AT5G50610.1	780	581	0.243149	0.136752
AT3G12350.2	1770	1571	19.1045	3.97372
AT3G12350.1	1727	1528	77.8955	16.6582
AT2G46560.1	7746	7547	0.292586	0.0126683
AT2G46560.3	7779	7580	2.50575	0.108021
AT2G46560.2	7799	7600	325.202	13.9823
AT1G07476.1	945	746	0	0
AT1G67830.1	1394	1195	64	17.5005
AT5G67620.1	1179	980	5	1.66718
AT1G26420.1	1818	1619	24	4.84398
AT1G68937.1	285	86.0009	0	0
AT2G37400.1	1470	1271	86	22.1101
AT4G10170.1	1310	1111	16.5821	4.87712
AT4G10170.2	1176	977	9.41791	3.14991
ATMG01040.1	324	125	0	0
AT4G13780.1	2955	2756	435	51.5761
AT1G52770.1	1792	1593	13	2.66665
AT4G17215.1	897	698	20	9.36295
AT2G30880.2	2054	1855	54.7814	9.65001
AT2G30880.1	2118	1919	39.2186	6.67813
AT2G43690.2	2334	2135	15	2.29579
AT2G43690.1	2338	2139	0	0
AT2G43690.3	2286	2087	0	0
AT2G41480.1	1114	915	47	16.7848
AT1G30475.3	999	800	0	0
AT1G30475.1	851	652	10.6552	5.34016
AT1G30475.4	1229	1030	2.1748	0.689955
AT1G30475.2	1288	1089	4.98398	1.4955
AT3G19590.1	1418	1219	55	14.7434
AT1G54760.1	486	287	0	0
AT3G59710.2	1559	1360	0	0
AT3G59710.1	1192	993	1.99998	0.658135
AT3G59710.3	1202	1003	2.01972e-05	6.58005e-06
AT1G06090.1	2313	2114	41.5082	6.41604
AT5G36800.2	1011	812	24.4578	9.84238
AT5G36800.1	845	646	20.2711	10.2538
AT4G13480.1	927	728	0	0
AT2G35390.3	1778	1579	0	0
AT2G35390.4	1955	1756	0	0
AT2G35390.1	2091	1892	71.8362	12.4068
AT2G35390.2	1787	1588	206.825	42.5589
AT1G47890.1	3132	2933	2	0.222821
AT3G05440.1	369	170	0	0
AT3G58877.1	180	11.1077	0	0
AT2G25720.1	661	462	22	15.5603
AT4G11380.1	4001	3802	163.65	14.0651
AT4G11380.2	3002	2803	322.35	37.5788
AT1G32225.1	512	313	0	0
AT5G35680.3	758	559	0	0
AT5G35680.1	882	683	176.223	84.3103
AT5G35680.2	911	712	34.2058	15.6985
AT2G30580.1	2094	1895	38	6.55259
AT2G30580.3	2353	2154	0	0
AT2G30580.2	1966	1767	0	0
AT1G67280.2	1377	1178	197.541	54.7961
AT1G67280.1	1525	1326	340.459	83.8997
AT3G50010.1	2591	2392	21	2.86877
AT5G22920.1	1405	1206	11	2.98046
AT5G22920.2	1506	1307	0	0
AT3G56560.1	687	488	0	0
AT2G23970.1	793	594	1	0.550113
AT3G02440.1	1437	1238	0	0
AT3G02440.2	1611	1412	0	0
AT1G71100.1	1663	1464	59	13.1689
AT1G52670.1	1204	1005	182	59.1757
AT2G20240.1	2488	2289	46	6.56675
ATCG00640.1	201	17.0167	1	19.2028
AT2G45570.1	2204	2005	11	1.79274
AT1G15230.1	1190	991	55	18.1354
AT3G60966.1	1109	910	0	0
AT2G22950.1	3308	3109	0	0
AT5G39840.1	2770	2571	67	8.51552
AT5G15770.1	490	291	2	2.24582
AT3G05580.2	2276	2077	32.7955	5.15959
AT3G05580.1	2364	2165	49.2045	7.42653
AT5G06410.1	1137	938	30.626	10.6691
AT2G01190.1	2714	2515	178	23.1271
AT5G10880.1	930	731	1	0.447014
AT5G46730.1	1246	1047	71.757	22.3953
AT5G46730.2	925	726	22.243	10.0114
AT5G05850.1	1972	1773	23	4.23894
AT1G24070.1	2180	1981	15.7933	2.60512
AT1G24070.2	2480	2281	15.2067	2.17845
AT5G57610.1	4193	3994	180	14.7266
AT2G42300.5	3575	3376	0	0
AT2G42300.1	1848	1649	7.06247	1.39951
AT2G42300.3	2819	2620	6.5453	0.816331
AT2G42300.4	2513	2314	20.2901	2.86523
AT2G42300.2	1576	1377	62.1021	14.7371
AT2G20710.1	1779	1580	15	3.10222
AT2G20710.2	1839	1640	0	0
AT2G20940.1	908	709	6.2193	2.86638
AT2G20940.2	794	595	31.7807	17.4536
AT2G30970.1	1840	1641	107.484	21.403
AT2G30970.2	1632	1433	249.516	56.8971
AT4G01703.1	114	4.78619	0	0
AT2G36980.3	2339	2140	2.21391	0.338053
AT2G36980.2	2371	2172	0	0
AT2G36980.1	2338	2139	3.78609	0.578387
AT2G27385.2	1095	896	12.3642	4.50917
AT2G27385.1	855	656	187.135	93.2156
AT2G27385.3	1101	902	0.501104	0.181535
AT4G13790.1	857	658	0	0
AT1G01725.1	537	338	10	9.66767
AT3G11820.2	1542	1343	69.7133	16.962
AT3G11820.1	1659	1460	64.2867	14.3882
AT1G01880.2	1993	1794	2.10231e-08	3.82923e-09
AT1G01880.4	1634	1435	0.89852	0.204604
AT1G01880.3	2134	1935	1.19414e-06	2.01656e-07
AT1G01880.1	2107	1908	12.1015	2.07252
AT1G02850.5	2093	1894	0	0
AT1G02850.1	1943	1744	35.8488	6.71686
AT1G02850.4	1804	1605	53.3079	10.8531
AT1G02850.3	2193	1994	18.3033	2.99946
AT1G02850.2	2024	1825	12.54	2.24529
AT4G04750.1	1743	1544	35.9753	7.6137
AT4G04750.2	1957	1758	17.824	3.31303
AT4G04750.3	1788	1589	19.2007	3.94848
AT1G31243.1	384	185	1	1.76631
AT3G20780.1	2390	2191	47	7.00961
AT3G06790.2	979	780	62	25.9738
AT3G06790.1	948	749	0	0
AT5G62150.1	689	490	11	7.33559
AT3G04660.1	1243	1044	0	0
AT3G11020.1	1562	1363	1	0.239741
AT1G23040.3	794	595	2.4569	1.3493
AT1G23040.1	1361	1162	37.8249	10.6368
AT1G23040.2	808	609	22.7182	12.1897
AT3G26960.1	1320	1121	23	6.70441
AT5G18910.1	2113	1914	0	0
AT3G26380.2	1582	1383	0	0
AT3G26380.1	2258	2059	78	12.3787
AT4G22410.1	1110	911	0	0
AT4G22410.2	1312	1113	0	0
AT3G30300.2	2632	2433	1.36939e-07	1.83918e-08
AT3G30300.1	2588	2389	172	23.5261
AT1G68240.1	936	737	1	0.443375
AT1G68240.2	1004	805	0	0
AT1G76160.1	2290	2091	668	104.39
AT1G04610.1	1774	1575	8	1.65977
AT3G03590.1	990	791	14	5.78349
AT2G47190.1	1367	1168	1	0.279766
AT5G50620.1	690	491	0	0
AT5G58005.2	795	596	7.23957	3.96922
AT5G58005.1	739	540	39.7604	24.06
AT5G28630.1	773	574	5	2.8464
AT3G59260.1	816	617	0	0
AT3G09080.4	3718	3519	0	0
AT3G09080.1	3109	2910	0.770303	0.0864982
AT3G09080.3	3531	3332	0	0
AT3G09080.2	3102	2903	12.2297	1.3766
AT4G11373.1	416	217	0	0
AT2G47800.1	5061	4862	210	14.1138
AT5G40580.1	1248	1049	9.14844	2.84977
AT5G40580.4	915	716	3.55254e-05	1.6213e-05
AT5G40580.2	1189	990	177.852	58.7031
AT5G40580.3	1252	1053	0	0
AT2G28380.1	1997	1798	216	39.2557
AT1G45165.1	532	333	8.56234	8.40208
AT1G77580.1	3395	3196	0	0
AT1G77580.4	2923	2724	17.6993	2.12318
AT1G77580.2	2830	2631	81.6081	10.1356
AT1G77580.3	3326	3127	5.69258	0.594867
AT5G63120.3	2608	2409	0	0
AT5G63120.4	2717	2518	0	0
AT5G63120.5	1698	1499	9.73052	2.12116
AT5G63120.2	2314	2115	52.804	8.1582
AT5G63120.1	2372	2173	37.4655	5.63392
AT5G45120.1	1476	1277	0	0
AT1G64830.1	1443	1244	0	0
AT3G54610.1	2172	1973	46	7.61849
AT1G68725.1	747	548	6.05525	3.61069
AT2G43900.2	4526	4327	0	0
AT2G43900.1	4430	4231	99.5485	7.68829
AT1G17310.2	909	710	0	0
AT1G17310.1	689	490	0	0
AT2G42260.2	1278	1079	0	0
AT2G42260.1	1359	1160	20	5.63392
AT3G43840.2	561	362	1.07716	0.972321
AT3G43840.1	757	558	0	0
AT5G40800.1	1437	1238	3	0.791843
AT2G07820.1	267	68.0268	0	0
AT5G52270.1	675	476	2	1.37297
AT5G52270.2	875	676	0	0
AT5G56880.1	946	747	0	0
AT5G11570.1	1458	1259	4	1.03818
AT1G76620.2	2134	1935	0	0
AT1G76620.1	2051	1852	55	9.70421
AT3G13570.1	1277	1078	289	87.6027
AT1G33900.1	981	782	3	1.25358
AT5G43160.1	1132	933	10.5912	3.7094
AT5G43160.2	915	716	0	0
AT2G39750.1	2402	2203	113.415	16.8226
AT4G02750.1	2601	2402	12	1.63248
AT1G55760.1	1782	1583	20	4.12845
AT1G49700.1	840	641	6.1423e-05	3.1312e-05
AT1G49700.4	819	620	0	0
AT1G49700.2	834	635	2.99994	1.54375
AT1G49700.3	890	691	0	0
AT1G53100.2	1457	1258	0	0
AT1G53100.1	1596	1397	2	0.467813
AT2G04530.1	1530	1331	53	13.0118
AT5G64190.1	1621	1422	0	0
AT5G64190.2	1516	1317	0	0
AT5G35360.3	2029	1830	13.5873	2.42617
AT5G35360.1	2038	1839	984.193	174.879
AT5G35360.2	1988	1789	1.21969	0.222781
AT4G20450.1	2912	2713	6	0.72267
AT4G20450.2	2820	2621	0	0
AT1G32500.1	1917	1718	290	55.1586
AT5G27990.1	890	691	106.023	50.1375
AT5G27990.2	1103	904	16.9765	6.13647
AT5G63090.4	1102	903	0	0
AT5G63090.3	1156	957	0	0
AT5G63090.2	1085	886	0.279477	0.103074
AT5G63090.1	1082	883	13.7205	5.07748
AT5G04560.1	6963	6764	14.5805	0.704381
AT5G04560.2	6681	6482	248.958	12.5504
AT5G04560.3	6687	6488	0.461057	0.0232211
AT5G42930.1	1677	1478	2	0.442175
AT5G42930.2	1792	1593	0	0
AT3G13450.1	1360	1161	40	11.2581
AT4G17510.1	1108	909	114	40.9807
AT3G56150.2	3064	2865	1119.34	127.667
AT3G56150.1	3325	3126	284.657	29.7557
AT3G53260.1	2887	2688	1907.15	231.843
AT3G17480.1	1125	926	0	0
AT1G62660.2	2913	2714	6.56765	0.790749
AT1G62660.1	2577	2378	123.153	16.9227
AT1G62660.4	1891	1692	171.28	33.0783
AT1G62660.3	3256	3057	0	0
AT1G78540.1	2568	2369	28	3.86217
AT1G78540.2	2478	2279	0	0
AT1G78540.3	2645	2446	0	0
AT2G06570.1	834	635	0	0
AT1G70610.1	2462	2263	205.717	29.7047
AT1G70610.2	2418	2219	114.283	16.8291
AT2G18140.1	1014	815	1.14739	0.460037
AT2G29510.1	3110	2911	281	31.543
AT2G35730.2	867	668	0	0
AT2G35730.1	630	431	2	1.51632
AT5G60170.1	3501	3302	183.382	18.1475
AT5G60170.2	3509	3310	225.618	22.2733
AT3G25240.1	1123	924	1	0.353644
AT2G44220.1	1373	1174	0	0
AT2G18160.1	1231	1032	625	197.897
AT2G43710.2	1745	1546	445.135	94.085
AT2G43710.1	1834	1635	587.865	117.489
AT4G15630.1	1032	833	131	51.3883
AT3G04950.1	1070	871	18	6.75294
AT4G22120.2	3348	3149	0	0
AT4G22120.4	2738	2539	0.0208549	0.002684
AT4G22120.5	2602	2403	77.1145	10.4863
AT4G22120.1	3051	2852	69.8646	8.00472
AT4G22120.6	3114	2915	0	0
AT4G22120.3	3010	2811	0	0
AT3G63215.1	225	29.9375	0	0
AT2G24840.1	947	748	0	0
AT1G76600.1	1016	817	23	9.19907
AT4G19460.1	1875	1676	34	6.62893
AT5G41880.1	1682	1483	50	11.0171
AT5G37260.1	980	781	27	11.2967
AT3G54420.1	2084	1885	126.93	22.0034
AT3G51080.1	1384	1185	56	15.4422
AT1G47530.2	2202	2003	0	0
AT1G47530.1	1977	1778	650	119.459
AT1G17300.1	695	496	3.22905	2.12731
AT1G17300.2	1053	854	4.77095	1.82551
AT5G11620.1	1096	897	0	0
AT5G11620.2	972	773	5	2.11363
AT4G21902.1	467	268	0	0
AT1G19140.2	1294	1095	56.1043	16.7425
AT1G19140.1	1505	1306	61.8957	15.4866
AT3G62290.3	949	750	456.149	198.739
AT3G62290.1	1022	823	727.851	288.989
AT3G62290.2	944	745	3.72302e-08	1.63297e-08
AT3G03330.1	1288	1089	80.4694	24.1458
AT3G16340.1	4987	4788	16.0134	1.09287
AT3G16340.2	4688	4489	226.987	16.523
AT3G57840.1	465	266	0	0
AT1G06970.1	2885	2686	0	0
AT1G29800.1	1934	1735	44	8.28689
AT1G29800.2	1916	1717	0	0
AT3G17668.2	1030	831	0	0
AT3G17668.1	949	750	12	5.22827
AT4G10240.1	1051	852	0	0
AT5G36980.1	462	263	0	0
AT4G29090.1	1728	1529	0	0
AT3G21430.4	4022	3823	106.692	9.1194
AT3G21430.2	3908	3709	0	0
AT3G21430.3	4274	4075	10.3079	0.826572
AT1G12211.1	3135	2936	0	0
AT5G39340.4	841	642	71.1308	36.2044
AT5G39340.1	1177	978	0	0
AT5G39340.2	1321	1122	0	0
AT5G39340.3	958	759	8.86922	3.8184
AT5G14820.1	2082	1883	6.20491	1.07677
AT1G75980.1	1176	977	33	11.0372
AT1G75980.2	1081	882	0	0
AT1G55550.1	3073	2874	19	2.16026
AT3G46640.2	3242	3043	51.7193	5.55379
AT3G46640.3	1384	1185	0	0
AT3G46640.1	1845	1646	4.48885	0.891134
AT1G66300.2	1425	1226	0	0
AT1G66300.1	1503	1304	0	0
AT1G12500.1	1677	1478	251	55.4929
AT2G19460.1	795	596	14.3571	7.87155
AT2G19460.2	907	708	12.6429	5.83513
AT2G11270.1	409	210	1.1932	1.85666
AT3G18980.1	1893	1694	20.9136	4.03416
AT3G18980.2	1731	1532	59.0864	12.6028
AT1G46480.2	1443	1244	8.27743	2.17427
AT1G46480.1	1367	1168	15.7226	4.39865
AT3G21650.1	2395	2196	51	7.58885
AT3G21650.2	2454	2255	0	0
AT4G15030.1	2152	1953	11.9816	2.00471
AT4G15030.2	1258	1059	0	0
AT4G15030.3	1011	812	26.0184	10.4704
AT4G31160.1	6133	5934	273.636	15.0683
AT1G05640.1	2338	2139	11	1.68043
AT2G25230.1	705	506	0	0
AT5G04990.1	1892	1693	136	26.2495
AT1G51250.1	792	593	0	0
AT2G40740.2	747	548	0	0
AT2G40740.3	1119	920	0	0
AT2G40740.1	1102	903	0	0
AT1G71680.1	1919	1720	0	0
AT1G71680.2	1968	1769	0	0
AT2G28390.1	2372	2173	151	22.7068
AT1G48160.1	1089	890	13.6085	4.99641
AT1G48160.2	876	677	56.6484	27.3424
AT5G10380.1	1179	980	25	8.3359
AT4G16240.1	349	150	2	4.35689
AT3G10113.1	1158	959	3.95748	1.34846
AT2G41790.1	3332	3133	374	39.0076
AT1G08360.1	1110	911	1363.8	489.184
AT3G49160.3	2478	2279	10.0033	1.43429
AT3G49160.1	2665	2466	0	0
AT3G49160.2	2208	2009	0	0
AT1G55230.1	1215	1016	0	0
AT1G56160.1	1034	835	13	5.08739
AT1G69830.1	3124	2925	165	18.433
AT5G36370.1	357	158	0	0
AT1G26620.1	3305	3106	51	5.36546
AT5G48905.1	414	215	0	0
AT3G20360.1	1321	1122	11	3.2036
AT1G76630.2	3728	3529	100.827	9.33607
AT1G76630.3	3814	3615	23.1729	2.09465
AT1G76630.1	3423	3224	0	0
AT1G80550.1	1909	1710	62	11.8477
AT2G35700.1	971	772	8	3.38619
AT3G52420.1	574	375	15	13.0707
AT1G70870.1	420	221	0	0
AT5G27820.1	701	502	33	21.4807
AT2G46030.4	1029	830	5.83576	2.29751
AT2G46030.3	1143	944	3.52888	1.22153
AT2G46030.2	1400	1201	0	0
AT2G46030.5	899	700	54.6354	25.5043
AT2G46030.1	1270	1071	0	0
AT1G76500.1	1729	1530	22	4.69861
AT5G24040.1	1228	1029	0	0
AT5G24040.2	707	508	1	0.643242
AT5G24040.3	1299	1100	0	0
AT4G08028.1	264	65.044	0	0
AT5G66330.1	1554	1355	11	2.65272
AT1G78030.1	800	601	0	0
AT4G27910.1	4237	4038	61	4.9363
AT1G49890.1	2586	2387	103	14.1001
AT4G25800.1	2272	2073	0	0
AT4G25800.2	2169	1970	9	1.49284
AT5G08440.3	2918	2719	0	0
AT5G08440.1	2789	2590	82.1314	10.3621
AT5G08440.2	2759	2560	7.86855	1.00437
AT4G36791.1	207	19.5103	0	0
AT3G03100.1	782	583	272	152.454
AT3G03100.2	717	518	0	0
AT5G04820.1	1390	1191	22	6.036
AT1G10320.2	2296	2097	53	8.25878
AT1G10320.1	2274	2075	0	0
AT2G23380.1	3456	3257	75.2729	7.55195
AT2G23380.2	2331	2132	49.7271	7.62157
AT3G55910.1	711	512	1	0.638217
AT2G29780.2	1359	1160	0	0
AT2G29780.1	1467	1268	0	0
AT4G31970.1	1835	1636	0	0
AT4G18510.1	876	677	17	8.20538
AT1G64210.1	2109	1910	6	1.02649
AT5G39110.1	822	623	0	0
AT3G10986.1	820	621	2	1.05239
AT5G35945.1	393	194	0	0
AT2G24696.1	1128	929	0	0
AT1G31885.3	897	698	13.7607	6.44204
AT1G31885.1	1178	979	10.2393	3.41763
AT1G31885.2	1403	1204	0	0
AT1G61500.1	3333	3134	0	0
AT1G61500.2	3002	2803	23.3583	2.72306
AT1G61500.3	2642	2443	1.64169	0.219586
AT3G23172.1	270	71.016	0	0
AT3G04140.1	2828	2629	182	22.6214
AT5G20180.2	666	467	17.6132	12.3242
AT5G20180.1	676	477	102.232	70.0339
AT5G20180.3	820	621	4.15453	2.18609
AT5G20180.4	842	643	0	0
AT5G25970.1	2049	1850	0	0
AT5G25970.2	2120	1921	0	0
AT5G25970.3	1592	1393	23	5.39529
AT4G04830.1	761	562	119	69.1909
AT4G04830.2	687	488	2.97131e-06	1.9896e-06
AT3G62790.1	648	449	122	88.7875
AT1G52342.1	1356	1157	102	28.8075
AT5G10330.2	1508	1309	41.2823	10.3053
AT5G10330.7	1500	1301	3.75237	0.942468
AT5G10330.6	1624	1425	0	0
AT5G10330.1	2446	2247	12.2872	1.78685
AT5G10330.3	2104	1905	15.727	2.69768
AT5G10330.8	1452	1253	67.1957	17.5238
AT5G10330.5	2241	2042	0	0
AT5G10330.4	2253	2054	10.7554	1.71106
AT1G35610.1	1928	1729	0	0
AT5G53635.1	1281	1082	0	0
AT2G47250.1	2528	2329	256.636	36.007
AT1G35515.1	675	476	13	8.92431
AT1G01940.1	877	678	37	17.8324
AT3G61590.1	2244	2045	31.1255	4.97349
AT3G61590.2	2188	1989	0.0232593	0.00382121
AT3G61590.3	2047	1848	62.8512	11.1135
AT3G61590.4	2092	1893	0	0
AT4G09530.1	580	381	0	0
AT4G14190.1	1895	1696	44.0192	8.48115
AT4G31985.1	613	414	460.492	363.463
AT4G35410.1	440	241	0.665984	0.902994
AT4G35410.2	928	729	40.334	18.0793
AT4G24640.1	1110	911	0	0
AT3G21410.1	1233	1034	0	0
AT1G52270.1	760	561	0	0
AT5G63240.1	598	399	0	0
AT3G49340.1	1244	1045	0	0
AT3G46690.1	1842	1643	13.2354	2.63231
AT1G23570.2	1210	1011	0	0
AT1G23570.1	998	799	0	0
AT1G23570.3	1416	1217	0	0
AT3G24740.3	2191	1992	0.03317	0.00544121
AT3G24740.1	1801	1602	23.5258	4.79867
AT3G24740.5	2498	2299	7.00995	0.996356
AT3G24740.6	1858	1659	3.15959	0.622334
AT3G24740.2	1867	1668	34.4694	6.75269
AT3G24740.4	2113	1914	24.802	4.23432
AT4G09360.1	2562	2363	0	0
AT2G17880.1	1276	1077	12	3.64086
AT2G47750.1	2924	2725	50	5.99573
AT3G14960.1	1606	1407	54	12.5412
AT3G55250.1	1430	1231	225	59.7259
AT1G52825.2	535	336	11.6812	11.3602
AT1G52825.1	564	365	6.3188	5.65692
AT4G23460.1	3030	2831	155.631	17.9636
AT4G23460.2	2648	2449	98.3691	13.1253
AT5G57360.2	2226	2027	11.7768	1.89851
AT5G57360.1	2441	2242	250.223	36.4695
AT2G44670.1	898	699	509	237.946
AT1G06380.1	1311	1112	48	14.1051
AT5G38910.1	866	667	0	0
AT5G38910.2	738	539	0	0
AT1G59800.1	768	569	0	0
AT2G19170.1	3240	3041	60.6851	6.52085
AT2G19170.2	2789	2590	19.3149	2.43686
AT1G50910.1	1927	1728	28.2314	5.3386
AT1G50910.2	1081	882	0	0
AT3G62760.1	918	719	11	4.99922
AT3G46870.1	1215	1016	51	16.4027
AT3G46870.2	1131	932	0	0
AT2G16860.2	1803	1604	0	0
AT2G16860.1	1366	1167	149	41.7209
AT1G67440.2	1760	1561	8.25926	1.72893
AT1G67440.1	1571	1372	38.7407	9.22682
AT3G10670.1	1480	1281	263	67.088
AT5G41540.1	3117	2918	0	0
AT5G47130.1	897	698	1	0.468148
AT5G47130.2	1131	932	0	0
AT5G47130.3	978	779	0	0
AT3G15359.1	310	111	0	0
AT1G49850.1	1410	1211	51	13.7615
AT3G51500.1	696	497	17	11.1771
AT2G40100.2	871	672	2.17333	1.05681
AT2G40100.1	1321	1122	64.8267	18.8799
AT1G22570.1	2131	1932	11.8892	2.01087
AT1G22570.2	1806	1607	7.11077	1.4459
AT1G03365.1	2892	2693	65.4138	7.93727
AT1G03365.2	3277	3078	6.58625	0.69921
AT1G07770.2	725	526	401.617	249.497
AT1G07770.3	801	602	740.116	401.737
AT1G07770.1	1653	1454	255.986	57.5294
AT1G79750.1	2819	2620	1006	125.469
AT5G51860.2	756	557	0	0
AT5G51860.1	783	584	0	0
AT5G02380.1	571	372	3716	3264.16
AT3G58740.1	1800	1601	0	0
AT4G32360.8	2140	1941	17.5111	2.948
AT4G32360.1	2158	1959	0.000437619	7.29962e-05
AT4G32360.9	1371	1172	14.3326	3.99609
AT4G32360.5	2220	2021	0	0
AT4G32360.3	2319	2120	0	0
AT4G32360.2	2257	2058	0	0
AT4G32360.4	2247	2048	0	0
AT4G32360.6	2148	1949	0.155825	0.0261255
AT4G32360.7	2186	1987	0	0
AT2G38810.1	688	489	0	0
AT2G38810.4	607	408	13.5741	10.8715
AT2G38810.3	879	680	5.64032	2.7104
AT2G38810.2	691	492	27.7855	18.4541
AT2G33255.1	1020	821	111	44.1792
AT1G09050.1	3216	3017	14.4652	1.56671
AT1G09050.2	2833	2634	3.43759e-07	4.26459e-08
AT3G09510.1	1455	1256	0	0
AT1G50160.1	222	27.8721	0	0
AT3G50790.2	1515	1316	98.0737	24.352
AT3G50790.1	1705	1506	7.92632	1.71983
AT5G07090.3	1400	1201	5.44152	1.48052
AT5G07090.2	1174	975	868.53	291.084
AT5G07090.1	1180	981	922.841	307.395
AT3G13970.3	623	424	0	0
AT3G13970.2	789	590	0	0
AT3G13970.1	552	353	8.21769	7.607
AT3G13970.4	683	484	2.78231	1.87845
AT1G34060.1	1675	1476	0	0
AT1G34060.2	1314	1115	5.23367	1.5338
AT3G62840.1	687	488	120.565	80.7312
AT3G62840.2	684	485	57.4346	38.6964
AT4G30710.3	2850	2651	0	0
AT4G30710.2	2925	2726	5.69758	0.682972
AT4G30710.1	2982	2783	48.3024	5.67145
AT4G30710.4	3030	2831	1.43933e-07	1.66134e-08
AT1G69910.1	2564	2365	45	6.21756
AT5G04140.1	5417	5218	1675.5	104.925
AT5G04140.2	5199	5000	3434.5	224.456
AT3G08800.3	3325	3126	0	0
AT3G08800.2	3422	3223	0	0
AT3G08800.1	3330	3131	30	3.13095
AT3G14420.4	1482	1283	432.854	110.244
AT3G14420.6	1495	1296	235.636	59.4122
AT3G14420.5	1407	1208	2154.04	582.672
AT3G14420.3	1489	1290	1175.48	297.759
AT3G14420.1	1647	1448	0	0
AT3G14420.2	1572	1373	556.113	132.352
AT5G24090.1	1268	1069	20	6.11351
AT1G58030.1	2456	2257	198	28.6663
AT1G61080.5	3150	2951	3.56509e-07	3.94765e-08
AT1G61080.3	3134	2935	0.00018307	2.0382e-05
AT1G61080.4	3133	2934	0.000270718	3.01505e-05
AT1G61080.1	2785	2586	0	0
AT1G61080.2	3360	3161	0	0
AT1G61080.6	3108	2909	4.99955	0.561598
AT4G20770.1	2325	2126	0	0
AT2G23190.1	1632	1433	0	0
AT2G29100.1	2823	2624	0	0
AT2G29100.2	2855	2656	0	0
AT5G23440.1	1005	806	65	26.3522
AT1G30120.1	1669	1470	563.592	125.281
AT4G24615.1	300	101	0	0
AT1G26560.1	2075	1876	151	26.3016
AT1G21360.1	1129	930	10	3.51362
AT1G21360.3	1287	1088	0	0
AT1G21360.2	1275	1076	0	0
AT3G22110.1	1225	1026	429	136.631
AT1G67140.2	6874	6675	32.3163	1.58201
AT1G67140.3	6954	6755	235.366	11.3856
AT1G67140.1	6993	6794	0.317342	0.015263
AT3G53070.1	318	119	0	0
AT5G26700.1	868	669	3	1.46532
AT5G24290.1	1922	1723	13.3833	2.53814
AT5G24290.2	1886	1687	7.61674	1.47534
AT5G63390.1	2036	1837	1	0.177881
ATMG01240.1	303	104	0	0
AT2G30860.2	802	603	305.777	165.701
AT2G30860.1	1233	1034	1492.22	471.576
AT4G12970.1	985	786	53	22.0339
AT5G46210.1	2739	2540	393	50.5588
AT3G60590.4	950	751	6.62121	2.88095
AT3G60590.3	1215	1016	0	0
AT3G60590.2	1627	1428	13.2837	3.03969
AT3G60590.1	1412	1213	7.09507	1.91132
AT3G62310.2	2106	1907	27.4638	4.70596
AT3G62310.1	2627	2428	239.9	32.2864
AT3G62310.3	1853	1654	0	0
AT1G23030.1	2423	2224	318	46.723
AT5G38895.2	1059	860	0	0
AT5G38895.1	1190	991	15	4.94602
AT5G38895.3	1029	830	0	0
AT4G28110.2	1380	1181	0	0
AT4G28110.1	1127	928	1	0.35212
AT3G09030.1	1845	1646	33	6.55122
AT5G03660.3	1610	1411	2.44564	0.566374
AT5G03660.2	768	569	41.5222	23.8455
AT5G03660.1	1075	876	124.032	46.2667
AT4G02190.1	1980	1781	1	0.183474
AT1G30910.1	1432	1233	57	15.106
AT1G52857.2	467	268	0	0
AT1G52857.1	295	96.0001	1	3.40382
AT4G26870.1	1940	1741	295.513	55.4646
AT3G50720.1	1134	935	0	0
AT3G45430.2	2460	2261	0	0
AT3G45430.3	2354	2155	0	0
AT3G45430.1	2300	2101	14	2.17741
AT4G16340.1	6453	6254	0.0655571	0.00342531
AT4G16340.2	6405	6206	454.934	23.9539
AT3G09760.1	2040	1841	67	11.8921
AT1G73655.1	861	662	179	88.3555
AT4G12670.2	2434	2235	18.4711	2.70055
AT4G12670.1	1829	1630	15.5289	3.11309
AT3G05740.1	2161	1962	0	0
AT3G05740.2	2041	1842	13	2.30617
AT3G29350.2	520	321	2.96089	3.01409
AT3G29350.1	878	679	91.0391	43.8124
AT4G35280.1	1004	805	0	0
AT3G56300.2	1911	1712	0	0
AT3G56300.3	1677	1478	22	4.86392
AT3G56300.1	1541	1342	0	0
AT4G02405.2	1218	1019	0	0
AT4G02405.1	1147	948	39	13.443
AT3G23955.1	1206	1007	0	0
AT3G23955.2	1618	1419	0	0
AT3G58980.1	1785	1586	18	3.70858
AT3G45510.1	774	575	0	0
AT3G12200.3	2380	2181	0	0
AT3G12200.1	2313	2114	132.9	20.5428
AT3G12200.4	2522	2323	12.0998	1.70203
AT3G12200.2	2261	2062	0	0
AT3G62280.2	1377	1178	0	0
AT3G62280.1	1447	1248	26	6.80765
AT1G13670.1	1248	1049	31	9.65661
AT3G24225.1	850	651	1	0.501946
AT5G20900.1	1081	882	129	47.7925
AT1G60990.3	1794	1595	51.6257	10.5765
AT1G60990.2	1726	1527	30.7043	6.57051
AT1G60990.1	1509	1310	27.8511	6.94718
AT1G54170.1	2405	2206	152	22.5152
AT3G26730.2	3056	2857	0	0
AT3G26730.5	2977	2778	0	0
AT3G26730.7	2894	2695	0	0
AT3G26730.3	3045	2846	0	0
AT3G26730.8	2797	2598	71.0611	8.93781
AT3G26730.6	2962	2763	0	0
AT3G26730.1	2762	2563	268.939	34.2881
AT3G26730.4	2988	2789	0	0
AT2G07768.1	465	266	0	0
AT3G27660.1	1385	1186	4.77264	1.31496
AT3G27660.2	888	689	5.22736	2.47914
AT5G51880.1	1063	864	89	33.66
AT3G27835.1	240	42.049	0	0
AT5G37450.2	3215	3016	0	0
AT5G37450.4	2371	2172	10.3731	1.56058
AT5G37450.3	3143	2944	7.62694	0.846547
AT5G37450.1	2808	2609	0	0
AT5G27093.1	215	23.5677	0	0
AT3G59640.2	1218	1019	0	0
AT3G59640.1	1174	975	29	9.71923
AT2G06025.1	1611	1412	0	0
AT2G06025.3	1314	1115	8.0808	2.3682
AT2G06025.5	1369	1170	0	0
AT2G06025.2	1734	1535	0	0
AT2G06025.6	1246	1047	70.2101	21.9125
AT2G06025.4	1431	1232	17.7091	4.69704
AT2G06025.7	1145	946	0	0
AT3G51380.1	701	502	11	7.16024
AT3G05570.1	502	303	31	33.4316
AT2G43680.1	2735	2536	82.2895	10.6031
AT2G43680.4	2562	2363	557.941	77.1548
AT2G43680.2	2588	2389	31.0416	4.24586
AT2G43680.3	2713	2514	0	0
AT2G43680.5	2939	2740	7.72807	0.921635
AT3G25580.1	1135	936	44	15.3608
AT3G25580.2	1161	962	0	0
AT3G50520.1	1053	854	64	24.4884
AT4G16100.1	1514	1315	45	11.1821
AT4G34270.1	1317	1118	91	26.5973
AT5G11140.1	959	760	1	0.429957
AT2G04090.1	1805	1606	2.3449	0.477108
AT2G20360.1	1791	1592	734	150.658
AT5G19151.1	428	229	5	7.13465
AT5G51360.1	360	161	0	0
AT1G44020.1	2454	2255	5	0.724539
AT5G61380.1	2808	2609	50	6.26231
AT1G11880.3	1680	1481	0	0
AT1G11880.1	1790	1591	16	3.28616
AT1G11880.2	1854	1655	0	0
AT4G01670.1	1154	955	3	1.02649
AT4G32800.1	1391	1192	35	9.59467
AT4G32030.1	1528	1329	86.1536	21.183
AT4G32030.2	1436	1237	31.8464	8.41258
AT5G24450.1	2085	1886	90	15.5933
AT5G24450.2	2203	2004	0	0
AT3G14370.1	1785	1586	16	3.29652
ATCG00540.1	963	764	22	9.40952
AT2G32610.1	2518	2319	8	1.12727
AT2G07000.1	322	123	0	0
AT4G36800.2	941	742	135.661	59.7433
AT4G36800.1	1354	1155	215.339	60.9227
AT3G03510.1	1669	1470	0	0
AT3G06840.1	1050	851	34	13.0553
AT1G23070.1	1461	1262	0	0
AT5G66985.1	741	542	33	19.8954
AT1G13605.1	482	283	0	0
AT1G21245.1	501	302	1	1.08201
AT5G47470.2	1722	1523	0	0
AT5G47470.3	1309	1110	0	0
AT5G47470.1	1095	896	1	0.364695
AT5G61160.1	1725	1526	3	0.642399
AT2G47300.2	2936	2737	11	1.31328
AT2G47300.4	3025	2826	0	0
AT2G47300.3	2910	2711	0	0
AT2G46510.1	2421	2222	79	11.6177
AT5G52460.2	858	659	0	0
AT5G52460.1	1110	911	0	0
AT3G06620.1	3303	3104	87.9547	9.25925
AT2G03936.1	246	47.5399	0	0
AT2G05310.2	1068	869	84.2301	31.6728
AT2G05310.1	756	557	181.505	106.481
AT4G30630.2	1818	1619	14.9747	3.02238
AT4G30630.1	1729	1530	12.0253	2.56829
AT1G73270.1	1359	1160	0.0672388	0.0189409
AT1G73270.2	1565	1366	19.7587	4.72657
AT1G02560.1	1479	1280	893	227.971
AT2G38430.1	1740	1541	13	2.75663
AT5G62020.1	1754	1555	41	8.61572
AT5G27100.1	2940	2741	18	2.14586
AT5G06150.2	1779	1580	0	0
AT5G06150.1	1734	1535	122.646	26.1087
AT5G25290.1	1248	1049	0	0
AT5G61510.2	1233	1034	35.2982	11.155
AT5G61510.1	1461	1262	110.702	28.6638
AT4G03250.1	1990	1791	27	4.92614
AT3G14660.3	2495	2296	0	0
AT3G14660.2	2514	2315	114.604	16.1766
AT3G14660.1	2418	2219	244.384	35.9877
AT5G51800.1	3208	3009	5	0.542983
AT4G32600.1	2148	1949	210.331	35.2639
AT4G32600.2	2278	2079	10.669	1.67689
AT1G67430.1	833	634	1796.67	926.012
AT1G67430.2	608	409	1.06223	0.848662
AT1G17770.1	2082	1883	0	0
AT4G03740.1	1038	839	0	0
AT3G29763.1	1518	1319	0	0
AT4G16080.1	1455	1256	0	0
AT5G51950.1	2096	1897	0	0
AT5G51950.3	1854	1655	0	0
AT5G51950.2	1788	1589	1	0.205643
AT3G54280.1	6815	6616	418	20.6452
AT3G54280.2	6632	6433	0	0
AT5G66570.1	1508	1309	12310	3072.96
AT3G27730.7	3675	3476	1.78141e-06	1.67464e-07
AT3G27730.6	3872	3673	0	0
AT3G27730.1	3702	3503	0	0
AT3G27730.3	3911	3712	0	0
AT3G27730.5	3631	3432	4	0.380847
AT3G27730.4	3848	3649	0	0
AT3G27730.2	4001	3802	0	0
AT1G62085.1	2324	2125	0	0
AT1G62085.2	2022	1823	37	6.63214
AT5G20640.1	947	748	3	1.31056
AT5G28560.1	192	14.0216	0	0
AT3G55680.1	552	353	0	0
AT1G04945.3	2532	2333	0	0
AT1G04945.1	1626	1427	0	0
AT1G04945.4	1596	1397	10.6078	2.48124
AT1G04945.2	1698	1499	29.3922	6.4072
AT4G21880.1	2702	2503	20	2.611
AT4G21880.2	2479	2280	0	0
AT1G05120.1	2886	2687	62.9126	7.65083
AT1G05120.2	2989	2790	27.0874	3.1725
AT5G06830.1	2104	1905	54	9.26269
AT5G66060.1	1318	1119	76.2961	22.2798
AT5G66060.2	933	734	8.70394	3.87488
AT4G33780.1	1160	961	60	20.4017
AT2G02955.1	2456	2257	41	5.93596
AT2G35150.1	1165	966	11	3.72095
AT1G44820.1	2213	2014	78.9006	12.8015
AT5G62575.2	758	559	17.0479	9.96546
AT5G62575.1	524	325	22.9521	23.0769
AT2G14265.1	549	350	0	0
AT2G45920.1	2143	1944	52	8.74068
AT2G45920.2	2155	1956	0	0
AT2G13640.1	1155	956	0	0
AT4G26780.1	1509	1310	85	21.2024
AT5G23990.1	1974	1775	0	0
AT5G23990.3	1899	1700	3	0.576648
AT5G23990.2	2256	2057	0	0
AT1G51430.1	893	694	24	11.3003
AT5G18770.2	2052	1853	0.0735055	0.0129623
AT5G18770.1	2110	1911	29.9265	5.11721
AT5G62960.1	1773	1574	27	5.60528
AT5G62960.2	1813	1614	0	0
AT3G57890.1	2308	2109	295	45.7071
AT3G57890.2	2210	2011	0	0
AT2G01420.2	2861	2662	221.29	27.1639
AT2G01420.3	3078	2879	42.6802	4.84421
AT2G01420.1	2849	2650	0.0294793	0.00363505
AT1G55430.1	2296	2097	15.4697	2.41058
AT5G54240.1	1407	1208	4	1.08201
AT2G18680.1	1166	967	2	0.675837
AT1G63630.2	1135	936	0	0
AT1G63630.1	1206	1007	0	0
AT2G23340.1	1206	1007	76	24.6617
AT3G03010.3	968	769	6.31966	2.68538
AT3G03010.2	1098	899	10.2614	3.72981
AT3G03010.5	1191	992	0	0
AT3G03010.4	1162	963	0	0
AT3G03010.1	950	751	21.4189	9.31957
AT1G53720.2	1953	1754	0	0
AT1G53720.1	1942	1743	54	10.1236
AT3G29560.1	363	164	0	0
AT4G31770.1	2012	1813	28.1149	5.0673
AT4G31770.2	1963	1764	16.8851	3.12783
AT3G05920.2	950	751	0	0
AT3G05920.1	877	678	13	6.26545
AT5G51400.1	1167	968	146	49.2851
AT1G71490.1	2921	2722	7.41559	0.890217
AT2G38650.3	2580	2381	21.0208	2.88489
AT2G38650.2	2417	2218	0	0
AT2G38650.1	2614	2415	245.979	33.2828
AT5G40520.1	2572	2373	0	0
AT5G40520.2	2526	2327	35	4.91485
AT3G23230.1	786	587	0	0
AT3G11070.1	2078	1879	161	27.9987
AT1G18710.1	1277	1078	5	1.51562
AT2G22460.1	1095	896	0	0
AT1G22250.1	818	619	11	5.80685
AT1G65650.1	1349	1150	149	42.3377
AT3G25460.1	1086	887	0	0
AT1G31770.1	2680	2481	294	38.7221
AT5G14520.1	2164	1965	437	72.6703
AT4G29700.1	2173	1974	51.938	8.59759
AT3G19130.1	1808	1609	284.571	57.7927
AT3G48400.1	1860	1661	0	0
AT1G28630.3	1070	871	0	0
AT1G28630.1	1472	1273	0	0
AT1G28630.4	1925	1726	0	0
AT1G28630.2	1347	1148	0	0
AT1G28630.5	1388	1189	0	0
AT5G59000.1	1432	1233	22.3501	5.92318
AT5G58200.1	1197	998	38.3846	12.568
AT5G58200.2	1041	842	43.6154	16.9265
AT1G60360.1	1230	1031	8	2.53554
AT5G38040.1	1826	1627	16	3.21344
AT4G25490.1	1217	1018	0	0
AT1G14560.3	1987	1788	2.08151e-07	3.80408e-08
AT1G14560.2	2048	1849	15.1643	2.67993
AT1G14560.1	1957	1758	56.8357	10.5643
AT3G48800.1	1450	1251	51	13.3214
AT1G62590.2	1955	1756	18.9481	3.52598
AT1G62590.1	2212	2013	0	0
AT2G37975.2	373	174	7.59597	14.265
AT2G37975.1	786	587	13.404	7.46166
AT1G15400.2	1022	823	73.8602	29.3257
AT1G15400.1	773	574	22.1398	12.6038
AT1G15400.3	693	494	0	0
AT3G06110.2	1035	836	23.3851	9.14053
AT3G06110.1	717	518	16.6647	10.5125
AT3G06110.3	823	624	4.95025	2.59228
AT1G19485.1	2586	2387	2.20367e-06	3.0167e-07
AT1G19485.2	2735	2536	84	10.8235
AT5G55300.2	3077	2878	0	0
AT5G55300.3	2099	1900	0.000129112	2.22049e-05
AT5G55300.1	3249	3050	230	24.6414
AT4G23700.2	2657	2458	6	0.797641
AT4G23700.1	2792	2593	0	0
AT1G23140.1	843	644	23	11.6703
AT4G21515.1	354	155	0	0
AT5G11510.3	3546	3347	0	0
AT5G11510.1	3473	3274	73.4118	7.32699
AT5G11510.4	3161	2962	2.5882	0.28553
AT5G11510.2	2723	2524	0	0
AT5G11510.5	2319	2120	0	0
AT2G28625.1	668	469	0	0
AT1G49790.1	1309	1110	0	0
AT1G49790.2	921	722	1	0.452586
AT1G05460.1	3382	3183	34.9013	3.58297
AT1G05460.2	2926	2727	12.0987	1.44974
AT1G47210.1	1445	1246	44.0086	11.5414
AT1G47210.2	1794	1595	31.9914	6.55407
AT5G04410.1	2268	2069	383	60.489
AT2G20620.1	870	671	0	0
AT1G47400.1	779	580	131.701	74.1994
AT5G36200.1	1416	1217	0	0
AT5G28770.2	1294	1095	0	0
AT5G28770.4	1304	1105	0	0
AT5G28770.1	1203	1004	14	4.55651
AT5G28770.3	1361	1162	0	0
AT5G60380.1	1122	923	0	0
AT2G19920.4	2800	2601	1.15414e-07	1.44996e-08
AT2G19920.2	3310	3111	0	0
AT2G19920.1	3129	2930	16	1.78439
AT2G19920.3	3145	2946	0	0
AT5G61620.1	1011	812	0	0
AT1G65342.1	336	137	0	0
AT1G16750.2	2000	1801	4.33962e-07	7.87366e-08
AT1G16750.1	1999	1800	66	11.9815
AT5G64730.1	1217	1018	55	17.6544
AT3G47820.1	2071	1872	43	7.50587
AT1G15085.1	180	11.1077	0	0
AT4G16550.1	990	791	0	0
AT5G52670.1	721	522	0	0
AT1G67630.1	2115	1916	69	11.7677
AT2G43940.1	1198	999	59	19.2986
AT2G41620.1	3878	3679	209.98	18.6503
AT4G29630.1	672	473	0	0
AT4G07526.3	965	766	0	0
AT4G07526.1	768	569	0	0
AT4G07526.2	916	717	0	0
AT2G27160.2	818	619	0	0
AT2G27160.1	477	278	0	0
AT2G42680.1	773	574	278	158.26
AT3G04300.1	817	618	6	3.1725
AT4G22305.1	1053	854	9.94298	3.80449
AT4G22305.2	1119	920	6.05702	2.15134
AT5G13830.1	727	528	12	7.42653
AT5G54380.1	3302	3103	201	21.1667
AT2G21510.2	1421	1222	0	0
AT2G21510.5	1157	958	0	0
AT2G21510.3	1400	1201	0	0
AT2G21510.4	1339	1140	0	0
AT2G21510.1	1318	1119	4	1.16807
AT1G68526.1	432	233	0	0
AT5G39620.1	615	416	0	0
AT5G29070.1	924	725	0	0
AT3G49305.1	388	189	0	0
AT4G33495.1	1793	1594	31	6.35494
AT1G11180.1	1181	982	0	0
AT1G11180.3	1103	904	10	3.61468
AT1G11180.2	1190	991	0	0
AT2G24860.1	1086	887	67	24.6825
AT2G20570.2	1673	1474	0	0
AT2G20570.3	1484	1285	3.1473	0.800337
AT2G20570.1	1683	1484	666.853	146.837
AT3G62340.1	1546	1347	0	0
AT3G20730.1	1894	1695	4	0.771132
AT5G23120.2	1793	1594	153.024	31.3696
AT5G23120.1	1543	1344	841.976	204.71
AT3G14220.1	1429	1230	145	38.5213
AT3G20410.2	2133	1934	126	21.2889
AT3G20410.1	2515	2316	0	0
AT1G80130.1	1475	1276	146	37.3887
AT4G36720.1	862	663	34.6303	17.0679
AT1G56230.3	2743	2544	15.9475	2.04839
AT1G56230.2	2565	2366	0	0
AT1G56230.4	2643	2444	41.0296	5.48573
AT1G56230.1	2659	2460	0.0228968	0.00304143
AT2G38500.1	1432	1233	6	1.59011
AT5G41780.2	1875	1676	3	0.584905
AT5G41780.3	2032	1833	0	0
AT5G41780.1	2149	1950	0	0
AT5G41780.4	1969	1770	0	0
AT5G10780.1	1073	874	191.999	71.7837
AT5G10780.2	993	794	0.00108509	0.000446565
AT5G63470.2	1100	901	17.2672	6.26233
AT5G63470.1	1305	1106	31.4237	9.28412
AT3G07195.2	1094	895	6.48055	2.36607
AT3G07195.1	1111	912	23.5195	8.42696
AT1G79950.7	4716	4517	0.0002097	1.517e-05
AT1G79950.3	4713	4514	35.5113	2.57065
AT1G79950.1	4392	4193	69.4885	5.41535
AT1G79950.2	4844	4645	0	0
AT1G79950.5	4423	4224	7.97228e-08	6.16733e-09
AT1G79950.4	4523	4324	0	0
AT1G79950.6	4338	4139	3.49154e-05	2.75651e-06
AT1G58320.1	753	554	6	3.53899
AT3G08760.3	2807	2608	0	0
AT3G08760.1	2405	2206	69	10.2207
AT3G08760.2	2452	2253	0	0
AT3G44480.2	4378	4179	0.000244468	1.91156e-05
AT3G44480.4	4384	4185	141.819	11.0733
AT3G44480.3	5468	5269	23.8049	1.47631
AT3G44480.1	4205	4006	343.87	28.0493
AT3G44480.5	4580	4381	0	0
AT1G19950.1	1463	1264	45	11.6333
AT1G01490.4	1698	1499	18.2822	3.98535
AT1G01490.1	1562	1363	116.496	27.9288
AT1G01490.3	1907	1708	18.0697	3.45702
AT1G01490.2	1445	1246	48.1523	12.6281
AT5G47340.1	954	755	0	0
AT3G01420.1	2338	2139	425	64.9257
AT1G61600.1	1416	1217	20	5.37004
AT1G69350.1	2366	2167	2	0.301585
AT5G38280.1	2659	2460	0	0
AT5G38280.2	2467	2268	21	3.02562
AT2G39795.1	1075	876	32	11.9367
AT5G64710.1	2848	2649	14	1.72697
AT5G64710.2	2334	2135	0	0
AT2G28510.1	1328	1129	92	26.6276
AT5G04870.1	2961	2762	328	38.8051
AT2G45135.1	816	617	0	0
AT2G45135.2	1095	896	0	0
AT5G28290.3	2124	1925	27.6808	4.69879
AT5G28290.1	2435	2236	70.0731	10.2404
AT5G28290.2	2671	2472	5.24614	0.693474
AT3G58510.1	2348	2149	0	0
AT3G58510.3	2438	2239	245.385	35.8123
AT3G58510.2	2509	2310	39.6151	5.60386
AT3G28140.2	706	507	8.0493	5.18786
AT3G28140.1	1132	933	10.9507	3.83529
AT4G29290.1	335	136	0	0
AT1G67490.2	2519	2320	4.49277	0.632797
AT1G67490.1	2950	2751	108.507	12.8886
AT5G55550.2	2327	2128	0	0
AT5G55550.8	1924	1725	35.7577	6.7736
AT5G55550.5	2226	2027	48.0455	7.74528
AT5G55550.4	1981	1782	0.000277099	5.08118e-05
AT5G55550.9	1863	1664	0.00496663	0.000975319
AT5G55550.3	2233	2034	0	0
AT5G55550.7	2233	2034	21.6385	3.47628
AT5G55550.10	1834	1635	2.52664	0.504967
AT5G55550.6	2288	2089	0	0
AT5G55550.11	1773	1574	0.00017972	3.73104e-05
AT5G55550.1	2208	2009	0.0262052	0.00426232
AT3G54480.2	1495	1296	8.90308	2.24478
AT3G54480.4	1353	1154	36.0366	10.2041
AT3G54480.7	781	582	0	0
AT3G54480.5	1180	981	22.6914	7.55842
AT3G54480.3	1419	1220	11.4444	3.06529
AT3G54480.1	1246	1047	6.0421	1.88573
AT3G54480.6	1060	861	33.8824	12.8591
AT1G16490.1	1273	1074	2.41659	0.735254
AT1G16490.2	618	419	3.58341	2.79461
AT5G05190.1	2745	2546	59	7.57237
AT4G32200.2	4290	4091	42	3.35473
AT4G32200.1	4343	4144	1.60554e-05	1.26602e-06
AT3G26420.1	3033	2834	236.735	27.2961
AT1G62330.1	2440	2241	107	15.602
AT4G11650.1	1121	922	121	42.8838
AT1G13790.2	2980	2781	0	0
AT1G13790.1	2488	2289	12	1.71306
AT3G57720.1	4069	3870	21.7981	1.84054
AT2G45300.1	3154	2955	10.051	1.11145
AT2G45300.3	2426	2227	8.8766e-06	1.30246e-06
AT2G45300.2	3456	3257	0	0
AT2G45300.4	1978	1779	500.452	91.9231
AT5G45875.1	370	171	0	0
AT1G61255.1	692	493	5	3.31407
AT1G62780.1	1047	848	432	166.466
AT1G22980.1	1556	1357	4	0.963204
AT1G22980.2	1640	1441	0	0
AT1G03410.2	1432	1233	0	0
AT1G03410.1	2652	2453	128	17.051
AT5G49050.1	453	254	0	0
AT5G23680.1	1498	1299	45	11.3199
AT5G37140.1	2079	1880	0	0
AT5G51650.1	621	422	0	0
AT4G03330.1	1304	1105	9	2.66145
AT1G61640.3	2517	2318	0	0
AT1G61640.2	2386	2187	11.1679	1.66863
AT1G61640.1	2344	2145	41.8321	6.37266
AT3G47570.1	3430	3231	22	2.22497
AT3G62700.1	4973	4774	433	29.6377
AT1G12390.1	1039	840	54.009	21.01
AT4G39470.1	1580	1381	43	10.1745
AT5G05920.2	1554	1355	0	0
AT5G05920.3	1399	1200	16.2727	4.43116
AT5G05920.1	1509	1310	35.7273	8.91183
AT1G22220.1	1378	1179	24	6.65175
AT2G30990.3	2198	1999	0	0
AT2G30990.4	2848	2649	0	0
AT2G30990.1	2159	1960	51.6124	8.60471
AT2G30990.5	2778	2579	0	0
AT2G30990.2	2288	2089	32.3876	5.06616
AT2G10560.1	837	638	0	0
AT5G65640.1	1544	1345	62.6907	15.2307
AT5G65640.2	1308	1109	25.3093	7.4574
AT1G55570.1	2280	2081	0	0
AT5G60200.1	1614	1415	79	18.2435
AT1G48420.1	2019	1820	0	0
AT1G48420.2	1754	1555	0	0
AT1G48420.3	1528	1329	182	44.7491
AT1G23640.1	1067	868	0	0
AT3G46660.1	1824	1625	15	3.01631
AT4G18830.1	2109	1910	4.69287	0.802868
AT5G39020.1	2677	2478	14.5304	1.91608
AT4G25900.1	1446	1247	182	47.6918
AT5G47140.1	2274	2075	80	12.5983
AT1G15620.1	931	732	2	0.892806
AT3G06850.1	1937	1738	67	12.5969
AT3G06850.2	1829	1630	1.99519e-06	3.99977e-07
AT4G01990.1	1686	1487	30	6.59248
AT4G13830.3	1652	1453	0	0
AT4G13830.1	1696	1497	9.21768	2.01205
AT4G13830.2	1448	1249	48.7823	12.7626
AT1G01335.1	123	5.19716	0	0
AT5G42850.1	1168	969	42.0117	14.1672
AT5G42850.2	651	452	66.9883	48.4283
AT5G08420.1	1648	1449	231	52.0933
AT5G44350.1	1381	1182	11	3.04098
AT1G61030.1	2967	2768	54	6.37479
AT5G33806.1	1011	812	0	0
AT3G18420.1	1235	1036	115	36.2724
AT1G71870.1	2055	1856	122	21.4793
AT5G64220.1	3517	3318	55.1949	5.43577
AT5G64220.2	3830	3631	92.8051	8.35188
AT5G05820.1	1854	1655	89	17.5724
AT3G53630.1	1153	954	97	33.2247
AT3G53630.2	1552	1353	0	0
AT1G10100.1	489	290	0	0
AT4G18501.1	560	361	2	1.81034
AT3G22760.2	2162	1963	45.8301	7.62901
AT3G22760.1	2907	2708	14.5396	1.75445
AT2G41780.1	891	692	15.4349	7.28849
AT2G41780.2	622	423	8.56506	6.6165
AT3G52941.1	144	6.5079	0	0
AT3G44870.1	1198	999	1	0.327094
AT3G43500.1	462	263	0	0
AT4G01110.1	1103	904	7	2.53028
AT1G34790.1	1160	961	0	0
AT5G04620.2	1847	1648	60.725	12.0406
AT5G04620.1	1998	1799	6.27499	1.13978
AT5G04620.3	1858	1659	0	0
AT4G08691.1	1112	913	0	0
AT2G38025.1	1101	902	55.3854	20.0644
AT2G38025.2	1133	934	9.61464	3.36375
AT1G19580.1	1558	1359	98.6927	23.7303
AT1G19580.2	1451	1252	56.3073	14.696
AT5G30510.1	1588	1389	1826	429.573
AT1G27650.1	1622	1423	105.078	24.1293
AT1G27650.2	1193	994	96.6005	31.7564
AT5G48250.1	1814	1615	20	4.04665
AT5G56190.2	1857	1658	61.7991	12.1797
AT5G56190.6	2199	2000	0	0
AT5G56190.3	2012	1813	5.58088	1.00587
AT5G56190.4	1850	1651	0	0
AT5G56190.5	2091	1892	0	0
AT5G56190.7	2090	1891	0	0
AT5G56190.1	1748	1549	18.62	3.92796
AT3G61950.1	1500	1301	0	0
AT3G61950.3	1606	1407	0	0
AT3G61950.6	1606	1407	0	0
AT3G61950.2	1412	1213	23.3127	6.28016
AT3G61950.4	1572	1373	8.68726	2.06753
AT3G61950.5	1655	1456	0	0
ATCG00520.1	555	356	7	6.4252
AT1G05990.1	793	594	0	0
AT2G04395.2	830	631	0	0
AT2G04395.1	476	277	0	0
AT2G04395.5	654	455	0	0
AT2G04395.4	790	591	0	0
AT2G04395.3	928	729	0	0
AT5G07980.2	5115	4916	44.5282	2.95979
AT5G07980.1	5299	5100	83.1522	5.32772
AT1G08650.2	1130	931	24.6722	8.65957
AT1G08650.1	1514	1315	246.328	61.2105
AT5G52965.1	363	164	0	0
AT1G26970.1	1907	1708	4	0.765263
AT1G26970.2	2029	1830	0	0
AT1G62610.3	1427	1228	0	0
AT1G62610.4	1601	1402	5.16327	1.20341
AT1G62610.1	1439	1240	1.58211	0.416919
AT1G62610.2	1436	1237	25.522	6.74192
AT4G11850.1	3254	3055	156.958	16.7885
AT4G19095.1	441	242	1	1.35028
AT1G74640.1	1604	1405	118	27.4438
ATCG00710.1	222	27.8721	0	0
AT3G63490.2	1432	1233	34.2984	9.0897
AT3G63490.1	1442	1243	1942.7	510.709
AT1G71200.4	1472	1273	0	0
AT1G71200.2	2708	2509	0	0
AT1G71200.3	1630	1431	0	0
AT1G71200.1	1388	1189	0	0
AT5G64470.1	1499	1300	40.9989	10.3054
AT5G64470.4	1656	1457	0	0
AT5G64470.2	1522	1323	0	0
AT5G64470.3	1380	1181	0.00113215	0.000313251
AT5G48330.1	1533	1334	35	8.57335
AT5G48330.2	1558	1359	0	0
AT1G58260.1	1593	1394	0	0
AT2G35450.1	1825	1626	54	10.852
AT4G39740.1	1287	1088	26	7.80877
AT1G35520.1	1782	1583	0	0
AT5G22950.1	1065	866	78	29.4317
AT2G24330.1	1904	1705	77	14.7572
AT5G45900.1	2384	2185	72	10.7676
AT2G27290.1	1041	842	163	63.2578
AT1G08110.3	1021	822	184.24	73.2403
AT1G08110.4	1110	911	36.6671	13.1521
AT1G08110.2	1198	999	0	0
AT1G08110.1	1036	837	2.09303	0.817123
AT3G45980.1	727	528	399.004	246.935
AT1G45231.2	1946	1747	28	5.23725
AT4G08895.1	468	269	0	0
AT4G21063.1	81	3.73072	0	0
AT2G24240.1	2092	1893	9	1.55357
AT4G23060.1	2146	1947	84	14.0978
AT3G19380.1	2046	1847	73	12.915
AT3G27110.4	911	712	0	0
AT3G27110.1	1482	1283	74.0192	18.8519
AT3G27110.2	1416	1217	4.07117e-08	1.09312e-08
AT3G27110.5	1014	815	5.98077	2.39794
AT3G27110.3	1028	829	0	0
AT1G31090.1	936	737	0	0
AT4G32460.2	1257	1058	35.2798	10.8963
AT4G32460.4	1508	1309	0	0
AT4G32460.3	1886	1687	4.78825	0.927471
AT4G32460.1	1508	1309	186.932	46.664
AT1G67950.4	1229	1030	5.82618	1.84835
AT1G67950.3	1171	972	0	0
AT1G67950.1	1168	969	54.8431	18.4942
AT1G67950.2	1370	1171	5.33076	1.48755
AT4G05071.1	144	6.5079	0	0
AT1G15930.1	960	761	28.9626	12.4363
AT1G15930.2	943	744	1151.04	505.539
AT1G29910.1	1223	1024	16483.5	5260.02
AT2G04034.1	401	202	0	0
AT5G50900.1	2119	1920	119	20.2528
AT5G50660.1	607	408	18.5	14.8166
AT1G09890.3	2224	2025	12.4615	2.01087
AT1G09890.5	2090	1891	5.87237e-08	1.01475e-08
AT1G09890.1	1899	1700	3.53846	0.680149
AT1G09890.4	2152	1953	0	0
AT1G09890.2	2311	2112	0	0
AT2G24970.1	1200	1001	21.4644	7.00686
AT3G16450.3	1194	995	73.6709	24.1942
AT3G16450.1	1273	1074	121.776	37.0506
AT3G16450.2	1414	1215	77.5532	20.8575
AT5G55132.1	413	214	0	0
AT1G53590.1	3262	3063	146	15.5756
AT2G28930.2	1574	1375	57.4128	13.6441
AT2G28930.3	1605	1406	25.5872	5.9467
AT2G28930.1	1563	1364	0	0
AT1G63910.1	1447	1248	1	0.261833
AT3G28940.1	1338	1139	360	103.28
AT1G79380.1	1820	1621	149	30.036
AT4G33130.2	1069	870	2.13171	0.800659
AT4G33130.4	1424	1225	5.84641	1.55952
AT4G33130.1	1272	1073	16.0219	4.87924
AT4G33130.3	1243	1044	0	0
AT5G49260.1	633	434	0	0
AT5G23940.1	1948	1749	237	44.2789
AT1G20925.1	1492	1293	0	0
AT5G65340.1	1197	998	7	2.29195
AT4G15780.1	1065	866	121	45.6568
AT4G12010.1	4172	3973	52	4.27684
AT2G07599.1	977	778	0	0
AT2G07599.2	1232	1033	3	0.948985
AT2G18260.2	1200	1001	0	0
AT2G18260.1	1428	1229	6	1.59528
AT4G28910.3	1817	1618	146.591	29.605
AT4G28910.1	1902	1703	44.9786	8.63037
AT4G28910.2	1985	1786	29.4309	5.38468
AT4G18590.1	800	601	48	26.0979
AT2G37380.1	1364	1165	25	7.01217
AT5G40070.1	474	275	0	0
AT3G26430.1	3162	2963	251.265	27.7102
AT3G03240.1	1274	1075	0	0
AT2G46000.1	929	730	65	29.0957
AT3G51640.3	3088	2889	46.8094	5.29449
AT3G51640.1	3209	3010	32.7395	3.55422
AT3G51640.2	3349	3150	17.8038	1.84689
AT1G21810.2	2435	2236	0	0
AT1G21810.3	2351	2152	26.439	4.01459
AT1G21810.1	2679	2480	7.56098	0.996241
AT5G39730.1	1024	825	117	46.3415
AT1G68620.1	1523	1324	14	3.45524
AT3G59850.2	1573	1374	10	2.37822
AT3G59850.1	1449	1250	3.75993e-06	9.82898e-07
AT3G10300.2	1842	1643	0	0
AT3G10300.5	1358	1159	0	0
AT3G10300.4	1257	1058	43.7231	13.504
AT3G10300.1	1129	930	0	0
AT3G10300.6	1662	1463	0	0
AT3G10300.3	1647	1448	22.2769	5.02719
AT1G31660.1	1687	1488	173	37.9911
AT4G09010.3	1284	1085	30.9065	9.30805
AT4G09010.2	1337	1138	0	0
AT4G09010.1	1279	1080	915.093	276.873
AT5G59740.1	1528	1329	22	5.40924
AT5G01130.1	1686	1487	0	0
AT2G42065.1	791	592	0	0
AT5G36180.2	2225	2026	4.85361	0.782824
AT5G36180.5	1481	1282	12.752	3.25034
AT5G36180.1	1862	1663	5.02615	0.9876
AT5G36180.3	1936	1737	0	0
AT5G36180.4	1797	1598	13.3626	2.73246
AT3G01700.1	753	554	1	0.589832
AT3G29590.1	1741	1542	13	2.75485
AT4G09630.1	2743	2544	45.1598	5.8006
AT4G09630.2	2574	2375	68.0771	9.36647
AT1G62020.1	4145	3946	471.526	39.0469
AT5G57860.2	826	627	50	26.058
AT5G57860.4	857	658	0	0
AT5G57860.3	846	647	0	0
AT5G57860.1	815	616	0	0
AT4G00810.1	724	525	210.299	130.893
AT4G00810.2	699	500	291.701	190.637
AT3G45443.1	1384	1185	15	4.13629
AT3G54520.1	1158	959	0	0
AT4G20960.1	2280	2081	142	22.2974
AT5G47960.1	925	726	19.1676	8.6272
AT1G28765.2	561	362	3.68936	3.33028
AT1G28765.1	1031	832	5.31064	2.08575
AT1G42080.1	456	257	0	0
AT3G30823.1	552	353	0	0
AT1G14310.1	984	785	24	9.99033
AT3G09250.1	1161	962	44.1587	14.9996
AT3G09250.2	892	693	34.8413	16.4285
AT3G09250.3	927	728	0	0
AT3G12400.2	1696	1497	0	0
AT3G12400.3	1470	1271	0	0
AT3G12400.1	1595	1396	112	26.2163
AT5G08170.2	1763	1564	0	0
AT5G08170.3	1818	1619	0	0
AT5G08170.1	1763	1564	93.0837	19.448
AT5G08170.5	1571	1372	51.9163	12.3648
AT5G08170.4	1718	1519	0	0
AT2G35100.1	1907	1708	56	10.7137
AT1G48940.1	567	368	0	0
AT3G43950.1	654	455	0	0
AT4G21940.3	2234	2035	10.3827	1.66718
AT4G21940.1	2038	1839	12.6173	2.24194
AT4G21940.2	2006	1807	0	0
AT2G07760.1	1593	1394	0	0
AT4G32530.2	1060	861	64.2119	24.3697
AT4G32530.1	1153	954	137.849	47.2165
AT1G51010.1	613	414	0	0
AT5G03495.1	1328	1129	2	0.578861
AT5G44130.1	1225	1026	266	84.7174
AT5G52840.1	849	650	362.707	182.34
AT5G52840.2	487	288	45.2928	51.3896
AT1G05330.1	688	489	0	0
AT5G39010.1	542	343	0	0
AT2G40970.1	1182	983	33	10.9698
AT3G59000.2	1355	1156	4.22581	1.19451
AT3G59000.1	1882	1683	12.7742	2.48021
AT5G04260.1	874	675	63.8065	30.8887
AT3G05260.1	1229	1030	0	0
AT1G02170.1	1451	1252	96	25.0556
AT2G23180.1	1805	1606	34	6.91786
AT1G06320.1	667	468	1	0.69822
AT4G21530.1	2670	2471	40	5.28963
AT3G06780.1	1034	835	32	12.5228
AT1G07660.1	722	523	77.239	48.2584
AT1G07660.2	666	467	0	0
AT4G18975.3	1314	1115	0	0
AT4G18975.2	1196	997	18.5143	6.06806
AT4G18975.4	1408	1209	0	0
AT4G18975.1	1336	1137	32.4857	9.3362
AT4G14350.2	2524	2325	16.3826	2.30249
AT4G14350.3	2407	2208	0	0
AT4G14350.1	2532	2333	155.617	21.7963
AT4G14350.4	2660	2461	0	0
AT1G23320.1	1167	968	0	0
AT3G26900.3	1200	1001	119.299	38.9439
AT3G26900.1	1046	847	74.6061	28.7825
AT3G26900.2	1292	1093	20.0953	6.00777
AT1G26470.1	779	580	62	34.9303
AT1G76840.1	531	332	0	0
AT2G38670.1	1771	1572	140	29.1014
AT5G06550.1	1728	1529	72	15.3873
AT2G20580.1	3091	2892	614	69.3759
AT3G06650.1	2384	2185	730.377	109.228
AT3G06650.2	2775	2576	0	0
AT1G06580.3	2075	1876	11.2096	1.95253
AT1G06580.2	2078	1879	1.79036	0.311353
AT1G06580.1	2278	2079	0	0
AT4G39260.3	610	411	129.598	103.037
AT4G39260.4	537	338	67.5008	65.2575
AT4G39260.2	769	570	225.452	129.246
AT4G39260.1	1105	906	84.4494	30.4584
AT3G51130.1	1687	1488	88	19.3249
AT5G61220.3	406	207	13.0987	20.6774
AT5G61220.1	682	483	52.5	35.5182
AT5G61220.2	800	601	1.4013	0.761892
AT1G01640.1	1126	927	28	9.86999
AT1G01640.2	1106	907	4.38976e-07	1.58151e-07
AT1G05340.1	791	592	4	2.20789
AT4G18630.1	2064	1865	40	7.00841
AT2G27590.1	1468	1269	61	15.7075
AT2G20170.1	1460	1261	0	0
AT2G20170.3	1337	1138	0	0
AT2G20170.2	1388	1189	0	0
AT1G73670.1	2353	2154	192	29.1269
AT4G10550.3	2551	2352	1.28991	0.179209
AT4G10550.4	2694	2495	15.859	2.07703
AT4G10550.1	2546	2347	14.8448	2.0668
AT4G10550.2	2700	2501	1.00635	0.131484
AT1G11570.4	652	453	0	0
AT1G11570.3	685	486	0	0
AT1G11570.1	530	331	0	0
AT1G11570.2	614	415	3	2.36217
AT2G14935.1	225	29.9375	0	0
AT1G38131.1	2399	2200	83.6364	12.4226
AT3G28740.1	1597	1398	33	7.71339
AT2G19390.1	4681	4482	114	8.31135
AT2G19390.2	4531	4332	0	0
AT1G74875.1	732	533	0	0
AT5G60280.1	2312	2113	26	4.0208
AT4G30845.1	597	398	10	8.21023
AT1G14730.1	1118	919	54	19.2007
AT1G74020.1	1340	1141	80	22.9109
AT2G38590.1	1288	1089	0	0
AT4G12130.1	1607	1408	54	12.5323
AT5G07250.2	1132	933	6.76129	2.36803
AT5G07250.1	1322	1123	34.2387	9.96267
AT4G17420.1	1312	1113	63	18.4963
AT4G17420.2	1001	802	0	0
AT4G17420.3	1019	820	0	0
AT1G22710.1	2049	1850	386	68.1795
AT1G06910.1	1581	1382	27	6.38402
AT4G35905.1	1076	877	31	11.5505
AT5G42960.1	935	736	114.659	50.9059
AT2G04750.1	1959	1760	0	0
AT4G30950.1	1823	1624	1941	390.551
AT1G30760.1	1916	1717	1.97669e-05	3.76189e-06
AT1G30760.2	1895	1696	27	5.20207
AT5G27065.1	312	113	0	0
AT3G23340.1	1803	1604	61.5902	12.5472
AT3G23340.2	1701	1502	0.409843	0.0891632
AT2G42520.2	2627	2428	9.04391	1.21715
AT2G42520.1	2456	2257	69.4689	10.0577
AT2G42520.3	2335	2136	64.4192	9.85491
AT2G47390.1	3284	3085	559	59.21
AT1G06260.1	1051	852	6	2.30118
AT3G49845.2	714	515	11.1958	7.10373
AT3G49845.1	1000	801	16.8042	6.85525
AT4G23880.1	1107	908	8	2.87901
AT1G31650.2	2157	1958	0	0
AT1G31650.1	2352	2153	140	21.2482
AT3G08850.1	5045	4846	380	25.6235
AT3G52530.1	1564	1365	3	0.718169
AT1G02335.1	990	791	48	19.8291
AT5G10720.1	3291	3092	37	3.91021
AT3G60690.1	1190	991	69	22.7517
AT2G17530.2	1668	1469	60.1233	13.3739
AT2G17530.1	2041	1842	9.87667	1.7521
AT2G17530.3	1875	1676	1.63837e-06	3.1943e-07
AT2G41905.1	682	483	4	2.70615
AT1G47730.1	1176	977	0	0
AT2G21270.5	1530	1331	30.7454	7.54814
AT2G21270.2	1755	1556	0	0
AT2G21270.4	1611	1412	22.7209	5.2581
AT2G21270.3	1547	1348	1.44608e-05	3.50542e-06
AT2G21270.1	1325	1126	106.174	30.8118
AT5G63290.1	1605	1406	14	3.25373
AT1G71230.2	1239	1040	0	0
AT1G71230.1	1395	1196	28	7.65007
AT3G20020.2	1746	1547	0.00309063	0.000652823
AT3G20020.1	1815	1616	60.9969	12.334
AT3G20020.3	1890	1691	0	0
AT4G28690.1	1715	1516	23	4.95755
AT4G28690.2	1631	1432	0	0
AT1G71940.2	1235	1036	0	0
AT1G71940.1	1351	1152	48	13.6153
AT5G37740.1	1125	926	15.5196	5.47654
AT5G37740.2	767	568	6.48045	3.72816
AT3G05980.1	1349	1150	20	5.68291
AT1G77800.7	4321	4122	0	0
AT1G77800.3	4746	4547	63.5368	4.56603
AT1G77800.2	4956	4757	14.0225	0.963232
AT1G77800.6	4447	4248	51.5524	3.96554
AT1G77800.4	4708	4509	0.000107441	7.78622e-06
AT1G77800.5	4528	4329	0.053618	0.00404726
AT1G77800.1	4988	4789	259.835	17.7293
AT5G08710.2	1925	1726	0	0
AT5G08710.1	1862	1663	57	11.2001
AT5G05860.1	1670	1471	42	9.32986
AT3G02255.1	186	12.4336	0	0
AT4G21200.2	507	308	0	0
AT4G21200.3	663	464	0	0
AT4G21200.1	1255	1056	0	0
AT2G26810.2	1134	935	0	0
AT2G26810.6	1498	1299	3.13961	0.789778
AT2G26810.3	1271	1072	10.6306	3.24042
AT2G26810.7	868	669	0	0
AT2G26810.5	1383	1184	0	0
AT2G26810.4	1400	1201	0	0
AT2G26810.1	1008	809	20.2298	8.17111
AT1G79070.2	806	607	10.6831	5.75103
AT1G79070.1	1172	973	5.31694	1.78561
AT3G52010.1	1768	1569	0	0
AT2G37930.1	1917	1718	0	0
AT2G37930.2	2301	2102	0	0
AT2G37930.3	2218	2019	27	4.36984
AT2G37930.4	2437	2238	0	0
AT4G08560.1	1434	1235	0	0
AT1G62920.1	783	584	3	1.6786
AT5G55200.1	1301	1102	72	21.3496
AT5G04690.3	2140	1941	0	0
AT5G04690.1	2016	1817	6	1.07903
AT5G04690.2	2220	2021	0	0
AT1G32430.1	1175	976	0	0
AT5G22930.1	1411	1212	15	4.04415
AT4G16442.1	1109	910	82	29.4449
AT3G23167.1	234	36.8813	0	0
AT4G40011.1	207	19.5103	0	0
AT3G53810.1	2423	2224	48	7.05253
AT1G29530.1	1240	1041	106	33.2731
AT4G12360.1	746	547	1	0.59738
AT5G56740.1	1808	1609	111.336	22.6109
AT5G56740.2	1850	1651	7.66406	1.51688
AT5G37530.1	1654	1455	23	5.16539
AT5G37530.2	1680	1481	3.39811e-08	7.49757e-09
AT4G16470.1	1940	1741	24	4.50454
AT4G01735.1	561	362	0	0
AT4G19200.1	1189	990	368	121.465
AT5G40140.1	2225	2026	30	4.8386
AT4G18160.1	2267	2068	36	5.6884
AT4G31320.1	957	758	48	20.6924
AT3G12870.1	922	723	28	12.6549
AT3G49460.1	151	7.10113	0	0
AT1G59725.1	1512	1313	4	0.995482
AT4G39650.1	1890	1691	0	0
AT5G66800.1	1180	981	20	6.66192
AT5G02502.1	521	322	44	44.6514
AT2G33010.1	2004	1805	0	0
AT2G29830.1	1189	990	0	0
AT1G60560.2	2446	2247	16.3979	2.38464
AT1G60560.1	2525	2326	64.6021	9.0756
AT1G60560.3	1531	1332	0	0
AT5G19140.2	1295	1096	98.9237	29.4936
AT5G19140.3	597	398	18.8585	15.4833
AT5G19140.1	1215	1016	340.218	109.421
AT5G19675.1	213	22.4695	0	0
AT5G28462.1	192	14.0216	0	0
AT3G09490.1	1321	1122	12	3.49484
AT1G33490.3	1217	1018	6.83395	2.19363
AT1G33490.1	965	766	59.5661	25.4103
AT1G33490.2	1120	921	8.5999	3.05121
AT5G42780.1	1040	841	12	4.66255
AT4G01800.1	3273	3074	611.147	64.9651
AT4G01800.3	3377	3178	189.045	19.4379
AT4G01800.2	3343	3144	3.80779	0.395757
AT2G39960.1	1176	977	163	54.5169
AT2G41880.1	1714	1515	25.2403	5.44403
AT2G41880.2	1788	1589	10.8105	2.22311
AT2G41880.7	1659	1460	3.46361	0.775201
AT2G41880.9	1554	1355	9.80287	2.36403
AT2G41880.3	1857	1658	2.7831	0.548507
AT2G41880.6	1767	1568	0	0
AT2G41880.4	1783	1584	5.89959	1.21704
AT2G41880.5	1760	1561	0	0
AT2G41880.8	1693	1494	0	0
AT5G45230.1	3696	3497	0	0
AT1G55803.1	817	618	0	0
AT2G11215.1	93	4.05064	0	0
AT2G02230.1	1553	1354	47	11.3427
AT3G19595.1	924	725	0	0
AT1G64620.1	2389	2190	24	3.58101
AT1G70335.1	342	143	0	0
AT3G46130.4	711	512	0	0
AT3G46130.1	1297	1098	12.9405	3.85113
AT3G46130.3	713	514	62.3455	39.6351
AT3G46130.2	1367	1168	37.714	10.5511
AT1G64450.1	1303	1104	31.5904	9.35026
AT5G25100.2	2485	2286	41.4293	5.92201
AT5G25100.1	2425	2226	663.069	97.3356
AT1G63280.1	363	164	0	0
AT5G51550.1	1533	1334	138	33.8035
AT3G61177.1	362	163	0	0
AT3G63020.1	615	416	0	0
AT3G63020.2	690	491	0	0
AT2G21720.1	2364	2165	0	0
AT2G21720.2	2368	2169	0	0
AT2G28090.1	996	797	0	0
AT5G19200.1	1585	1386	14	3.30068
AT1G06890.4	1588	1389	0.000244452	5.75082e-05
AT1G06890.2	1660	1461	9.16719e-08	2.05033e-08
AT1G06890.1	1831	1632	164.929	33.0229
AT1G06890.3	1573	1374	72.0707	17.14
AT5G47370.1	1423	1224	74	19.7555
AT1G14540.1	1265	1066	11	3.37189
AT5G38630.1	1516	1317	92.3808	22.921
AT1G40129.1	1704	1505	0	0
AT1G16150.1	2586	2387	21	2.87478
AT3G22070.1	781	582	16	8.98329
AT4G19020.1	4259	4060	102.941	8.28515
AT4G19020.2	4136	3937	53.059	4.40385
AT3G19900.1	1293	1094	67.2976	20.1011
AT3G19900.2	1552	1353	16.7024	4.03386
AT2G29485.1	674	475	0	0
AT4G13420.1	2691	2492	3	0.393379
AT4G31920.1	2172	1973	153	25.3398
AT4G16880.1	1193	994	70.9864	23.336
AT1G74390.3	1943	1744	0	0
AT1G74390.1	1872	1673	22.9178	4.47626
AT1G74390.4	1361	1162	2.08219	0.585535
AT1G74390.2	1655	1456	0	0
AT4G34000.1	1991	1792	96.9629	17.681
AT4G34000.3	1815	1616	0	0
AT4G34000.4	1786	1587	154.142	31.7383
AT4G34000.2	2353	2154	66.8947	10.1481
AT4G20130.1	1904	1705	138.248	26.4955
AT4G20130.3	1385	1186	11.2528	3.10039
AT4G20130.2	1705	1506	65.4993	14.2118
AT2G23118.1	144	6.5079	0	0
AT3G13224.1	2213	2014	39.7849	6.45501
AT3G13224.3	1862	1663	17.8944	3.51612
AT3G13224.2	1985	1786	37.3207	6.82821
AT4G16750.1	1207	1008	14	4.53843
AT3G05741.1	803	604	0	0
AT3G53600.1	803	604	1	0.541005
AT2G09388.1	462	263	0	0
AT5G41650.1	679	480	5	3.40382
AT3G55940.1	2137	1938	8	1.34888
AT4G18330.1	1689	1490	0	0
AT4G18330.2	1659	1460	0	0
AT5G60240.1	162	8.26769	0	0
AT4G08040.1	1818	1619	6	1.211
AT1G54490.2	3506	3307	0	0
AT1G54490.1	3301	3102	252	26.5459
AT1G12775.1	2088	1889	14.4405	2.49797
AT4G17900.1	1412	1213	83.4205	22.4724
AT4G17900.2	1741	1542	3.57951	0.758538
AT3G18120.1	483	284	0	0
AT3G10940.1	1135	936	57	19.8993
AT5G23810.5	1861	1662	0	0
AT5G23810.1	1785	1586	0	0
AT5G23810.2	1194	995	0	0
AT5G23810.4	1907	1708	8	1.53053
AT5G23810.3	2005	1806	0	0
AT2G31790.1	1641	1442	316	71.6078
AT4G09035.1	327	128	16.8429	42.9978
AT4G02330.1	1978	1779	132	24.2458
AT4G04710.2	1750	1551	3	0.632045
AT4G04710.1	1497	1298	0	0
AT4G04710.4	1503	1304	0	0
AT4G04710.3	1524	1325	0	0
AT1G59460.1	695	496	0	0
AT3G12760.1	3006	2807	190.927	22.2261
AT5G04020.2	5075	4876	1.6537e-08	1.10823e-09
AT5G04020.1	4982	4783	66	4.50902
AT1G52760.1	1454	1255	409	106.492
AT2G23680.2	1360	1161	6.32484	1.78015
AT2G23680.1	1268	1069	11.6752	3.56881
AT1G15800.1	1304	1105	14	4.14004
AT5G56540.1	501	302	53	57.3465
AT3G15604.1	165	8.64817	0	0
AT1G24620.1	1085	886	4	1.47525
AT1G01480.2	1735	1536	5	1.0637
AT1G01480.1	2002	1803	0	0
AT5G56040.1	3751	3552	0	0
AT5G56040.2	3735	3536	333	30.773
AT1G55915.3	2262	2063	18.412	2.91635
AT1G55915.4	1702	1503	13.579	2.95222
AT1G55915.1	2159	1960	0.00899253	0.00149922
AT1G55915.2	2307	2108	0	0
AT3G22540.1	758	559	10	5.84557
AT5G16486.1	630	431	0	0
AT1G04100.1	1308	1109	21	6.18766
AT5G04160.1	1459	1260	77	19.9691
AT2G28480.1	1566	1367	36	8.60543
AT1G17615.1	1379	1180	0	0
AT1G75540.1	1571	1372	178	42.394
AT3G18460.1	555	356	1	0.917885
AT3G46270.2	2035	1836	0	0
AT3G46270.1	1986	1787	9	1.64572
AT4G00320.1	1524	1325	0	0
AT3G09980.1	1191	992	179	58.963
AT3G01510.3	2108	1909	39.8413	6.81972
AT3G01510.2	1710	1511	9.99601	2.16173
AT3G01510.1	2369	2170	12.1627	1.8315
AT1G54030.1	1550	1351	176.365	42.6576
AT1G54030.2	1620	1421	27.6347	6.35476
AT3G48860.1	1927	1728	0	0
AT3G48860.3	2475	2276	0	0
AT3G48860.2	2969	2770	137.268	16.193
AT3G13700.1	1996	1797	0	0
AT3G13700.2	2200	2001	49	8.00179
AT2G39300.1	3530	3331	0	0
AT2G39300.3	3428	3229	0	0
AT2G39300.2	3260	3061	39	4.16332
AT2G39300.4	3421	3222	0	0
AT4G02690.2	1187	988	0	0
AT4G02690.1	1301	1102	0	0
AT5G11790.1	2029	1830	641.936	114.625
AT5G11790.2	2727	2528	17.0635	2.20562
AT4G35860.2	1236	1037	0	0
AT4G35860.1	1122	923	115	40.7131
AT1G54860.1	1065	866	0	0
AT1G17210.1	3499	3300	387	38.3209
AT1G52410.1	2565	2366	38.101	5.26211
AT1G52410.2	2763	2564	25.899	3.30068
AT1G14030.1	1713	1514	149	32.1587
AT2G32190.2	914	715	2.34049	1.06964
AT2G32190.1	670	471	7.65951	5.31396
AT1G27500.2	2174	1975	2.23057	0.369052
AT1G27500.1	2547	2348	37.7694	5.25631
AT2G42560.1	2174	1975	0	0
AT1G52310.1	2580	2381	54.9462	7.54078
AT1G52310.2	2320	2121	89.0538	13.7199
AT3G56830.3	1164	965	16.6941	5.65293
AT3G56830.7	703	504	4.3059	2.79172
AT3G56830.5	935	736	0	0
AT3G56830.2	1396	1197	0	0
AT3G56830.8	677	478	0	0
AT3G56830.6	833	634	0	0
AT3G56830.4	1143	944	0	0
AT3G56830.1	724	525	0	0
AT5G23740.1	916	717	836.381	381.174
AT4G37682.1	1078	879	7	2.60224
AT2G28030.1	1179	980	0	0
AT5G63135.1	838	639	23	11.7616
AT1G54160.1	1462	1263	13	3.3634
AT1G80865.1	721	522	0	0
AT1G80865.2	679	480	0	0
AT3G09210.1	1354	1155	210	59.4122
AT4G17100.1	1706	1507	154.581	33.5181
AT4G17100.2	945	746	19.4195	8.50623
AT3G57210.1	1231	1032	0	0
AT1G07190.1	165	8.64817	0	0
AT3G01620.1	1536	1337	2	0.488806
AT5G47850.1	2522	2323	1	0.140666
AT1G66730.1	4724	4525	68	4.91053
AT5G25780.1	2473	2274	211.087	30.3326
AT5G01930.1	1489	1290	93	23.5576
AT2G43670.1	595	396	7	5.77619
AT5G18670.1	1989	1790	323	58.9641
AT5G40700.3	1361	1162	0	0
AT5G40700.1	1407	1208	16	4.32804
AT5G40700.2	1306	1107	0	0
AT1G61770.1	1319	1120	154	44.9305
AT5G46590.2	1433	1234	5	1.32402
AT5G46590.1	1541	1342	0	0
AT4G29410.1	778	579	504.147	284.523
AT4G29410.2	699	500	26.8525	17.549
AT3G43300.1	5616	5417	312.64	18.8592
AT3G43300.3	5857	5658	275.675	15.9211
AT3G43300.2	5428	5229	9.68503	0.60523
AT5G27750.2	1809	1610	11.0664	2.24604
AT5G27750.1	1750	1551	17.9336	3.77828
AT5G18010.1	633	434	1.23549	0.930224
AT4G18110.1	642	443	0	0
AT2G14510.1	2729	2530	17	2.19567
AT2G14510.2	2841	2642	0	0
AT1G76700.1	1643	1444	33	7.46767
AT3G56780.3	1373	1174	0	0
AT3G56780.1	1296	1097	0	0
AT3G56780.2	1755	1556	0	0
AT3G60660.1	1266	1067	13	3.98123
AT1G16070.1	2993	2794	11.4472	1.33879
AT1G16070.2	1621	1422	12.6351	2.90346
AT1G16070.3	1677	1478	0	0
AT1G02830.1	445	246	1	1.32832
AT4G26430.1	1494	1295	38	9.58853
AT5G50565.3	1687	1488	2.99075	0.656772
AT5G50565.5	1275	1076	1.25935	0.382448
AT5G50565.1	996	797	0.520309	0.213325
AT5G50565.2	850	651	0	0
AT5G50565.4	1397	1198	0.257472	0.0702282
AT5G50565.6	913	714	28.1136	12.8664
AT1G67470.1	1739	1540	29	6.15341
AT1G05810.1	657	458	1.37222	0.979033
AT1G05810.2	1017	818	38.6278	15.4307
AT5G07910.1	1725	1526	69	14.7752
AT4G31070.1	2662	2463	3.94016	0.522742
AT4G31070.2	2671	2472	0.0598437	0.00791059
AT1G52970.1	602	403	0	0
AT3G55410.2	3855	3656	17.9648	1.60567
AT3G55410.1	3679	3480	759.035	71.2723
AT3G04900.1	717	518	0	0
AT5G39580.2	1245	1046	0	0
AT5G39580.1	1290	1091	123	36.8399
AT5G15830.1	1172	973	31	10.4109
AT3G14100.1	1607	1408	249.344	57.8675
AT5G21140.1	1434	1235	12	3.17507
AT3G47830.1	1032	833	8	3.13822
AT2G42820.1	937	738	13	5.75606
AT3G44800.1	1029	830	5	1.96848
AT1G02140.1	875	676	336	162.417
AT5G55360.1	1212	1013	1	0.322574
AT2G32100.1	1304	1105	51	15.0816
AT1G01020.6	944	745	0	0
AT1G01020.3	1420	1221	7.73114	2.06903
AT1G01020.2	1087	888	34.4155	12.6643
AT1G01020.5	1306	1107	0	0
AT1G01020.4	1397	1198	0	0
AT1G01020.1	1329	1130	6.85332	1.9818
AT3G19090.2	1687	1488	0	0
AT3G19090.1	1856	1657	0	0
AT5G53710.2	574	375	1	0.871379
AT5G53710.1	650	451	0	0
AT2G37800.1	812	613	0	0
AT5G59230.1	698	499	0	0
AT5G11770.1	1194	995	552	181.282
AT5G03030.1	721	522	58	36.3075
AT5G03030.2	814	615	0	0
AT4G11150.1	1162	963	917	311.158
AT1G50270.1	2234	2035	14.7785	2.37304
AT1G71920.3	1440	1241	0	0
AT1G71920.1	1548	1349	0	0
AT1G71920.5	1547	1348	0	0
AT1G71920.6	1466	1267	0	0
AT1G71920.2	1466	1267	0	0
AT1G71920.4	1559	1360	0	0
AT4G12240.1	1423	1224	13	3.47057
AT1G69828.1	225	29.9375	0	0
AT3G28925.1	773	574	0	0
AT4G33440.1	2146	1947	66	11.0769
AT5G04395.1	565	366	0	0
AT4G31480.7	3688	3489	0.138143	0.0129379
AT4G31480.1	3564	3365	159.57	15.4954
AT4G31480.3	4262	4063	0	0
AT4G31480.6	3912	3713	0	0
AT4G31480.9	3398	3199	303.819	31.0341
AT4G31480.5	3962	3763	0	0
AT4G31480.8	3494	3295	211.832	21.0075
AT4G31480.2	3604	3405	0	0
AT4G31480.4	4038	3839	21.3862	1.82035
AT5G28080.1	2530	2331	0	0
AT5G28080.4	2381	2182	0	0
AT5G28080.8	1900	1701	3	0.576309
AT5G28080.3	2485	2286	0	0
AT5G28080.5	2134	1935	0	0
AT5G28080.2	2030	1831	0	0
AT5G28080.6	1957	1758	0	0
AT5G28080.7	2019	1820	0	0
AT2G27770.1	1885	1686	28	5.42674
AT2G28320.1	2974	2775	196	23.0798
AT4G25050.1	1124	925	869.757	307.252
AT4G25050.2	914	715	872.243	398.63
AT3G57650.1	1892	1693	228	44.0064
AT2G46270.1	1944	1745	38.8237	7.27009
AT2G46270.3	1929	1730	16.949	3.20137
AT2G46270.2	1875	1676	39.7686	7.75361
AT2G46270.4	1860	1661	16.7815	3.30142
AT5G26710.1	2547	2348	438	60.9557
AT1G76405.2	862	663	16.575	8.16918
AT1G76405.1	662	463	31.425	22.1785
AT1G07530.1	2826	2627	134	16.668
AT4G26850.1	2191	1992	6865	1126.13
AT3G01323.1	447	248	0	0
AT1G54020.1	1375	1176	0	0
AT1G54020.5	1331	1132	2	0.577327
AT1G54020.2	1413	1214	0	0
AT1G54020.3	1405	1206	0	0
AT1G54020.4	1403	1204	0	0
AT2G06265.1	405	206	0	0
AT1G29340.1	2875	2676	183	22.3462
AT2G19570.1	1401	1202	68	18.486
AT5G25830.1	1597	1398	14	3.27235
AT3G05290.1	1488	1289	57	14.4497
AT1G10095.1	1580	1381	0	0
AT1G10095.3	1832	1633	0	0
AT1G10095.2	2546	2347	29.9346	4.16773
AT1G10095.4	1806	1607	0	0
AT1G36320.1	1613	1414	248	57.3113
AT5G47710.1	1035	836	21.5689	8.43063
AT5G47710.2	1015	816	9.19942	3.68391
AT5G47710.3	992	793	5.13592	2.11633
AT5G47710.4	679	480	31.0958	21.1689
AT3G13990.2	2912	2713	141.487	17.0414
AT3G13990.1	3102	2903	55.5133	6.24869
AT1G60730.3	1296	1097	8.96359	2.67002
AT1G60730.2	1765	1566	0	0
AT1G60730.1	1584	1385	100.99	23.8268
AT2G36230.1	1148	949	73	25.1359
AT1G65950.2	1943	1744	10.6052	1.98705
AT1G65950.1	1837	1638	29.3948	5.86402
AT2G17723.1	267	68.0268	0	0
AT5G59540.1	1789	1590	66.7733	13.7228
AT5G59540.2	1414	1215	202.817	54.5465
AT4G36760.3	1997	1798	0	0
AT4G36760.1	2318	2119	196	30.2248
AT4G36760.2	2030	1831	0	0
AT2G24130.2	3161	2962	0	0
AT2G24130.1	2943	2744	1	0.119084
AT1G23980.1	1300	1101	26	7.71657
AT5G46970.1	664	465	0	0
AT1G42990.1	1231	1032	110	34.8298
AT3G50130.1	1876	1677	3	0.584557
AT5G35610.1	468	269	0	0
AT3G11980.1	2117	1918	0	0
AT3G11500.2	696	497	74.55	49.0151
AT3G11500.1	556	357	17.45	15.9722
AT3G49510.1	1167	968	1	0.337569
AT3G02140.1	1815	1616	26	5.25739
AT1G79900.1	1797	1598	2	0.40897
AT1G07730.2	1170	971	11.127	3.74453
AT2G01560.1	1053	854	0	0
AT4G02760.7	2243	2044	0	0
AT4G02760.6	2902	2703	0	0
AT4G02760.3	2433	2234	0	0
AT4G02760.1	2976	2777	0	0
AT4G02760.4	3127	2928	0	0
AT4G02760.8	2259	2060	25.3221	4.01672
AT4G02760.9	2048	1849	1.85284	0.327447
AT4G02760.2	2556	2357	5.37331	0.744939
AT4G02760.5	2926	2727	3.4517	0.413605
AT5G16520.1	2107	1908	57.0097	9.76357
AT5G16520.2	2055	1856	0	0
AT2G22000.1	811	612	11	5.87327
AT3G01290.1	1663	1464	157.119	35.0693
AT2G15830.1	737	538	14	8.50323
AT4G00110.1	1819	1620	47	9.48028
AT1G34520.1	1075	876	0	0
AT2G28340.1	966	767	1	0.426033
AT1G36942.1	195	14.9308	0	0
AT2G32990.1	2032	1833	225	40.1105
AT1G39060.1	234	36.8813	0	0
AT2G17695.2	776	577	52.2538	29.5924
AT2G17695.1	2222	2023	29.1202	4.70367
AT2G17695.3	962	763	4.62598	1.98115
AT4G24240.1	1781	1582	56.099	11.5874
AT4G24240.2	1947	1748	27.901	5.21575
AT5G23820.1	1056	857	390	148.704
AT5G52100.1	1291	1092	96.8596	28.984
AT1G80830.1	2418	2219	7.08946	1.04398
AT1G80830.2	2105	1906	200.911	34.4444
AT2G20970.2	1047	848	0	0
AT2G20970.1	1041	842	0	0
AT2G27220.1	1569	1370	0	0
AT2G27220.2	1550	1351	0	0
AT2G27220.3	1562	1363	0	0
AT1G79760.1	1397	1198	13	3.54589
AT1G79760.2	1426	1227	0	0
AT3G19670.3	3409	3210	97.3623	9.91115
AT3G19670.1	3165	2966	20.2046	2.22596
AT3G19670.2	3581	3382	37.2024	3.59447
AT3G19670.4	3478	3279	0.230768	0.0229971
AT5G65080.3	1130	931	0	0
AT5G65080.1	354	155	0	0
AT5G65080.2	790	591	0	0
AT5G41520.2	874	675	807.246	390.787
AT5G41520.1	1008	809	283.754	114.612
AT3G15510.1	1832	1633	29	5.80297
AT1G12890.1	723	524	0	0
AT1G03020.1	673	474	3	2.06815
AT4G35130.1	2722	2523	4	0.518061
AT4G26130.1	1559	1360	181	43.4889
AT1G66760.1	1899	1700	0	0
AT1G66760.2	1907	1708	66	12.6268
AT1G66760.3	2000	1801	0	0
AT1G66760.4	1902	1703	0	0
AT3G55260.1	2085	1886	115	19.9248
AT1G61100.2	2915	2716	1.58677e-06	1.90907e-07
AT1G61100.1	2883	2684	232	28.2451
AT3G27290.1	1993	1794	11	2.00359
AT4G04860.1	1378	1179	64	17.738
AT1G15990.1	2462	2263	3.01954	0.436008
AT4G40063.1	249	50.3754	0	0
AT3G16780.1	1116	917	512	182.448
AT1G03750.1	2777	2578	29	3.67581
AT5G56380.2	1973	1774	0	0
AT5G56380.1	2152	1953	37	6.19067
AT1G22400.1	2023	1824	93	16.6608
AT3G53950.1	2194	1995	19	3.11207
AT3G23860.3	807	608	0	0
AT3G23860.1	842	643	0	0
AT3G23860.2	851	652	0	0
AT4G32480.1	1313	1114	21	6.15988
AT5G12210.1	1469	1270	79.0753	20.3458
AT5G12210.2	1385	1186	95.9247	26.4292
AT5G17530.5	1876	1677	26.3392	5.13226
AT5G17530.3	2145	1946	0	0
AT5G17530.1	2246	2047	110.776	17.6834
AT5G17530.7	2018	1819	0	0
AT5G17530.2	2277	2078	0	0
AT5G17530.4	2164	1965	10.2019	1.69651
AT5G17530.6	2134	1935	9.51809	1.60734
AT2G20010.2	3620	3421	50.0146	4.7773
AT2G20010.1	3278	3079	49.9854	5.30483
AT2G40320.1	1792	1593	15	3.0769
AT5G09810.1	1812	1613	1894.65	383.825
AT5G58300.3	2070	1871	10.9341	1.90963
AT5G58300.1	2431	2232	130.11	19.0482
AT5G58300.2	2246	2047	0	0
AT3G52320.1	1173	974	0	0
AT1G22520.2	654	455	0	0
AT1G22520.1	867	668	92	45.0039
AT3G61860.1	1201	1002	140	45.6561
AT2G34920.2	2440	2241	4.08433	0.595549
AT2G34920.1	2647	2448	25.9157	3.45931
AT4G21920.1	844	645	2	1.01323
AT5G51520.1	932	733	6	2.67476
AT1G15540.1	1248	1049	0	0
AT1G15540.4	963	764	0	0
AT1G15540.2	1174	975	0	0
AT1G15540.3	1268	1069	0	0
AT5G36690.1	1731	1532	0	0
AT2G44770.1	1607	1408	134	31.0986
AT1G80880.3	1714	1515	4.03448	0.870189
AT1G80880.2	2163	1964	0	0
AT1G80880.1	2149	1950	8.96552	1.50238
AT3G54380.3	1597	1398	4.64082	1.08474
AT3G54380.1	1372	1173	46.157	12.8581
AT3G54380.2	1546	1347	4.20218	1.0194
AT2G46950.2	2270	2071	0	0
AT2G46950.1	2189	1990	2	0.328409
AT3G25577.1	473	274	1	1.19258
AT3G55850.5	2297	2098	0	0
AT3G55850.3	2867	2668	0	0
AT3G55850.1	2084	1885	0	0
AT3G55850.4	2789	2590	11.734	1.48042
AT3G55850.2	2600	2401	1.24348	0.169233
AT3G55850.6	2038	1839	57.0225	10.1322
AT3G61111.1	483	284	0	0
AT3G61111.2	454	255	0	0
AT4G20830.1	1975	1776	67.2743	12.3778
AT4G20830.2	1863	1664	318.726	62.5896
AT5G65310.1	1975	1776	439	80.7718
AT5G65310.2	1723	1524	0	0
AT5G14500.1	1456	1257	53.9999	14.0377
AT5G14500.2	1471	1272	6.57791e-05	1.68982e-05
AT1G09040.1	3199	3000	16.5348	1.80101
AT2G05440.3	658	459	0	0
AT2G05440.8	605	406	117.71	94.7386
AT2G05440.2	771	572	841.008	480.443
AT2G05440.6	604	405	230.898	186.296
AT2G05440.5	698	499	119.898	78.5142
AT2G05440.9	719	520	0	0
AT2G05440.4	704	505	6.37543	4.12531
AT2G05440.1	646	447	0	0
AT2G05440.7	670	471	0	0
AT1G19430.1	2970	2771	59.2094	6.9822
AT1G19430.3	2736	2537	43.7906	5.64026
AT1G19430.2	3057	2858	0	0
AT5G59350.3	1374	1175	34.3333	9.54809
AT5G59350.1	1524	1325	17.6667	4.35689
AT5G59350.2	1273	1074	0	0
AT3G47020.1	942	743	0	0
AT2G41660.1	1715	1516	102	21.9857
AT2G29820.1	1167	968	0	0
AT2G25140.1	3348	3149	150	15.5653
AT1G18193.1	433	234	8.80645	12.2977
AT3G57910.1	3142	2943	30.163	3.34906
AT3G06120.1	941	742	10	4.40387
AT2G31862.1	916	717	0	0
AT5G35190.2	1222	1023	77	24.5954
AT5G35190.1	1244	1045	0	0
AT5G42232.1	398	199	0	0
AT4G11140.1	1769	1570	15	3.12198
AT2G46400.1	1354	1155	4	1.13166
AT1G15772.4	667	468	0	0
AT1G15772.3	702	503	0	0
AT1G15772.1	717	518	0	0
AT1G15772.2	867	668	0	0
AT2G17230.1	1757	1558	66	13.8425
AT3G15095.2	2051	1852	0	0
AT3G15095.1	2313	2114	107.509	16.618
AT3G15095.3	1950	1751	84.491	15.7675
AT3G22333.1	612	413	0	0
AT1G08620.2	4422	4223	2.09517	0.16212
AT1G08620.3	4483	4284	0	0
AT1G08620.4	4531	4332	34.3248	2.58915
AT1G08620.1	4426	4227	195.58	15.1193
AT3G28180.1	2619	2420	256	34.5671
AT1G11590.1	1686	1487	0	0
AT3G04930.1	2303	2104	92.6762	14.3933
AT3G04930.2	1463	1264	29.3238	7.58074
AT1G19450.1	2118	1919	716	121.92
AT3G52290.1	1907	1708	41	7.84394
AT2G47020.5	1150	951	0	0
AT2G47020.3	1507	1308	0	0
AT2G47020.2	1044	845	0	0
AT2G47020.1	1814	1615	18	3.64199
AT2G47020.4	1403	1204	0	0
AT5G19870.1	1146	947	4	1.38022
AT4G30560.5	2189	1990	9.61321	1.57853
AT4G30560.2	2613	2414	11.3868	1.54135
AT4G30560.1	2594	2395	0	0
AT4G30560.4	2590	2391	0	0
AT4G30560.3	2602	2403	0	0
AT5G07710.1	1881	1682	24	4.66255
AT1G15160.1	1594	1395	10.1122	2.36871
AT3G02630.1	1671	1472	135	29.9685
AT3G19565.1	375	176	0	0
AT2G15790.1	1513	1314	62.1081	15.4451
AT4G26260.1	1496	1297	0	0
AT4G26260.2	1324	1125	2	0.580919
AT2G29000.1	2632	2433	0	0
AT2G05590.1	1235	1036	0	0
AT2G05590.2	1351	1152	36	10.2115
AT2G22330.1	2004	1805	142.688	25.8314
AT2G22330.2	2241	2042	60.3122	9.65135
AT3G47190.1	1152	953	0	0
AT4G07965.1	423	224	0	0
AT5G10580.3	1125	926	53.7715	18.9749
AT5G10580.2	1588	1389	3.1707	0.745919
AT5G10580.1	1138	939	116.036	40.3798
AT5G10580.4	2057	1858	3.02215	0.531507
AT4G05460.1	1558	1359	49.6436	11.9366
AT2G33020.1	2672	2473	2	0.264268
AT2G22425.1	896	697	39.2055	18.3803
AT2G22425.2	469	270	53.5452	64.803
AT1G07473.1	924	725	0	0
AT3G24060.1	444	245	0	0
AT2G33640.1	2198	1999	17	2.77891
AT3G58780.1	1543	1344	0	0
AT3G58780.4	1467	1268	0	0
AT3G58780.5	1014	815	0	0
AT3G58780.2	1181	982	0	0
AT3G58780.3	2148	1949	5.94294	0.996387
AT2G31380.1	1268	1069	375	114.628
AT3G58530.1	1423	1224	34	9.07686
AT5G65090.3	1753	1554	0	0
AT5G65090.2	1750	1551	12	2.52818
AT5G65090.1	1955	1756	0	0
AT1G55980.3	839	640	0	0
AT1G55980.1	1524	1325	0	0
AT1G55980.2	1029	830	13.7771	5.42396
AT5G22280.1	887	688	66	31.3468
AT5G22280.2	700	501	0	0
AT5G22280.3	925	726	0	0
AT1G66350.1	2082	1883	49	8.50323
AT4G23110.1	714	515	0	0
AT5G58280.2	1148	949	4	1.37731
AT5G58280.1	921	722	1.18028e-08	5.34179e-09
AT5G58280.3	1137	938	0	0
AT2G39790.1	723	524	1	0.623601
AT3G27690.2	1465	1266	248.908	64.2457
AT3G27690.1	1170	971	4047.06	1361.94
AT5G56630.1	2200	2001	195	31.8439
AT1G70280.1	2043	1844	61.6863	10.9312
AT1G70280.2	2145	1946	76.3137	12.8144
AT1G69085.1	676	477	0	0
AT1G62260.1	2075	1876	8	1.39346
AT2G39170.1	1126	927	81	28.5525
AT1G62820.1	1186	987	46	15.2293
AT5G13660.1	2287	2088	14.3013	2.23812
AT5G13660.5	2361	2162	0	0
AT5G13660.2	2141	1942	2.53027	0.425752
AT5G13660.6	2386	2187	0	0
AT5G13660.7	1773	1574	4.16845	0.865382
AT5G13660.4	2382	2183	0	0
AT5G13660.3	2460	2261	0	0
AT1G12610.1	1135	936	0	0
AT3G62550.1	1152	953	4	1.37153
AT1G33811.1	1446	1247	232	60.7939
AT1G10030.1	931	732	66	29.4626
AT1G78720.2	1768	1569	0	0
AT1G78720.1	1668	1469	0	0
AT1G78720.3	1445	1246	0	0
AT4G34400.2	1535	1336	1	0.244586
AT4G34400.1	1437	1238	0	0
AT5G67250.1	2719	2520	190	24.6372
AT5G26330.1	977	778	22	9.2402
AT1G13490.2	1402	1203	0	0
AT1G13490.1	1103	904	1	0.361468
AT4G33090.1	3101	2902	616	69.362
AT2G46150.1	1141	942	17	5.89707
AT5G37165.1	1275	1076	0	0
AT4G15820.1	1549	1350	23	5.56714
AT1G30490.1	3079	2880	174.377	19.785
AT5G59320.1	769	570	46	26.3707
AT5G51020.1	1161	962	191.397	65.0126
AT2G38510.1	1551	1352	1	0.241692
ATMG00530.1	330	131	1.52622	3.80701
AT1G55920.1	1450	1251	240	62.6891
AT1G65800.1	3201	3002	37.6754	4.10096
AT1G65800.2	3290	3091	18.3246	1.93719
AT1G68040.1	1143	944	3	1.03845
AT3G51040.1	1098	899	22.3222	8.11364
AT3G51040.2	1601	1402	2.78728	0.649636
AT3G51040.3	1207	1008	6.89051	2.23372
AT1G03457.2	2017	1818	13.3221	2.39451
AT1G03457.1	1990	1791	0	0
AT1G03457.3	1549	1350	34.6779	8.39377
AT3G12545.1	678	479	0	0
AT1G80270.1	2071	1872	59.1916	10.3322
AT1G80270.3	2201	2002	35.1208	5.73243
AT1G80270.2	2225	2026	4.02015e-05	6.48397e-06
AT1G80270.5	2132	1933	24.4427	4.13196
AT1G80270.4	2144	1945	31.2449	5.24925
AT5G01510.1	2157	1958	55	9.17885
AT1G63940.2	2142	1943	104.366	17.5519
AT1G63940.1	2169	1970	326.85	54.2152
AT1G63940.4	1907	1708	639.032	122.257
AT1G63940.3	2006	1807	86.7518	15.6877
AT5G53500.2	3181	2982	4.63903	0.508344
AT5G53500.1	3193	2994	163.361	17.8293
AT2G26440.1	2104	1905	55	9.43422
AT1G30200.2	1796	1597	27.2797	5.58178
AT1G30200.1	1785	1586	66.7203	13.7465
AT1G21710.1	1486	1287	51	12.9488
AT2G06845.1	2171	1972	0	0
AT1G65990.1	1662	1463	0	0
AT2G31130.6	1634	1435	0	0
AT2G31130.3	2541	2342	0	0
AT2G31130.1	1711	1512	24.3741	5.26763
AT2G31130.4	2422	2223	2.66206	0.391307
AT2G31130.2	1978	1779	3.96382	0.728075
AT2G31130.7	1620	1421	0	0
AT2G31130.5	1817	1618	0	0
AT5G39760.1	1511	1312	49	12.204
AT4G03390.2	3478	3279	25.4331	2.53453
AT4G03390.1	3400	3201	188.567	19.2494
AT1G50720.1	561	362	3	2.70801
AT2G26970.2	855	656	35	17.4342
AT2G26970.1	930	731	0	0
AT5G47250.1	3188	2989	29	3.17037
AT1G76952.1	460	261	7	8.76387
AT5G56500.2	2488	2289	0	0
AT5G56500.1	2452	2253	272	39.4499
AT5G01860.1	648	449	0	0
AT4G29380.2	4902	4703	0.00494223	0.000343389
AT4G29380.1	5651	5452	133.317	7.9904
AT1G78120.2	2019	1820	0	0
AT1G78120.1	1903	1704	85	16.3
AT2G13125.1	375	176	0	0
AT4G01026.1	1240	1041	28.8483	9.05541
AT5G59613.1	856	657	7.39321	3.6771
AT5G59613.2	610	411	545.024	433.324
AT3G60180.1	918	719	19.9722	9.07686
AT3G60180.2	702	503	4.02778	2.61659
AT1G54220.1	2191	1992	136.172	22.3377
AT1G54220.2	2035	1836	0	0
AT2G44490.1	2223	2024	471	76.0412
AT2G20250.2	2591	2392	0	0
AT2G20250.1	2670	2471	3.83696	0.507402
AT2G20250.3	2026	1827	8.16304	1.46
AT1G32300.1	1818	1619	0	0
AT2G10553.1	661	462	0	0
AT2G42470.1	915	716	0	0
AT5G32450.1	1313	1114	189	55.4389
AT5G63840.1	3118	2919	329.554	36.8919
AT5G63840.2	3192	2993	40.4459	4.41577
AT3G13230.2	1256	1057	8.71711	2.69486
AT3G13230.1	1097	898	118.283	43.0412
AT4G34410.1	1385	1186	1.02116	0.281351
AT1G31340.1	1053	854	147	56.2468
AT3G44261.1	129	5.5143	0	0
AT5G25790.3	1579	1380	5	1.18394
AT5G25790.2	1741	1542	0	0
AT5G25790.1	1670	1471	0	0
AT3G04443.2	2155	1956	5.1015	0.852251
AT3G04443.4	2032	1833	0	0
AT3G04443.1	2303	2104	0	0
AT3G04443.5	1288	1089	6.71008	2.01344
AT3G04443.3	2525	2326	0	0
AT1G20870.2	1626	1427	10	2.28989
AT1G20870.1	1758	1559	0	0
AT4G39952.1	2638	2439	8	1.07181
AT1G70550.1	2398	2199	79.5081	11.8148
AT1G70550.2	2414	2215	17.4919	2.58048
AT5G15190.2	830	631	4.02308	2.08338
AT5G15190.1	913	714	2.97692	1.36241
AT4G15730.1	3985	3786	7.08115e-05	6.11169e-06
AT4G15730.2	3944	3745	18.9999	1.65782
AT1G62250.2	1268	1069	89.8154	27.4544
AT1G62250.3	1475	1276	19.04	4.87591
AT1G62250.1	2192	1993	37.1446	6.09013
AT5G54580.1	1000	801	116	47.3221
AT4G29150.1	1436	1237	29	7.66067
AT1G47278.3	651	452	17.3846	12.568
AT1G47278.1	969	770	26.9833	11.451
AT1G47278.2	573	374	20.632	18.0264
AT5G26300.1	1197	998	6.29767	2.06199
AT5G20310.1	1329	1130	0	0
AT1G53360.2	1155	956	0	0
AT1G53360.1	1032	833	0	0
AT1G74710.2	2120	1921	0	0
AT1G74710.1	2085	1886	44	7.62341
AT2G39240.2	2219	2020	7	1.13236
AT2G39240.1	2397	2198	0	0
AT3G14440.1	2730	2531	8	1.03285
AT4G04110.1	720	521	0	0
AT5G47280.1	1872	1673	0	0
AT4G13770.1	1909	1710	919	175.613
AT3G25140.1	2290	2091	353	55.1644
AT1G25570.1	2549	2350	169	23.4994
AT4G38430.1	2116	1917	448	76.365
AT2G21580.1	811	612	684.562	365.51
AT2G21580.2	701	502	97.1801	63.2575
AT5G64580.1	3034	2835	236	27.2018
AT2G21780.1	965	766	2	0.853178
AT4G04450.2	2369	2170	0	0
AT4G04450.1	2061	1862	8	1.40394
AT5G59760.1	973	774	0	0
AT3G10527.1	333	134	10.3327	25.1968
AT3G23360.1	814	615	0	0
AT5G12840.5	1275	1076	24.2431	7.36233
AT5G12840.3	1580	1381	0	0
AT5G12840.4	1392	1193	0	0
AT5G12840.2	1467	1268	41.565	10.7114
AT5G12840.1	1445	1246	26.1919	6.86889
AT2G42220.1	967	768	1253	533.124
AT1G25370.2	1418	1219	0	0
AT1G25370.1	1360	1161	13	3.65889
AT5G17050.1	1620	1421	513	117.967
AT1G24330.1	2786	2587	10	1.26311
AT1G24330.2	2623	2424	0	0
AT4G09920.2	1690	1491	0	0
AT4G09920.4	1605	1406	7.38491	1.71632
AT4G09920.1	1112	913	0	0
AT4G09920.5	1015	816	0	0
AT4G09920.3	1624	1425	1.49979e-06	3.43916e-07
AT5G15710.1	1993	1794	0	0
AT5G15710.2	2040	1841	34	6.03481
AT1G50730.3	3059	2860	91	10.3971
AT1G50730.2	3064	2865	1.92008e-05	2.18994e-06
AT1G50730.1	2928	2729	0	0
AT1G26880.1	897	698	613	286.975
AT1G26880.2	1478	1279	0	0
AT1G31730.1	3584	3385	419	40.4477
AT1G07795.1	825	626	1	0.521992
AT2G33390.2	859	660	0	0
AT2G33390.1	1282	1083	45.8164	13.8239
AT4G28260.2	2233	2034	79.25	12.7317
AT4G28260.1	2425	2226	92.75	13.6153
AT3G17205.2	3675	3476	19.1484	1.80008
AT3G17205.1	4007	3808	53.2924	4.57306
AT3G17205.3	3659	3460	134.559	12.708
AT3G50780.1	2229	2030	29.8529	4.8054
AT3G50780.2	1957	1758	66.8127	12.4188
AT2G46670.1	784	585	2.3972	1.33902
AT4G11480.4	2046	1847	0	0
AT4G11480.1	2008	1809	0	0
AT4G11480.3	2126	1927	0	0
AT4G11480.2	2196	1997	0	0
AT3G44730.1	3576	3377	39.125	3.78583
AT3G44730.2	4137	3938	19.3837	1.60842
AT3G44730.3	3934	3735	2.49017	0.21786
AT3G44730.4	3607	3408	0.0010879	0.00010431
AT1G47510.2	1303	1104	0	0
AT1G47510.4	1387	1188	4.33591	1.19262
AT1G47510.1	1603	1404	6.5	1.51281
AT1G47510.3	2183	1984	2.16409	0.356428
AT5G15520.1	1271	1072	87	26.5193
AT2G32900.1	2649	2450	86	11.4702
AT2G07671.1	776	577	1	0.566321
AT5G37800.1	1365	1166	0	0
AT1G80370.1	1829	1630	39	7.81835
AT3G09710.1	2325	2126	0	0
AT3G09710.2	1959	1760	40	7.42653
AT5G40040.1	633	434	0	0
AT1G24140.1	1782	1583	2	0.412845
AT4G08455.1	909	710	29	13.3468
AT1G16010.3	1731	1532	155.055	33.0724
AT1G16010.1	1744	1545	33.5366	7.09298
AT1G16010.2	1833	1634	14.4083	2.88138
AT5G40390.1	2991	2792	384	44.9422
AT1G18280.1	951	752	0	0
AT5G39715.1	481	282	0	0
AT3G22830.1	1577	1378	0	0
AT5G47700.1	915	716	355.497	162.241
AT5G47700.2	629	430	679.282	516.202
AT2G35965.1	696	497	0	0
AT4G17910.2	1852	1653	0	0
AT4G17910.1	1893	1694	29	5.59401
AT4G17910.3	1789	1590	0	0
AT4G17910.4	1681	1482	0	0
AT1G65730.1	2487	2288	17	2.4279
AT4G32170.1	1669	1470	0	0
AT5G59110.1	519	320	0	0
AT1G48912.1	147	6.75012	0	0
AT5G16340.1	2103	1904	17.8245	3.05906
AT3G28650.1	2761	2562	9	1.14789
AT1G22410.1	2123	1924	1123	190.727
AT5G21482.1	2063	1864	92	16.128
AT5G59510.1	1070	871	2	0.750326
AT2G02380.1	815	616	3	1.5914
AT1G61820.1	2116	1917	13.3434	2.27448
AT1G61820.3	1685	1486	16.6566	3.66274
AT2G06906.1	372	173	0	0
AT4G32840.1	2070	1871	55.3944	9.67454
AT3G46980.8	2251	2052	0	0
AT3G46980.1	2221	2022	23.9917	3.8772
AT3G46980.4	2466	2267	0	0
AT3G46980.6	2181	1982	0	0
AT3G46980.5	2284	2085	0	0
AT3G46980.3	2172	1973	56.8605	9.4172
AT3G46980.7	2161	1962	0	0
AT3G46980.2	2128	1929	0.147806	0.0250379
AT2G17972.1	746	547	76.9085	45.9436
AT1G76880.1	2386	2187	343.216	51.281
AT3G20420.1	1484	1285	8	2.03435
AT1G22950.1	1580	1381	59	13.9604
AT2G43255.2	1148	949	0	0
AT2G43255.1	1145	946	0	0
AT1G27320.1	4513	4314	336	25.4506
AT1G08450.1	1615	1416	29.8241	6.88243
AT1G08450.2	1307	1108	77.3927	22.8244
AT1G08450.3	1502	1303	31.7832	7.97062
AT5G48650.1	1821	1622	5	1.0073
AT2G20420.1	1811	1612	689	139.667
AT1G34040.2	1762	1563	11.1055	2.32177
AT1G34040.1	1736	1537	23.6608	5.0303
AT5G41765.1	953	754	2	0.866756
AT2G18790.1	4145	3946	565.366	46.8178
AT2G18790.2	4497	4298	98.6335	7.49888
AT2G33750.2	1351	1152	3	0.850956
AT2G33750.1	1269	1070	0	0
AT5G02670.1	1444	1245	26	6.82405
AT2G42100.1	1137	938	0	0
AT4G34290.1	790	591	226	124.957
AT5G15940.3	1368	1169	0	0
AT5G15940.2	1487	1288	0	0
AT5G15940.4	1122	923	2	0.708054
AT5G15940.1	1255	1056	0	0
AT3G11770.1	959	760	73	31.3868
AT2G44280.4	2193	1994	0	0
AT2G44280.1	2337	2138	0	0
AT2G44280.3	2304	2105	0	0
AT2G44280.2	2252	2053	26	4.13831
AT1G05710.9	1279	1080	0	0
AT1G05710.6	1270	1071	0	0
AT1G05710.11	1946	1747	2.37976e-06	4.45122e-07
AT1G05710.5	1179	980	0	0
AT1G05710.1	2039	1840	0	0
AT1G05710.13	1503	1304	0	0
AT1G05710.2	1352	1153	7.50798	2.12781
AT1G05710.14	886	687	13.7258	6.52859
AT1G05710.10	2105	1906	0	0
AT1G05710.3	1286	1087	24.8128	7.45908
AT1G05710.8	1737	1538	0	0
AT1G05710.7	1991	1792	0	0
AT1G05710.4	1183	984	0	0
AT1G05710.12	1924	1725	4.95339	0.938322
AT5G18380.3	567	368	265.6	235.841
AT5G18380.2	582	383	679.117	579.408
AT5G18380.1	1093	894	977.857	357.418
AT1G34049.1	105	4.43819	0	0
AT4G22770.2	1387	1188	7	1.9254
AT4G22770.1	1635	1436	0	0
AT5G37760.1	641	442	0	0
AT2G44910.1	1394	1195	11	3.0079
AT5G17590.1	844	645	0	0
AT3G61028.3	1118	919	0	0
AT3G61028.2	980	781	0.0500403	0.0209366
AT3G61028.1	978	779	0.94996	0.39848
AT2G32260.2	1996	1797	7.79441	1.41734
AT2G32260.1	1587	1388	133.206	31.3597
AT3G55400.1	2168	1969	270.037	44.8143
AT3G55400.2	2249	2050	27.9626	4.4572
AT1G16120.1	2699	2500	5	0.653534
AT1G12110.1	2202	2003	754	123.007
AT2G16450.1	1413	1214	0	0
AT5G20010.1	1519	1320	920.138	227.781
AT2G23834.1	244	45.6799	0	0
AT2G39640.1	1761	1562	0	0
AT1G07650.1	4064	3865	14.4487	1.22157
AT1G07650.3	3431	3232	103.327	10.4468
AT1G07650.4	2658	2459	90.2886	11.9981
AT1G07650.2	3501	3302	30.9356	3.06139
AT1G22310.2	1966	1767	37	6.84232
AT1G22310.1	1876	1677	0	0
AT5G16530.1	1370	1171	33	9.20864
AT5G16530.2	1443	1244	0	0
AT1G14920.1	2434	2235	172	25.1472
AT5G65860.2	1066	867	55.785	21.025
AT5G65860.1	1452	1253	29.215	7.61892
AT5G65860.3	1197	998	0	0
AT4G00651.1	288	89.0004	0	0
AT1G72870.1	2025	1826	8	1.43162
AT1G62770.1	978	779	16	6.71152
AT2G07705.1	201	17.0167	0	0
AT3G47050.2	1229	1030	0	0
AT3G47050.1	2028	1829	6	1.07195
AT5G12320.1	833	634	50	25.7703
AT4G00850.1	1411	1212	12	3.23532
AT4G00850.2	1344	1145	0	0
AT2G38170.2	1940	1741	0	0
AT2G38170.1	1886	1687	445.678	86.3266
AT2G38170.3	2556	2357	56.322	7.80831
AT5G38190.1	2862	2663	0	0
AT4G32500.1	2873	2674	0	0
AT5G60410.5	3158	2959	0	0
AT5G60410.3	3013	2814	56.2069	6.52686
AT5G60410.4	3154	2955	1.74599	0.193073
AT5G60410.6	3282	3083	0.000990393	0.000104972
AT5G60410.2	3381	3182	0.0500468	0.00513942
AT5G60410.1	3532	3333	297.895	29.2056
AT2G43140.2	1465	1266	49.1196	12.6783
AT2G43140.1	2848	2649	1.88036	0.231951
AT3G27710.1	1860	1661	0	0
AT3G08920.1	891	692	147	69.4144
AT5G16600.1	1329	1130	24	6.94019
AT4G26180.1	1513	1314	13	3.23286
AT4G26180.2	1553	1354	0	0
AT3G06260.1	2128	1929	3	0.508191
AT5G48930.1	1800	1601	1501	306.357
AT5G07940.2	4985	4786	0	0
AT5G07940.1	5312	5113	123.857	7.91559
AT5G07940.5	4865	4666	96.45	6.75454
AT5G07940.4	5011	4812	1.5267e-05	1.03673e-06
AT5G07940.3	4988	4789	0	0
AT1G63270.1	1320	1121	35	10.2024
AT3G18160.1	1578	1379	58.9991	13.9804
AT3G18160.2	1610	1411	0	0
AT3G18160.3	1281	1082	0.000920369	0.000277954
AT4G35295.1	336	137	0	0
AT3G16160.1	1364	1165	0	0
AT1G48605.1	913	714	4	1.83063
ATCG01110.1	1182	983	5	1.66209
AT5G25870.1	588	389	0	0
AT3G60050.2	1853	1654	7.83095	1.5471
AT3G60050.1	1899	1700	36.9369	7.09985
AT5G52370.1	842	643	88.5628	45.0068
AT4G01220.2	1627	1428	4.3355	0.992087
AT4G01220.1	1666	1467	54.6645	12.1763
AT4G14930.1	1887	1688	43.3645	8.3946
AT4G14930.2	1976	1777	8.63553	1.58796
AT5G42220.2	3206	3007	113.052	12.2853
AT5G42220.1	3373	3174	163.948	16.8786
AT5G55940.1	1075	876	188.862	70.4496
AT1G17340.1	3133	2934	100	11.1373
AT1G29090.1	1443	1244	0	0
AT5G58570.1	593	394	3	2.48807
AT1G43860.1	2697	2498	119.157	15.5871
AT1G43860.2	2165	1966	25.563	4.2488
AT4G38250.1	1667	1468	229	50.9739
AT3G23120.1	2398	2199	1.04375	0.155099
AT2G39580.2	5298	5099	225.705	14.4642
AT2G39580.1	4974	4775	0.294723	0.0201687
AT4G30870.1	2370	2171	18	2.70926
AT5G23170.1	1461	1262	12	3.10714
AT5G66410.1	1402	1203	83	22.545
AT5G18510.1	2237	2038	1	0.160337
AT1G72590.1	1167	968	1.05968	0.357717
AT1G65425.1	339	140	0	0
AT3G45830.1	4704	4505	151	10.9527
AT4G02480.1	4375	4176	777	60.7993
AT3G20960.2	1864	1665	0	0
AT3G20960.1	1747	1548	23	4.85507
AT1G07430.1	1906	1707	1	0.191428
AT1G45100.1	1494	1295	0	0
AT4G29283.1	341	142	0	0
AT1G73220.1	1943	1744	78	14.6146
AT5G52547.3	1015	816	0	0
AT5G52547.1	1015	816	0	0
AT5G52547.2	1027	828	0	0
AT5G52547.4	921	722	8	3.62069
AT1G08880.1	1103	904	246	88.9211
AT5G66170.1	736	537	0	0
AT5G66170.2	738	539	0	0
AT5G66170.3	787	588	24	13.3374
AT1G72610.1	931	732	4596.99	2052.11
AT2G32905.1	695	496	0	0
AT2G28310.2	1464	1265	59.9909	15.4965
AT2G28310.1	1617	1418	55.619	12.817
AT2G28310.3	1396	1197	1.39006	0.379469
AT2G13360.3	1887	1688	256.486	49.6513
AT2G13360.1	2003	1804	155.517	28.1696
AT2G13360.2	1532	1333	3490	855.526
AT1G60920.1	670	471	0	0
AT3G29260.1	812	613	0	0
AT2G39080.1	1386	1187	152	41.8438
AT4G16535.1	1106	907	18.5006	6.66525
AT3G50300.1	1651	1452	67	15.0781
AT4G26660.1	2778	2579	79	10.0095
AT4G01575.1	740	541	2	1.20801
AT5G27400.1	1356	1157	69.9997	19.7698
AT3G44405.1	520	321	0	0
AT3G44405.3	404	205	0	0
AT3G44405.2	620	421	0	0
AT3G44405.4	375	176	0	0
AT1G18420.1	1746	1547	18.6386	3.93695
AT1G18420.2	1497	1298	4.36145	1.09798
AT1G18540.1	1543	1344	1432	348.163
AT4G37360.1	1500	1301	0	0
AT5G18870.1	777	578	0	0
AT4G18692.1	267	68.0268	0	0
AT3G50845.1	642	443	11	8.11386
AT5G59520.1	1442	1243	18	4.73195
AT5G22640.1	2963	2764	496.962	58.7521
AT5G22640.3	3226	3027	0	0
AT5G22640.2	2468	2269	97.0384	13.9749
AT1G77160.2	1180	981	0	0
AT1G77160.1	1105	906	3.31183	1.19448
AT4G34890.1	4457	4258	298.835	22.9332
AT3G25900.1	1477	1278	61.344	15.6848
AT3G25900.2	1352	1153	11.656	3.30338
AT3G25900.3	1251	1052	0	0
AT5G02130.1	1462	1263	25	6.46807
AT5G42630.1	1312	1113	19	5.57823
AT5G42630.2	1079	880	0	0
AT1G33590.2	1956	1757	0	0
AT1G33590.3	1822	1623	313	63.0179
AT1G33590.1	1891	1692	0	0
AT5G45740.1	1102	903	2	0.723737
AT1G25097.1	823	624	0	0
AT1G27470.1	2837	2638	178	22.0487
AT3G28660.1	2153	1954	5.91437	0.989059
AT1G19410.1	1308	1109	0	0
AT1G59960.1	1374	1175	121	33.6501
AT2G27690.1	2002	1803	12	2.17482
AT2G25170.1	4522	4323	0	0
AT2G25170.2	4429	4230	273.844	21.1544
AT2G25170.4	4446	4247	0.0882741	0.00679187
AT2G25170.3	4524	4325	91.0675	6.88043
AT2G18510.1	1788	1589	169	34.7537
AT2G17210.1	2211	2012	5	0.812046
AT5G08750.2	1544	1345	35.5793	8.64399
AT5G08750.10	1696	1497	20.2054	4.41045
AT5G08750.9	1954	1755	0	0
AT5G08750.6	2343	2144	0	0
AT5G08750.5	2434	2235	0	0
AT5G08750.3	1761	1562	0	0
AT5G08750.4	2567	2368	0	0
AT5G08750.1	1894	1695	11.2153	2.16212
AT5G08750.8	2178	1979	0	0
AT5G08750.7	2210	2011	0	0
AT2G25730.2	8090	7891	38.6732	1.60146
AT2G25730.1	7844	7645	0	0
AT2G25730.4	7871	7672	90.0772	3.83659
AT2G25730.3	8174	7975	92.2495	3.77983
AT2G27100.1	2654	2455	260	34.6067
AT1G16410.2	1852	1653	79.0842	15.6335
AT1G16410.1	2743	2544	240.074	30.8366
AT2G28290.3	11030	10831	1.09182	0.0329397
AT2G28290.2	11033	10834	139.893	4.21934
AT2G28290.1	11021	10822	132.949	4.01437
AT2G28290.6	10817	10618	434.437	13.3697
AT2G28290.5	10861	10662	33.6288	1.03065
AT2G28290.4	10961	10762	8.35259e-05	2.5361e-06
AT3G23870.1	1553	1354	0	0
AT3G23870.3	1588	1389	0	0
AT3G23870.5	958	759	4.67308	2.01187
AT3G23870.2	1530	1331	2.32692	0.571271
AT3G23870.4	1609	1410	0	0
AT2G34910.1	1329	1130	17	4.91597
AT1G52191.1	741	542	0	0
AT5G13010.1	4460	4261	278	21.3192
AT1G24735.2	1186	987	1.88463	0.623946
AT1G24735.1	811	612	4.11537	2.19733
AT1G24735.3	710	511	0	0
AT2G17870.1	1749	1550	133	28.0387
AT3G13590.1	1542	1343	4	0.973245
AT1G63770.6	3021	2822	29.495	3.41531
AT1G63770.1	3229	3030	0	0
AT1G63770.4	3235	3036	230.856	24.8472
AT1G63770.2	3331	3132	16.1617	1.68618
AT1G63770.7	2929	2730	344.515	41.2367
AT1G63770.3	3503	3304	240.207	23.7566
AT1G63770.5	3163	2964	3.76511	0.415086
AT2G07738.1	448	249	0	0
AT1G58060.1	4691	4492	133	9.67498
AT2G30615.1	1502	1303	0	0
AT3G10000.2	1549	1350	10	2.4205
AT3G10000.1	1819	1620	0	0
AT4G18750.1	3012	2813	13	1.51012
AT5G33406.1	1601	1402	1	0.233072
AT5G38160.1	442	243	0	0
AT4G34740.1	2210	2011	268.414	43.6146
AT5G50690.1	1146	947	0.5	0.172528
AT5G50690.2	1212	1013	0	0
AT4G15380.1	1855	1656	11	2.17055
AT3G03790.3	3932	3733	128.518	11.2498
AT3G03790.1	4023	3824	221.482	18.926
AT3G03790.2	4282	4083	0	0
AT5G66370.1	453	254	0	0
AT5G48810.1	797	598	432	236.059
AT3G19085.2	843	644	0	0
AT3G19085.1	831	632	1	0.517037
AT4G05070.1	531	332	72	70.8652
AT5G09670.1	3005	2806	11.3854	1.32586
AT5G09670.2	2290	2091	171.615	26.8188
AT4G25690.2	1120	921	65.8111	23.3495
AT4G25690.1	1590	1391	13.9662	3.28087
AT2G22570.1	990	791	30	12.3932
AT2G22570.2	974	775	0	0
AT5G63830.1	1568	1369	25	5.96726
AT5G63760.1	1741	1542	19.2496	4.07921
AT5G63760.3	1887	1688	0	0
AT5G63760.2	2109	1910	0	0
AT5G63760.4	1763	1564	25.7504	5.38004
AT3G57610.1	1918	1719	545	103.6
AT5G50910.1	351	152	0	0
AT4G00400.1	1998	1799	203	36.8726
AT5G64090.1	1856	1657	80	15.7763
AT4G22670.1	1875	1676	486	94.7547
AT1G13500.1	1161	962	3	1.01902
AT2G40220.1	1339	1140	0	0
AT5G51050.1	2228	2029	52.0192	8.37761
AT1G09176.1	713	514	7	4.45014
AT1G54820.3	1937	1738	0	0
AT1G54820.4	2158	1959	12.2389	2.04149
AT1G54820.2	2019	1820	35.6219	6.39564
AT1G54820.1	1745	1546	43.1392	9.11803
AT3G21295.1	2973	2774	33.2216	3.91338
AT3G21295.2	2580	2381	0	0
AT3G21295.3	2639	2440	13.7784	1.84522
AT2G25120.1	1143	944	0	0
AT5G17960.1	1837	1638	0	0
AT3G55960.1	1460	1261	165	42.757
AT1G08930.1	2077	1878	7.66531	1.33374
AT1G08930.2	1832	1633	289.335	57.8965
AT3G14140.1	1422	1223	0	0
AT2G44340.1	1135	936	6.15763	2.14969
AT5G26050.1	922	723	0	0
AT3G63430.2	2261	2062	14.0441	2.22558
AT3G63430.1	2166	1967	37.9559	6.30541
AT1G50530.1	345	146	0	0
AT5G23390.1	2725	2526	83	10.737
AT3G22020.2	658	459	0	0
AT3G22020.1	658	459	0	0
AT5G45070.1	1495	1296	251	63.2859
AT5G27030.2	3698	3499	75.6905	7.06864
AT5G27030.1	3824	3625	86.3095	7.78017
AT5G45170.1	1522	1323	150	37.0484
AT5G45170.2	1549	1350	0	0
AT1G63730.1	2901	2702	7	0.846547
AT1G78680.1	1467	1268	178.503	46.0006
AT1G78680.2	1386	1187	0	0
AT5G45840.2	2487	2288	0	0
AT5G45840.1	2680	2481	19	2.50245
AT1G11120.2	970	771	23.4931	9.95689
AT1G11120.1	609	410	0.506925	0.404016
AT1G47395.1	833	634	128.299	66.1258
AT4G32750.1	1559	1360	24	5.76648
AT2G47170.2	1078	879	0	0
AT2G47170.1	1063	864	816	308.613
AT2G47170.3	966	767	0	0
AT2G38720.1	1653	1454	6	1.34842
AT3G06010.1	3849	3650	135	12.0859
AT1G05830.2	3799	3600	26.9386	2.44518
AT1G05830.4	4094	3895	8.11885	0.681123
AT1G05830.1	3983	3784	70.6278	6.09906
AT1G05830.3	4166	3967	18.3148	1.50861
AT4G20010.1	1444	1245	25.9375	6.80765
AT4G20010.2	1396	1197	43.0625	11.7556
AT4G28210.1	1301	1102	117	34.6931
AT3G15400.2	1500	1301	0	0
AT3G15400.1	1576	1377	12	2.84764
AT2G31870.1	1797	1598	0	0
AT2G31870.2	1870	1671	16	3.12883
AT5G48800.1	2387	2188	72	10.7528
AT1G67750.1	1803	1604	117	23.8353
ATCG00210.1	90	3.96502	0	0
AT4G00260.1	1587	1388	0	0
AT2G39890.2	1879	1680	37.617	7.31667
AT2G39890.3	1503	1304	27.383	6.86185
AT2G39890.1	1984	1785	17	3.11207
AT5G38180.1	434	235	0	0
AT2G42770.1	1213	1014	181	58.3283
AT5G49910.1	2467	2268	1941	279.654
AT2G01150.2	1041	842	7.7963	3.02562
AT2G01150.3	933	734	44.2037	19.6789
AT2G01150.1	933	734	0	0
AT1G71060.1	1533	1334	8	1.95962
AT5G62240.1	1531	1332	0	0
AT4G28610.1	1771	1572	212	44.0678
AT4G15010.1	1804	1605	55.4643	11.2922
AT4G15010.2	1809	1610	17.5357	3.55907
AT4G15010.3	1782	1583	0	0
AT2G24320.2	1085	886	0	0
AT2G24320.1	1099	900	0	0
AT4G18250.1	2250	2051	8	1.27457
AT4G23980.2	2877	2678	4.87745	0.595142
AT4G23980.1	2998	2799	92.1226	10.7548
AT3G54660.1	2332	2133	1227	187.972
AT2G24600.3	2235	2036	10.4916	1.68384
AT2G24600.2	2196	1997	2.34596e-06	3.83868e-07
AT2G24600.4	2381	2182	23.5515	3.52697
AT2G24600.1	2020	1821	36.9569	6.63169
AT5G56660.1	1636	1437	68.3873	15.551
AT4G24950.1	474	275	0	0
AT5G50050.1	688	489	0	0
AT3G20740.1	1563	1364	87	20.8422
AT5G07600.1	882	683	0	0
AT3G24220.1	1885	1686	0	0
AT3G11710.1	2295	2096	575	89.6427
AT4G29800.2	2087	1888	9.34653	1.61766
AT4G29800.1	1683	1484	9.65347	2.12563
AT3G19510.1	2781	2582	52.1186	6.59592
AT3G19510.2	2899	2700	22.8814	2.76921
AT1G77655.1	565	366	0	0
AT4G26670.1	1333	1134	56	16.1366
AT4G33770.3	2010	1811	0	0
AT4G33770.1	1792	1593	79.864	16.3823
AT4G33770.2	1786	1587	10.136	2.08702
AT2G39782.1	480	281	0	0
AT2G04940.1	2201	2002	67	10.9358
AT3G27890.1	898	699	190	88.8208
AT4G19840.1	1514	1315	206	51.1894
AT5G38730.1	2093	1894	6	1.03517
AT4G00295.1	1401	1202	0	0
AT1G09340.2	2012	1813	68.1665	12.286
AT1G09340.1	1876	1677	3074.83	599.138
AT2G33680.5	2436	2237	0	0
AT2G33680.1	2866	2667	0.43087	0.0527912
AT2G33680.6	2422	2223	0	0
AT2G33680.3	2858	2659	13.5555	1.66585
AT2G33680.8	2184	1985	0	0
AT2G33680.2	2930	2731	0	0
AT2G33680.4	2478	2279	5.01359	0.718857
AT2G33680.7	2279	2080	0	0
AT4G37000.1	1508	1309	123	30.7046
AT1G17455.2	802	603	12.2706	6.64946
AT1G17455.1	1057	858	6.72941	2.56288
AT4G10120.2	3489	3290	386.35	38.3728
AT4G10120.5	2790	2591	187.824	23.6877
AT4G10120.3	4581	4382	0	0
AT4G10120.4	3760	3561	11.3965	1.04578
AT4G10120.1	4482	4283	4.42947	0.337942
AT3G49940.1	1772	1573	181	37.6
AT4G17590.1	606	407	0	0
AT4G17590.2	564	365	0	0
AT4G12910.2	1666	1467	12.1041	2.69613
AT4G12910.1	2156	1957	67.8959	11.3368
AT3G14090.1	2515	2316	60	8.46547
AT2G02640.1	1981	1782	0	0
AT5G44578.1	527	328	7	6.97369
AT5G44578.2	671	472	0	0
AT5G10840.1	2269	2070	500.502	79.0085
AT3G17580.1	761	562	7	4.07005
AT1G21050.2	1614	1415	25.2679	5.83513
AT1G21050.1	942	743	80.7321	35.5055
AT1G74960.1	2339	2140	24.7797	3.78373
AT1G74960.3	2248	2049	150.809	24.0505
AT1G74960.2	2434	2235	464.411	67.899
AT4G10880.1	519	320	0	0
AT3G61660.1	390	191	0	0
AT3G61660.2	675	476	1	0.686486
AT1G03320.1	701	502	0	0
AT2G41670.2	1374	1175	0	0
AT2G41670.1	1343	1144	11	3.14199
AT1G04580.1	4604	4405	0	0
AT2G04620.2	1941	1742	24.6654	4.62677
AT2G04620.1	2455	2256	26.3346	3.8144
AT5G05140.1	2799	2600	98	12.3166
AT2G21070.2	1874	1675	10.3671	2.02247
AT2G21070.1	1921	1722	36.6329	6.95146
AT2G21070.3	1781	1582	0	0
AT4G18500.1	201	17.0167	1	19.2028
AT5G18407.1	293	94.0001	0	0
AT5G17770.1	1521	1322	638	157.699
AT1G74550.1	1667	1468	5	1.11297
AT2G32740.1	1537	1338	0	0
AT5G35920.1	468	269	0	0
AT5G52380.1	1065	866	39	14.7158
AT1G30880.2	956	757	18.7658	8.10044
AT1G30880.1	832	633	179.234	92.5243
AT2G17845.1	939	740	0	0
AT2G31085.1	708	509	0	0
AT5G40940.1	1300	1101	0	0
AT5G11420.1	1629	1430	629	143.732
ATMG00170.1	420	221	0	0
AT3G45710.1	1969	1770	59	10.8922
AT1G26799.1	566	367	0	0
AT1G58248.1	276	77.0053	0	0
AT4G32680.1	1204	1005	60	19.5085
AT1G21250.1	2770	2571	49.5901	6.30277
AT4G14716.2	1116	917	4.82444	1.71916
AT4G14716.1	952	753	115.518	50.1295
AT5G26120.1	2260	2061	3	0.475644
AT5G35603.1	985	786	0	0
AT5G35603.3	515	316	0	0
AT5G35603.2	483	284	0	0
AT5G40750.1	894	695	0	0
AT1G29200.4	2078	1879	0	0
AT1G29200.2	2150	1951	0	0
AT1G29200.1	2120	1921	0	0
AT1G29200.3	1984	1785	8	1.4645
AT1G16260.1	2547	2348	0	0
AT1G16260.2	2336	2137	52	7.95128
AT1G16260.3	2520	2321	0	0
AT4G31730.1	1063	864	50	18.9101
AT5G25750.1	216	24.1385	0	0
AT5G54130.2	1985	1786	315.885	57.7945
AT5G54130.4	1838	1639	25.1145	5.00708
AT5G54130.3	1832	1633	0	0
AT3G07010.1	2112	1913	100.263	17.1264
AT3G07010.2	3048	2849	5.73678	0.657983
AT1G73440.1	1462	1263	22.905	5.92604
AT5G54043.1	258	59.1108	0	0
AT1G22290.2	888	689	0	0
AT1G22290.1	591	392	0	0
AT4G22910.1	2136	1937	53	8.94097
AT2G40280.1	2187	1988	121	19.8887
AT5G39500.1	4997	4798	144.845	9.86467
AT5G39500.2	4467	4268	108.155	8.28055
AT2G19893.1	225	29.9375	0	0
AT3G15070.1	2088	1889	22.5444	3.89982
AT3G15070.2	1868	1669	17.4033	3.40732
AT4G37990.1	1897	1698	4	0.769769
AT3G09035.1	1571	1372	52	12.3848
AT1G51620.1	1483	1284	0	0
AT1G51620.2	1387	1188	7	1.9254
AT1G56340.2	1446	1247	460.994	120.8
AT1G56340.1	1851	1652	371.19	73.4217
AT1G19940.2	2233	2034	0	0
AT1G19940.3	1442	1243	6.2795	1.65079
AT1G19940.1	1925	1726	10.7205	2.02961
AT4G08270.1	300	101	0	0
AT1G62240.1	928	729	0	0
AT1G67580.1	3200	3001	172	18.7284
AT1G67580.2	3004	2805	0	0
AT5G66930.2	1010	811	31.8038	12.8144
AT5G66930.3	959	760	5.19616	2.23412
AT5G66930.1	1091	892	0	0
AT1G02360.1	1118	919	36.7591	13.0704
AT1G02360.2	1151	952	49.2409	16.9016
AT1G02360.3	1206	1007	0	0
AT4G18930.1	1070	871	61	22.885
AT1G40104.1	1857	1658	1	0.197085
AT2G35530.1	1873	1674	82	16.0065
AT5G42870.2	3354	3155	55.7086	5.76981
AT5G42870.3	3457	3258	16.1349	1.61828
AT5G42870.1	3369	3170	83.1565	8.57186
AT2G28700.1	1274	1075	4	1.21588
AT4G03430.2	4446	4247	17.9577	1.38168
AT4G03430.3	3445	3246	240.261	24.1865
AT4G03430.1	3973	3774	19.7809	1.71271
AT2G07981.1	1242	1043	1	0.313295
AT3G42060.1	2139	1940	0	0
AT3G16880.1	1098	899	0	0
AT3G13950.1	1206	1007	5	1.62248
AT1G31290.3	3667	3468	1	0.0942235
AT1G31290.1	3841	3642	0	0
AT1G31290.2	3918	3719	0	0
AT5G20740.2	1139	940	16.5882	5.76648
AT5G20740.1	969	770	32.4118	13.7547
AT4G34190.1	939	740	726	320.585
AT3G29255.1	2121	1922	0	0
AT5G10990.1	904	705	10	4.63499
AT1G64940.1	1726	1527	3.77702	0.808256
AT5G38460.2	2081	1882	33.0831	5.74414
AT5G38460.1	2132	1933	17.9169	3.02879
AT4G00905.1	1549	1350	8.50374	2.05833
AT5G48230.2	1868	1669	317	62.0642
AT5G48230.1	1938	1739	0	0
AT3G16565.3	1410	1211	0	0
AT3G16565.1	824	625	6.94305e-07	3.63002e-07
AT3G16565.5	1368	1169	8.01188	2.23954
AT3G16565.6	954	755	9.69737	4.19706
AT3G16565.2	1311	1112	0	0
AT3G16565.4	1289	1090	2.29075	0.686737
AT5G48830.2	1874	1675	39.0544	7.61891
AT5G48830.1	1989	1790	99.9456	18.2452
AT5G35520.1	1139	940	29	10.0811
AT5G43210.1	882	683	11	5.26272
AT2G33450.1	749	550	657.107	390.402
AT3G14540.2	2270	2071	0	0
AT3G14540.1	2179	1980	24	3.96081
AT4G22165.1	1092	893	0	0
AT5G02390.1	2897	2698	3	0.363344
AT5G02390.2	2555	2356	0	0
AT5G02390.3	2685	2486	0	0
AT3G47770.3	2269	2070	3.31374	0.523102
AT3G47770.1	2878	2679	8.68626	1.05949
AT3G47770.2	3101	2902	0	0
AT1G25440.1	1737	1538	611	129.815
AT5G35069.1	183	11.741	0	0
AT1G74490.1	1606	1407	13	3.01917
AT5G09630.1	1667	1468	10	2.22593
AT5G07500.1	1037	838	0	0
AT3G23700.1	1586	1387	443	104.368
AT5G62950.1	1014	815	5.49223	2.20206
AT5G62950.4	1499	1300	6.15733	1.5477
AT5G62950.5	1570	1371	0	0
AT5G62950.2	821	622	16.7343	8.79135
AT5G62950.7	957	758	8.29399	3.57546
AT5G62950.6	1354	1155	0	0
AT5G62950.3	1400	1201	0	0
AT1G63390.1	507	308	1.49034	1.58115
AT3G13320.1	2280	2081	130.184	20.442
AT2G46800.5	1920	1721	42.1308	7.99939
AT2G46800.1	1466	1267	203.905	52.5885
AT2G46800.3	2476	2277	0	0
AT2G46800.4	2306	2107	74.9638	11.6259
AT2G46800.2	2090	1891	0	0
AT5G11220.1	922	723	0	0
AT3G13075.1	282	83.0016	3.58941	14.1311
AT5G27440.1	1044	845	0	0
AT2G44230.1	2174	1975	108	17.8688
AT4G15330.1	1908	1709	5.87285	1.12291
AT4G15330.2	1617	1418	2.12715	0.490185
AT2G44630.1	1418	1219	9	2.41255
AT1G67160.1	1353	1154	0	0
AT2G29500.1	1056	857	19	7.24455
AT1G11490.2	1341	1142	0	0
AT1G11490.1	1310	1111	0	0
AT3G47520.1	2129	1930	728	123.257
AT2G20000.1	3000	2801	104	12.1327
AT2G20000.2	3026	2827	0	0
AT4G08867.1	1111	912	4	1.43319
AT2G32160.4	1641	1442	0	0
AT2G32160.2	1511	1312	0	0
AT2G32160.1	1460	1261	1	0.259133
AT2G32160.3	1720	1521	0	0
AT1G06420.1	1150	951	0	0
AT1G06420.2	956	757	6	2.58996
AT1G65380.1	2588	2389	34	4.65052
AT3G59910.1	2501	2302	238.695	33.8826
AT3G59910.2	2618	2419	66.3047	8.95668
AT5G41071.1	183	11.741	0	0
AT1G18660.1	2158	1959	71.5937	11.942
AT1G18660.2	2252	2053	0	0
AT1G18660.4	2235	2036	0	0
AT1G18660.3	2052	1853	180.406	31.8137
AT5G37890.1	1828	1629	42	8.42493
AT4G32390.1	1539	1340	327.415	79.8422
AT1G10600.3	1042	843	16.7493	6.49245
AT1G10600.2	1119	920	13.8526	4.92019
AT1G10600.4	845	646	9.39807	4.75384
AT1G10600.1	1244	1045	0	0
AT1G50700.1	2213	2014	14.757	2.39428
AT1G50700.2	1999	1800	0	0
AT1G50700.3	1787	1588	13.243	2.72506
AT3G25710.1	1525	1326	54	13.3073
AT2G45406.1	437	238	0	0
AT3G49720.2	1153	954	0.0214344	0.00734179
AT3G49720.1	1152	953	429.149	147.148
AT3G49720.3	1041	842	10.8299	4.2029
AT3G04210.2	2244	2045	44.8746	7.17044
AT3G04210.1	1925	1726	20.1254	3.81015
AT4G18210.1	2587	2388	11	1.50521
AT5G05100.1	1679	1480	150.347	33.1949
AT1G29780.1	666	467	0	0
AT1G67320.2	1741	1542	24	5.08587
AT1G67320.3	1677	1478	2.40243e-08	5.31146e-09
AT1G67320.1	1484	1285	32	8.13739
AT1G29970.3	1031	832	0	0
AT1G29970.1	1025	826	43.0628	17.0357
AT1G29970.2	1162	963	45.1387	15.3166
AT1G16110.1	2550	2351	13	1.80688
AT2G23440.1	470	271	0	0
AT5G58180.1	852	653	0	0
AT5G58180.2	951	752	0	0
AT3G20350.1	2740	2541	63	8.10166
AT2G35360.3	1251	1052	0	0
AT2G35360.1	1146	947	20	6.9011
AT2G35360.2	1479	1280	0	0
AT1G67230.1	4106	3907	451	37.72
AT3G11260.1	1052	853	1	0.38308
AT4G14980.1	1792	1593	11	2.2564
AT3G09540.1	1689	1490	42.5322	9.32759
AT3G09540.2	1679	1480	0	0
AT3G09540.3	1619	1420	3.46783	0.79801
AT5G06160.1	1948	1749	112	20.9251
AT1G04555.1	991	792	8	3.30068
AT3G12740.1	1697	1498	179	39.0463
AT3G10585.1	656	457	0	0
AT5G66200.1	2879	2680	277	33.7741
AT5G09976.1	924	725	1	0.450713
AT1G63410.2	648	449	2.75812	2.00727
AT1G63410.3	1018	819	0	0
AT1G63410.1	925	726	5.24188	2.35933
AT2G40820.3	1868	1669	0	0
AT2G40820.4	2050	1851	76.6061	13.5237
AT2G40820.2	2063	1864	0	0
AT2G40820.1	1993	1794	31.1437	5.67265
AT2G40820.5	2005	1806	34.2502	6.19703
AT5G24030.1	2519	2320	100.869	14.2072
AT5G24030.2	2473	2274	84.1306	12.0893
AT2G07215.1	738	539	0	0
AT2G40200.1	1202	1003	18.0225	5.87155
AT3G01100.2	3049	2850	34.4275	3.94729
AT3G01100.4	2766	2567	0.14953	0.0190344
AT3G01100.3	2691	2492	13.6024	1.78363
AT3G01100.1	2753	2554	50.8206	6.50216
AT4G36990.1	1783	1584	268	55.2864
AT1G59740.1	2208	2009	77	12.5242
AT5G25990.1	306	107	1	3.0539
AT4G33540.1	1648	1449	0	0
AT4G33540.3	1262	1063	11.0044	3.38277
AT4G33540.2	1488	1289	153.996	39.0385
AT5G39180.1	892	693	0	0
AT1G36390.1	1032	833	104.017	40.8033
AT1G36390.2	1103	904	5.98345	2.16283
AT5G04930.1	4659	4460	253	18.5363
AT5G61140.1	6644	6445	0.903058	0.0457858
AT5G61140.2	6778	6579	256.097	12.7199
AT2G29170.1	723	524	16	9.97762
AT3G26720.5	3547	3348	0	0
AT3G26720.4	3686	3487	0	0
AT3G26720.2	3186	2987	54.4519	5.95684
AT3G26720.1	3475	3276	152.304	15.1917
AT3G26720.3	3910	3711	7.24443	0.637899
AT1G66620.1	1348	1149	20	5.68785
AT5G37850.4	1562	1363	8.61964	2.06648
AT5G37850.1	1437	1238	139.244	36.7532
AT5G37850.3	1184	985	11.1359	3.69428
AT5G37850.2	1470	1271	0	0
AT4G14630.1	944	745	42	18.4218
AT2G31770.1	1632	1433	0	0
AT2G02150.1	2945	2746	27.4052	3.26115
AT2G02150.2	2444	2245	4.59481	0.66879
AT5G67050.1	1570	1371	5	1.19171
AT2G17300.1	1128	929	61	21.4562
AT1G07630.1	2625	2426	91	12.2571
AT1G26720.1	841	642	1	0.508983
AT1G06460.1	1321	1122	121	35.2396
AT1G72750.1	1205	1006	280	90.9491
AT2G27480.1	981	782	5	2.0893
AT2G27480.2	699	500	0	0
AT1G19530.2	654	455	10.6788	7.66921
AT1G19530.1	928	729	5.32117	2.38516
AT3G30260.1	1285	1086	3	0.902672
AT2G33530.1	1756	1557	192	40.295
AT1G27080.2	2256	2057	0	0
AT1G27080.1	2185	1986	0	0
AT5G12180.1	2183	1984	0	0
AT3G28120.1	207	19.5103	0	0
AT1G48560.1	2414	2215	3.89973	0.575306
AT1G48560.2	2230	2031	0	0
AT3G01015.1	1798	1599	3	0.613072
AT2G07652.1	783	584	1	0.559533
AT1G56520.4	3768	3569	0.00435349	0.000398593
AT1G56520.2	3624	3425	0.206047	0.0196582
AT1G56520.3	3867	3668	0	0
AT1G56520.5	3805	3606	0	0
AT1G56520.1	3856	3657	33.6835	3.00975
AT4G09585.1	186	12.4336	0	0
AT2G45660.1	1431	1232	1.25712e-07	3.33431e-08
AT2G45660.2	1480	1281	19	4.84666
AT3G50420.1	2385	2186	0	0
AT3G50420.2	2310	2111	8	1.23834
AT5G15450.1	3186	2987	775	84.7822
AT1G77090.1	1146	947	164	56.589
AT1G70040.1	805	606	0	0
AT3G17155.1	410	211	0	0
AT4G27300.1	3145	2946	111.822	12.4032
AT4G13930.1	1873	1674	2912	568.426
AT4G33500.1	2526	2327	145	20.3615
AT1G09645.1	870	671	51	24.8362
AT5G26230.1	1688	1489	48	10.5338
AT4G36610.1	1365	1166	24	6.72591
AT1G36380.1	693	494	27	17.8597
AT3G21700.1	1252	1053	31.6031	9.80706
AT3G21700.3	1645	1446	18.3969	4.15734
AT3G21700.2	1472	1273	0	0
AT2G27580.2	855	656	41.7907	20.8168
AT2G27580.1	1027	828	72.2093	28.4971
AT5G42760.1	1258	1059	197.696	61.0013
AT5G42760.2	1339	1140	19.3044	5.53338
AT1G53920.1	1425	1226	32	8.529
AT4G30825.1	3118	2919	120	13.4334
AT4G35790.3	3264	3065	15.7705	1.68133
AT4G35790.2	3465	3266	22.913	2.29247
AT4G35790.1	3158	2959	232.317	25.6551
AT2G46930.1	1730	1531	99	21.1299
AT2G46550.2	1637	1438	0	0
AT2G46550.1	1727	1528	18.4096	3.93695
AT2G46550.3	1644	1445	45.5904	10.3096
AT3G44690.2	3513	3314	17	1.67623
AT3G44690.1	3626	3427	0	0
AT1G14687.1	972	773	7	2.95908
AT2G27680.1	1515	1316	530	131.601
AT3G08790.1	1958	1759	0	0
AT3G07860.1	964	765	6.54561	2.79594
AT3G07860.3	1446	1247	12.3494	3.23607
AT3G07860.2	1539	1340	9.10498	2.2203
AT2G16960.1	1659	1460	0	0
AT2G16960.2	1518	1319	0	0
AT3G19690.1	637	438	1	0.746044
AT1G63830.1	1158	959	57.2453	19.5056
AT1G63830.2	1083	884	0.00941855	0.00348153
AT1G63830.4	1375	1176	3.581	0.995028
AT1G63830.5	903	704	21.1643	9.82359
AT1G63830.3	1182	983	0	0
AT2G31880.1	2108	1909	160.999	27.5584
AT2G03965.1	1391	1192	0	0
AT2G04550.3	1278	1079	35.4615	10.7393
AT2G04550.1	1447	1248	29.5385	7.73413
AT1G12550.1	1290	1091	12	3.59414
AT2G24640.1	2592	2393	79.7443	10.8892
AT2G24640.2	2604	2405	0.255744	0.0347479
AT2G17440.1	2321	2122	78	12.0112
AT5G48340.1	2359	2160	9.86301	1.49209
AT5G48340.3	1791	1592	0	0
AT5G48340.4	2154	1955	0	0
AT5G48340.2	2140	1941	47.137	7.93551
AT3G24020.1	979	780	32	13.4058
AT5G43185.1	597	398	0	0
AT4G37310.1	2081	1882	120	20.8353
AT1G78790.4	1108	909	19.6518	7.06441
AT1G78790.2	642	443	10.3482	7.6331
AT1G78790.1	1020	821	0	0
AT1G78790.3	1040	841	0	0
AT1G29000.1	1301	1102	0	0
AT1G29000.2	1119	920	3	1.06554
AT5G07450.1	836	637	3	1.53893
AT3G25290.1	1576	1377	7.44324	1.76631
AT3G25290.2	1391	1192	50.5568	13.8593
AT3G22150.2	3040	2841	27.5118	3.16437
AT3G22150.1	3099	2900	71.4882	8.05517
AT4G00150.1	2356	2157	130	19.6939
AT2G01175.1	1132	933	2	0.700465
AT5G16550.1	1176	977	62	20.7365
AT1G47710.2	1554	1355	59.8846	14.4416
AT1G47710.1	1580	1381	53.1154	12.568
AT1G10510.1	2150	1951	198	33.1624
AT2G43980.1	1691	1492	56	12.2647
AT3G20650.1	1699	1500	44.0272	9.5911
AT3G20650.2	1625	1426	0.0820912	0.0188111
AT3G20650.3	1563	1364	28.8907	6.92121
AT5G57910.1	1302	1103	27	7.99883
AT5G57910.2	1516	1317	0	0
AT5G51060.1	3289	3090	108	11.421
AT5G65610.1	549	350	8.19465	7.65069
AT1G09400.2	1453	1254	2	0.52116
AT1G09400.1	1182	983	0	0
AT3G48790.2	1113	914	13	4.64767
AT3G48790.1	1201	1002	0	0
AT1G29940.1	4006	3807	249	21.3725
AT3G61829.1	132	5.68809	0	0
AT1G69325.1	522	323	5	5.05831
AT5G57850.1	1439	1240	152	40.0553
AT5G57850.2	1265	1066	0	0
AT3G17080.1	579	380	0	0
AT5G18540.1	1025	826	0	0
AT5G18540.3	979	780	0	0
AT5G18540.4	991	792	0	0
AT5G18540.2	944	745	1	0.438614
AT3G19290.1	1836	1637	95.9846	19.1598
AT3G19290.4	1429	1230	0	0
AT3G19290.2	1825	1626	0	0
AT3G19290.5	2015	1816	14.2235	2.55934
AT3G19290.3	1903	1704	12.7919	2.45303
AT3G57500.1	788	589	7	3.88348
AT1G59700.1	1124	925	92	32.5001
AT1G18100.1	1438	1239	3.09351	0.815867
AT2G30740.5	2518	2319	0	0
AT2G30740.2	2317	2118	0	0
AT2G30740.10	2092	1893	0	0
AT2G30740.11	1940	1741	0	0
AT2G30740.6	2409	2210	0	0
AT2G30740.15	1702	1503	0	0
AT2G30740.4	1709	1510	152.033	32.9002
AT2G30740.14	1724	1525	0	0
AT2G30740.7	2396	2197	0	0
AT2G30740.1	1755	1556	0	0
AT2G30740.13	1788	1589	0	0
AT2G30740.8	2366	2167	0	0
AT2G30740.12	1814	1615	0	0
AT2G30740.3	2158	1959	0	0
AT2G30740.9	2352	2153	0	0
AT1G31814.1	2111	1912	19	3.24716
AT2G18370.1	899	700	83	38.7452
AT3G48990.1	2203	2004	1130	184.255
AT3G53720.2	3056	2857	0	0
AT3G53720.1	2963	2764	58	6.85691
AT3G13770.1	1887	1688	0	0
AT3G13770.2	1804	1605	2	0.407186
AT1G27160.1	773	574	0	0
AT3G55920.1	877	678	41	19.7603
AT3G52080.1	2783	2584	1.00346	0.126895
AT5G51500.1	1883	1684	14	2.71659
AT4G25110.2	1782	1583	20	4.12845
AT4G25110.1	1830	1631	0	0
AT5G15720.3	1637	1438	0	0
AT5G15720.2	1641	1442	0	0
AT5G15720.1	1585	1386	1	0.235763
AT1G15810.1	1829	1630	129	25.8607
AT5G58930.1	2176	1977	148	24.4621
AT4G10000.1	1517	1318	5.00039	1.23973
AT4G10000.2	1312	1113	37.9996	11.1564
AT3G48080.1	2576	2377	22.3056	3.06636
AT1G56510.1	3681	3482	148.106	13.899
AT5G48970.2	1197	998	8.91218	2.91804
AT5G48970.1	1481	1282	42.0878	10.7277
AT4G12480.1	930	731	559	249.881
AT5G59820.1	981	782	20	8.35722
AT5G27240.1	4044	3845	39.918	3.39243
AT5G27240.2	3466	3267	9.29601	0.929792
AT5G27240.3	3315	3116	3.78598	0.397026
AT5G67230.1	1700	1501	19	4.13629
AT5G02860.1	2460	2261	4.05398e-05	5.85894e-06
AT5G02860.4	3070	2871	40.1949	4.57484
AT5G02860.2	3363	3164	10.7988	1.11526
AT5G02860.5	3263	3064	0	0
AT5G02860.3	3092	2893	0.00628455	0.000709846
AT4G34920.1	1480	1281	117.752	30.037
AT2G35970.1	767	568	0	0
AT3G28455.1	1455	1256	20	5.2033
AT3G23540.3	2522	2323	9.76574	1.37371
AT3G23540.2	1715	1516	0	0
AT3G23540.1	2328	2129	98.2343	15.0774
AT1G55640.1	858	659	0	0
ATMG00550.1	483	284	0	0
AT3G54490.1	935	736	0	0
AT3G09930.2	1396	1197	0	0
AT3G09930.1	1391	1192	0	0
AT5G23420.1	1221	1022	91.8652	29.3723
AT5G23420.2	687	488	7.13483	4.77752
AT3G23080.2	1548	1349	0	0
AT3G23080.1	1574	1375	14.2119	3.37744
AT3G23080.3	1187	988	15.7881	5.2217
AT4G28740.1	1416	1217	137	36.7848
AT1G19380.1	895	696	42	19.7187
AT3G51620.3	3329	3130	3.42263	0.357317
AT3G51620.1	2826	2627	53.2836	6.62784
AT3G51620.2	3315	3116	77.2938	8.10561
AT3G51730.1	1142	943	373	129.251
AT1G14710.2	2886	2687	15.9871	1.9442
AT1G14710.1	2726	2527	313.013	40.4758
AT5G53590.1	984	785	71	29.5547
AT5G25600.1	996	797	0	0
AT2G25480.1	1857	1658	19.4298	3.82933
AT2G25480.2	1808	1609	88.5702	17.9875
AT1G43910.1	1652	1453	58	13.0437
AT3G54620.1	1556	1357	161	38.769
AT3G54620.3	1489	1290	0	0
AT3G54620.2	1573	1374	0	0
AT4G36960.1	1575	1376	83.658	19.8668
AT4G36960.2	1697	1498	19.342	4.21918
AT5G40590.1	1117	918	165	58.7327
AT4G11040.1	961	762	0	0
AT4G11040.2	1240	1041	0	0
AT4G18080.1	737	538	0	0
AT3G48060.1	5250	5051	158.994	10.2859
AT3G48060.2	5497	5298	0.000809883	4.99515e-05
AT3G48060.3	5489	5290	23.1292	1.42871
AT5G40330.1	977	778	11.0324	4.63373
AT5G15900.2	1535	1336	0	0
AT5G15900.1	1361	1162	6	1.68727
AT5G27320.1	1844	1645	45	8.93892
AT2G41800.1	1504	1305	114	28.5452
AT2G21350.1	934	735	8.2487	3.66722
AT5G36290.1	1307	1108	225.012	66.3597
AT5G36290.2	1407	1208	43.9879	11.8988
AT2G33720.1	1238	1039	0	0
AT5G60964.1	353	154	0	0
AT1G02500.1	1748	1549	678.409	143.113
AT1G02500.2	1530	1331	2226.98	546.735
AT4G30610.1	1702	1503	382	83.0506
AT2G41415.1	665	466	0	0
AT1G62060.1	732	533	0	0
AT3G11290.2	2197	1998	27.6893	4.52851
AT3G11290.1	1806	1607	38.3107	7.79009
AT4G39745.1	941	742	0	0
AT1G32240.1	1823	1624	45.6076	9.17677
AT1G32240.2	2541	2342	8.93011	1.24597
AT1G32240.3	663	464	0.462246	0.325532
AT1G65010.1	4761	4562	517	37.0317
AT3G43790.5	2017	1818	0	0
AT3G43790.1	1945	1746	0	0
AT3G43790.4	1858	1659	0	0
AT3G43790.2	1681	1482	6.98622e-08	1.5404e-08
AT3G43790.3	1771	1572	14	2.91014
AT3G62190.1	697	498	35.9521	23.5903
AT3G62190.4	875	676	4.46697	2.15926
AT3G62190.3	758	559	0	0
AT3G62190.2	962	763	19.5809	8.38583
AT3G54780.4	2089	1890	0	0
AT3G54780.1	2181	1982	14	2.30814
AT3G54780.5	2050	1851	0	0
AT3G54780.2	2110	1911	0	0
AT3G54780.3	2163	1964	0	0
AT1G69470.1	423	224	0	0
AT3G48730.1	1773	1574	789	163.799
AT1G75900.1	1764	1565	63	13.1542
AT3G16120.2	623	424	0	0
AT3G16120.1	779	580	3	1.69017
AT3G25930.1	1163	964	60	20.3382
AT1G28240.1	2490	2291	92	13.122
AT1G30135.1	806	607	0	0
AT4G10210.1	1337	1138	0	0
AT3G15352.2	1050	851	1.3094	0.502784
AT3G15352.4	529	330	2.55981	2.53473
AT3G15352.3	611	412	0	0
AT3G15352.1	599	400	24.1308	19.7129
AT2G14160.1	470	271	0	0
AT1G80640.2	1730	1531	77.8165	16.6087
AT1G80640.1	1948	1749	64.1835	11.9915
AT2G21430.1	1367	1168	2	0.559533
AT1G31050.8	1432	1233	10.9481	2.90145
AT1G31050.1	1776	1577	4.32794e-06	8.96784e-07
AT1G31050.3	2039	1840	0	0
AT1G31050.2	1887	1688	19.3721	3.7501
AT1G31050.6	1737	1538	2.89017e-06	6.14053e-07
AT1G31050.5	1848	1649	19.1634	3.79743
AT1G31050.7	1620	1421	7.51637	1.72843
AT1G31050.4	2027	1828	0	0
AT2G05910.1	1064	865	6	2.26659
AT4G03505.1	432	233	0	0
AT5G44040.1	1746	1547	76	16.0532
AT2G33070.1	1716	1517	0	0
AT2G33070.2	1636	1437	1	0.227395
AT2G33070.3	2085	1886	0	0
AT4G04950.1	1891	1692	165.939	32.047
AT5G37470.2	1921	1722	0	0
AT5G37470.1	1940	1741	0	0
AT5G41940.1	1989	1790	117	21.3585
AT4G17730.1	1403	1204	133	36.0964
AT4G17730.2	1342	1143	0	0
AT4G00740.1	2935	2736	267.558	31.9551
AT4G00740.2	2479	2280	65.4423	9.37912
AT1G63290.1	1267	1068	125	38.2452
AT2G15640.1	1818	1619	0	0
AT2G44880.1	1739	1540	0	0
AT2G44880.5	2862	2663	0	0
AT2G44880.4	2196	1997	5	0.818145
AT2G44880.6	2861	2662	0	0
AT2G44880.2	2989	2790	0	0
AT2G44880.3	3020	2821	0	0
AT1G32415.1	2369	2170	10	1.50584
AT5G62650.1	1949	1750	73	13.6309
AT3G28230.1	621	422	0	0
AT3G28230.2	624	425	0	0
AT1G50300.2	1597	1398	0	0
AT1G50300.1	1581	1382	32	7.56624
AT3G56490.1	1031	832	218	85.6193
AT2G19030.1	456	257	0	0
AT4G32670.2	2662	2463	27.7581	3.68267
AT4G32670.1	3034	2835	15.2419	1.75681
AT1G79770.1	1160	961	24	8.16068
AT1G34670.1	1378	1179	18	4.98881
AT5G18220.1	1604	1405	3	0.697723
AT2G25050.1	4264	4065	99	7.95817
AT4G08700.1	1483	1284	32	8.14373
AT1G13690.1	863	664	40	19.6848
AT5G10170.1	1954	1755	153.209	28.5263
AT4G12790.4	1216	1017	20.7141	6.65554
AT4G12790.2	1365	1166	16.3664	4.58662
AT4G12790.6	1524	1325	0	0
AT4G12790.5	1099	900	60.1024	21.8216
AT4G12790.1	1491	1292	98.2538	24.8499
AT4G12790.3	1145	946	1.56332	0.540002
AT3G52210.2	1277	1078	0	0
AT3G52210.3	1286	1087	0	0
AT3G52210.1	1317	1118	36	10.522
AT1G70630.5	2215	2016	0	0
AT1G70630.2	2665	2466	0	0
AT1G70630.4	2509	2310	0	0
AT1G70630.7	2156	1957	0	0
AT1G70630.6	2458	2259	0	0
AT1G70630.3	2602	2403	0	0
AT1G70630.1	2481	2282	33	4.72538
AT5G10760.1	1968	1769	1	0.184719
AT1G68660.1	853	654	155	77.4448
AT1G68660.2	675	476	0	0
AT5G62160.1	1669	1470	0	0
AT3G63340.6	3916	3717	0.00355056	0.000312135
AT3G63340.3	3959	3760	3.66961	0.318911
AT3G63340.5	3916	3717	32.4589	2.85351
AT3G63340.12	1587	1388	0	0
AT3G63340.2	3953	3754	0	0
AT3G63340.7	3903	3704	23.8411	2.10326
AT3G63340.9	1131	932	15.5246	5.44306
AT3G63340.11	3001	2802	0	0
AT3G63340.10	3428	3229	32.5311	3.29207
AT3G63340.8	3869	3670	0.0288467	0.00256844
AT3G63340.1	3928	3729	64.935	5.69016
AT3G63340.4	3928	3729	0.00736479	0.000645367
AT5G44910.1	1253	1054	21	6.51054
AT3G05520.2	1213	1014	0	0
AT3G05520.3	1089	890	23.889	8.77095
AT3G05520.1	1167	968	56.111	18.9413
AT3G12590.1	4545	4346	207	15.5639
AT3G12590.2	4688	4489	0	0
AT3G63240.2	2899	2700	9.89909	1.19804
AT3G63240.1	2799	2600	30.1009	3.78307
AT5G18636.1	1262	1063	2	0.614802
AT5G19510.1	982	783	1443.35	602.351
AT2G17130.2	1481	1282	1.00331e-07	2.55732e-08
AT2G17130.1	1493	1294	187	47.2221
AT5G27940.1	793	594	0	0
AT5G05653.1	410	211	0	0
AT3G62970.2	1404	1205	0	0
AT3G62970.1	1391	1192	22	6.03094
AT3G62970.3	1423	1224	0	0
AT2G47540.1	773	574	18	10.2471
AT1G76300.1	801	602	72.586	39.3999
AT1G34317.1	273	74.0093	0	0
AT4G02250.1	483	284	0	0
AT5G13790.1	1079	880	2.46541	0.915471
AT5G13790.2	1238	1039	6.53459	2.05514
AT5G45950.1	1396	1197	236	64.4253
AT2G34315.2	611	412	0	0
AT2G34315.1	675	476	0	0
AT2G25312.1	336	137	0	0
AT5G26720.1	900	701	16	7.45831
AT3G50685.1	680	481	198	134.511
AT1G30630.1	1342	1143	383	109.494
AT1G26580.2	2586	2387	11.56	1.5825
AT1G26580.3	2629	2430	56.6108	7.61257
AT1G26580.1	2900	2701	154.829	18.7312
AT3G06870.1	931	732	11.3203	5.05341
AT4G12460.7	2706	2507	2.60687e-07	3.39784e-08
AT4G12460.8	2563	2364	0	0
AT4G12460.6	2829	2630	37.6562	4.67864
AT4G12460.3	3543	3344	0	0
AT4G12460.4	3253	3054	0	0
AT4G12460.9	2460	2261	0.000116912	1.68965e-05
AT4G12460.2	2241	2042	3.76833	0.60302
AT4G12460.5	2852	2653	28.5753	3.51959
AT4G12460.1	2729	2530	2.25941e-07	2.91819e-08
AT1G76580.1	3859	3660	26.5333	2.36891
AT1G76580.3	3770	3571	12.5988	1.15286
AT1G76580.2	3905	3706	11.5136	1.01518
AT5G46297.1	555	356	0	0
AT5G03640.2	2917	2718	7	0.841564
AT5G03640.1	3159	2960	0	0
AT3G04310.1	1250	1051	27.2658	8.47722
AT3G04310.2	1472	1273	5.73423	1.47192
AT2G07771.2	771	572	0	0
AT4G36270.1	2163	1964	20.8158	3.46329
AT4G05540.1	2325	2126	0	0
AT5G17800.1	1366	1167	18	5.04011
AT1G34850.1	264	65.044	0	0
AT3G52280.1	1378	1179	61	16.9065
AT3G52280.2	1311	1112	0	0
AT2G23148.1	548	349	0	0
AT5G49620.1	1426	1227	0	0
AT5G49620.2	1206	1007	1	0.324496
AT3G43700.2	1911	1712	18.0222	3.43987
AT3G43700.1	1827	1628	0.00707215	0.0014195
AT3G43700.3	1816	1617	16.9707	3.42949
AT2G26560.1	1644	1445	22	4.975
AT3G43870.1	564	365	0	0
AT1G16180.2	1621	1422	399.781	91.8672
AT1G16180.1	1995	1796	43.2193	7.86338
AT5G03090.1	294	95.0001	0	0
AT2G16090.2	2824	2625	10.3937	1.29384
AT2G16090.5	2367	2168	0	0
AT2G16090.3	2626	2427	17.0458	2.29502
AT2G16090.4	2537	2338	0	0
AT2G16090.1	2573	2374	26.5605	3.65589
ATCG01230.1	258	59.1108	3	16.5841
AT5G14610.2	2468	2269	1.78135e-08	2.56539e-09
AT5G14610.4	3080	2881	9.62288	1.09144
AT5G14610.7	1938	1739	51.2571	9.63147
AT5G14610.6	2473	2274	62.6955	9.00916
AT5G14610.3	3533	3334	9.42451	0.923701
AT5G14610.1	2670	2471	0	0
AT5G14610.5	3006	2807	0	0
AT3G45680.1	2061	1862	14	2.4569
AT5G07470.1	1038	839	165	64.2629
AT2G24680.1	1517	1318	0	0
AT2G24680.5	2598	2399	15	2.04315
AT2G24680.4	1355	1156	0	0
AT2G24680.9	1161	962	0	0
AT2G24680.8	1913	1714	0	0
AT2G24680.2	2328	2129	0	0
AT2G24680.7	2168	1969	0	0
AT2G24680.6	2261	2062	0	0
AT2G24680.3	1378	1179	0	0
AT1G68760.1	850	651	45	22.5876
AT1G77830.1	558	359	0	0
AT5G25850.1	1446	1247	0	0
AT5G49060.2	1830	1631	0	0
AT5G49060.1	1796	1597	33	6.75223
AT3G02360.1	1955	1756	761.114	141.633
AT3G02360.2	1929	1730	85.8864	16.2225
AT4G36110.1	940	741	4	1.76393
AT5G64620.1	1097	898	45	16.3747
AT5G52780.1	1150	951	53	18.211
AT5G08540.1	1435	1236	272	71.9099
AT5G15760.1	1363	1164	20	5.61456
AT3G60440.2	1455	1256	6.04507	1.57272
AT3G60440.1	1280	1081	98.9549	29.9123
AT1G74260.1	4702	4503	629	45.6444
AT5G43360.1	1566	1367	3.07002	0.733856
AT1G71235.1	447	248	0	0
AT1G78610.1	3282	3083	152	16.1105
AT4G16630.1	2893	2694	190	23.0459
AT5G56930.1	2393	2194	47	7.00002
AT4G28330.1	1026	827	10	3.95123
AT2G33420.1	3545	3346	1	0.097659
AT3G61182.1	308	109	0	0
AT2G38800.1	2325	2126	392	60.2506
AT3G28470.1	1025	826	0	0
AT4G08630.2	2676	2477	0	0
AT4G08630.1	2671	2472	0	0
AT4G32295.2	1366	1167	0	0
AT4G32295.1	1264	1065	28.531	8.75398
AT4G32295.4	1335	1136	15.469	4.44962
AT4G32295.3	1482	1283	0	0
AT1G65280.2	2387	2188	0	0
AT1G65280.1	2306	2107	126	19.5409
AT4G35450.5	1475	1276	244.086	62.5073
AT4G35450.2	1522	1323	454.353	112.22
AT4G35450.3	1656	1457	0	0
AT4G35450.4	1377	1178	395.732	109.773
AT4G35450.1	1622	1423	225.829	51.8577
AT3G16360.1	420	221	0	0
AT3G16360.2	863	664	22	10.8266
AT3G03760.1	1058	859	0	0
AT3G26800.1	606	407	0	0
AT2G38870.1	732	533	186	114.031
AT5G60460.2	614	415	27.1698	21.3933
AT5G60460.1	1409	1210	22.8302	6.16542
AT4G18610.1	2548	2349	21	2.92129
AT5G41830.2	1703	1504	0	0
AT5G41830.1	1392	1193	0	0
AT1G71190.2	942	743	0	0
AT1G71190.1	1115	916	48.8643	17.4315
AT4G22285.1	2317	2118	149.588	23.0786
AT4G22285.2	2218	2019	11.9964	1.94157
AT3G28040.1	3482	3283	349	34.737
AT4G04680.1	865	666	0	0
AT4G04680.2	675	476	0	0
AT2G07680.4	4304	4105	0.0152758	0.00121598
AT2G07680.3	4554	4355	0	0
AT2G07680.6	4311	4112	84.0857	6.68202
AT2G07680.1	4352	4153	29.8923	2.35199
AT2G07680.2	4802	4603	0	0
AT2G07680.5	4233	4034	0.00670974	0.000543511
AT2G46390.1	522	323	97	98.1313
AT5G39320.1	2014	1815	324	58.332
AT5G08565.1	737	538	17	10.3254
AT5G08565.2	710	511	0	0
AT5G01110.2	2745	2546	0	0
AT5G01110.1	2608	2409	19	2.57724
AT2G41360.1	2021	1822	0	0
AT5G17165.1	481	282	7	8.11124
AT1G53285.1	439	240	0	0
AT3G16910.1	2628	2429	387	52.0621
AT3G13050.2	1989	1790	0	0
AT3G13050.4	1892	1693	17.4501	3.36806
AT3G13050.1	1925	1726	26.5499	5.02644
AT3G13050.3	2027	1828	0	0
AT2G14890.1	1244	1045	1079.03	337.409
AT2G14890.2	1362	1163	33.9659	9.54337
AT4G15290.1	2619	2420	11.746	1.58603
AT5G52060.1	2121	1922	557	94.6979
AT4G16450.2	588	389	230.915	193.972
AT4G16450.1	904	705	78.0854	36.1926
AT5G17510.1	1741	1542	0	0
AT5G17510.2	1837	1638	127	25.3354
AT2G39820.1	996	797	0	0
AT3G16040.1	458	259	0	0
AT3G55566.1	99	4.23477	0	0
AT1G17545.1	540	341	0	0
AT4G36750.1	1263	1064	84	25.7974
AT1G24540.1	1809	1610	1	0.202961
AT5G36780.1	1731	1532	0	0
AT2G39440.1	1045	846	33	12.7462
AT2G39440.2	1200	1001	0	0
AT4G16680.2	3656	3457	0	0
AT4G16680.1	3118	2919	11.369	1.2727
AT1G47820.1	657	458	9.61121	6.85726
AT1G47820.2	629	430	6.38879	4.85499
AT2G29290.1	1361	1162	18.7627	5.27628
AT2G29290.2	1833	1634	69.2373	13.8461
AT1G28680.1	1535	1336	338	82.6701
AT1G28680.2	1185	986	0	0
AT4G33460.1	1398	1199	33	8.99359
AT5G56390.1	1287	1088	0	0
AT3G04460.1	1790	1591	53	10.8854
AT3G04460.2	1836	1637	0	0
AT1G02870.1	847	648	91	45.8886
AT2G22180.1	1399	1200	0	0
AT1G07330.1	2351	2152	0	0
AT1G07330.2	2924	2725	0	0
AT3G53550.1	771	572	0	0
AT5G60740.1	3843	3644	0	0
AT4G17680.1	1477	1278	61.8353	15.8104
AT4G17680.2	1556	1357	0.0179725	0.00432781
AT4G17680.3	1605	1406	12.1467	2.82301
AT1G62790.1	944	745	62.393	27.3664
AT1G62790.2	760	561	79.607	46.3689
AT5G41700.3	1011	812	3.96605	1.59603
AT5G41700.5	1102	903	3.99619	1.44609
AT5G41700.2	937	738	9.35319	4.14135
AT5G41700.4	803	604	268.022	145.001
AT5G41700.1	935	736	343.662	152.578
AT1G02730.1	3925	3726	348	30.5193
AT1G10455.1	459	260	0	0
AT5G56580.1	1444	1245	31	8.13637
AT1G14330.1	2264	2065	44	6.96259
AT3G05970.1	2478	2279	201	28.8197
AT5G45060.2	4393	4194	0	0
AT5G45060.1	4402	4203	160	12.4394
AT5G58050.1	2619	2420	1	0.135028
AT3G07750.1	1320	1121	43.7971	12.7667
AT3G07750.2	1471	1272	7.20291	1.85037
AT2G07638.1	750	551	0	0
AT1G65510.2	605	406	3.83019	3.08271
AT1G65510.1	499	300	0.169811	0.184963
AT1G78950.2	2729	2530	0	0
AT1G78950.1	2531	2332	20	2.80246
AT3G17280.2	1161	962	6	2.03805
AT3G17280.1	1559	1360	0	0
AT5G19910.2	1098	899	8.27173	3.0066
AT5G19910.1	1184	985	22.7283	7.53995
AT4G37445.1	562	363	4	3.60074
AT4G37445.2	581	382	0	0
AT4G14145.1	840	641	36	18.352
AT2G28200.1	1431	1232	41	10.8746
AT3G24600.1	1045	846	0	0
AT3G62600.1	1603	1404	206	47.9445
AT3G15870.1	1228	1029	0	0
AT3G02510.1	1613	1414	51	11.7858
AT3G02510.3	1715	1516	0	0
AT3G02510.2	1727	1528	0	0
AT5G10570.1	1307	1108	1	0.294916
AT1G58766.1	2003	1804	0	0
AT3G49760.1	895	696	17	7.98138
AT5G38300.1	1162	963	23	7.80441
AT5G63400.2	1073	874	72.1607	26.9791
AT5G63400.1	1185	986	589.839	195.477
AT4G27410.2	1787	1588	29.2629	6.02151
AT4G27410.1	891	692	3.12195	1.47421
AT4G27410.3	973	774	4.61515	1.94842
AT5G61710.1	948	749	0	0
AT2G23140.3	3451	3252	4.3831	0.440423
AT2G23140.2	3214	3015	64.3722	6.97669
AT2G23140.1	3050	2851	2.2064e-08	2.52886e-09
AT2G23140.5	3186	2987	21.2447	2.3241
AT2G23140.4	3281	3082	0	0
AT5G01390.4	2097	1898	5.62063	0.96767
AT5G01390.1	1491	1292	37.25	9.42111
AT5G01390.3	1053	854	0	0
AT5G01390.2	1170	971	5.12938	1.72617
AT2G39855.2	1048	849	0	0
AT2G39855.3	1137	938	0	0
AT2G39855.5	1310	1111	0	0
AT2G39855.1	1237	1038	0	0
AT2G39855.4	1216	1017	0	0
AT2G37500.1	1677	1478	133	29.4046
AT2G37500.2	1673	1474	0	0
AT4G13520.2	520	321	16.6984	16.9984
AT4G13520.1	654	455	154.302	110.815
AT2G20670.1	1463	1264	76	19.6474
AT5G25860.1	1347	1148	0	0
AT3G45240.2	1945	1746	74.8345	14.0054
AT3G45240.3	1886	1687	4.34901e-07	8.42392e-08
AT3G45240.1	2235	2036	56.1655	9.01427
AT1G03445.1	2727	2528	1	0.129259
AT1G03445.2	2523	2324	0	0
AT3G47200.1	1559	1360	11	2.64297
AT3G47200.2	1868	1669	0	0
AT3G20395.1	865	666	5	2.45321
AT3G15518.1	643	444	18	13.2473
AT1G26510.1	1194	995	0	0
AT1G28640.1	1238	1039	0	0
AT4G32630.6	2367	2168	0	0
AT4G32630.4	2460	2261	0	0
AT4G32630.5	2389	2190	0	0
AT4G32630.2	2463	2264	0	0
AT4G32630.3	2444	2245	0	0
AT4G32630.1	2409	2210	0	0
AT4G38290.1	465	266	0	0
AT1G72820.1	1861	1662	39	7.66782
AT1G72820.2	1682	1483	0	0
AT2G26070.1	1122	923	14.9035	5.27625
AT2G26070.2	1236	1037	9.09649	2.86638
AT5G16420.1	1630	1431	0	0
AT5G16420.3	2165	1966	8.19167	1.36153
AT5G16420.4	1925	1726	0.808334	0.153034
AT5G16420.2	2186	1987	0	0
ATMG01370.1	336	137	0	0
AT1G78170.1	1208	1009	115	37.243
AT5G55310.1	3197	2998	171	18.6382
AT4G11070.1	1178	979	0	0
AT4G11070.2	877	678	0	0
AT1G51340.3	2255	2056	0	0
AT1G51340.5	1968	1769	14.8655	2.74594
AT1G51340.1	1849	1650	47.1345	9.33454
AT1G51340.2	2614	2415	0	0
AT1G51340.4	1906	1707	0	0
AT4G25210.1	1606	1407	254.918	59.2031
AT3G21600.3	1627	1428	0	0
AT3G21600.1	1513	1314	53	13.1801
AT3G21600.2	1350	1151	0	0
AT3G52710.1	1434	1235	45	11.9065
AT5G25760.1	745	546	66.1699	39.601
AT5G25760.2	958	759	20.8695	8.9848
AT3G25550.1	540	341	0	0
AT1G54870.2	1297	1098	0	0
AT1G54870.1	1243	1044	0	0
AT1G48320.1	820	621	60	31.5717
AT3G08520.1	246	47.5399	145.686	1001.38
AT3G01513.1	868	669	2	0.976882
AT3G29637.1	518	319	0	0
AT3G29637.2	453	254	0	0
AT3G02030.1	2641	2442	22.3694	2.99328
AT3G02030.2	2117	1918	0	0
AT4G34910.1	2417	2218	119	17.5317
AT5G15270.3	1827	1628	33.4246	6.70889
AT5G15270.2	2929	2730	0	0
AT5G15270.1	2769	2570	84.5754	10.7535
AT1G09935.1	832	633	0	0
AT1G09935.2	869	670	0	0
AT3G02840.1	1289	1090	0	0
AT1G80380.7	1875	1676	11.0315	2.15079
AT1G80380.5	2451	2252	3.05194	0.44284
AT1G80380.4	1595	1396	42.5379	9.95702
AT1G80380.3	1778	1579	2.0208	0.418196
AT1G80380.1	1422	1223	0	0
AT1G80380.8	1856	1657	0	0
AT1G80380.6	1957	1758	0	0
AT1G80380.2	1721	1522	692.358	148.646
AT3G47500.1	1900	1701	374	71.8465
AT2G30340.1	1229	1030	25.419	8.06417
AT2G30340.2	1319	1120	8.581	2.50356
AT1G36150.1	771	572	0	0
AT2G07629.2	489	290	1.44849	1.63214
AT2G07629.1	568	369	0	0
AT4G19630.1	668	469	0	0
AT5G40820.1	9206	9007	0	0
AT5G40820.4	9211	9012	0	0
AT5G40820.2	9295	9096	18.0078	0.646916
AT5G40820.3	9292	9093	26.298	0.945049
AT2G43720.1	742	543	7	4.21247
AT2G43720.2	1013	814	0	0
AT1G72645.1	959	760	101	43.4256
AT3G07000.1	2111	1912	13.1046	2.23961
AT5G61690.2	3161	2962	0	0
AT5G61690.1	3148	2949	0	0
AT3G29630.1	1674	1475	11	2.43691
AT3G29630.2	1504	1305	0	0
AT3G04545.1	375	176	0	0
AT5G06190.1	495	296	2	2.20789
AT5G06190.2	526	327	1	0.999288
AT3G22490.1	998	799	0	0
AT5G28720.1	342	143	0	0
AT2G27810.2	2549	2350	0	0
AT2G27810.3	2678	2479	1.36697e-06	1.80187e-07
AT2G27810.1	2737	2538	184	23.69
AT2G27810.4	2773	2574	0	0
AT3G01830.1	1083	884	3.12759	1.1561
AT3G01830.2	620	421	0	0
AT1G51390.1	1298	1099	50	14.8666
AT3G60370.1	1170	971	4.11858	1.38601
AT3G60370.2	1180	981	87.8814	29.2729
AT5G39865.1	1886	1687	0	0
AT2G07628.1	300	101	0	0
AT5G05580.1	1759	1560	334.935	70.1575
AT5G05580.2	1781	1582	24.3952	5.03891
AT5G63950.2	3641	3442	0.000137386	1.30428e-05
AT5G63950.1	3743	3544	103	9.49689
AT5G55220.1	2042	1843	624	110.636
AT1G29290.1	1422	1223	4	1.06874
AT1G03810.1	432	233	0	0
AT1G79530.1	1919	1720	609.454	115.785
AT5G58330.2	1725	1526	227.956	48.8129
AT5G58330.1	1728	1529	784.044	167.56
AT5G58330.3	1629	1430	0.000190945	4.36325e-05
AT1G09480.1	1206	1007	5.19326	1.68519
AT1G09480.2	1206	1007	5.19326	1.68519
AT5G24740.3	11092	10893	66.4208	1.99248
AT5G24740.5	10639	10440	109.444	3.42555
AT5G24740.6	10124	9925	52.1331	1.71641
AT5G24740.4	10867	10668	0.000111379	3.41161e-06
AT5G24740.2	10981	10782	0.00189777	5.75153e-05
AT5G24740.1	10517	10318	5.05429e-07	1.60068e-08
AT3G47960.1	2247	2048	256	40.8459
AT2G42430.1	1237	1038	3	0.944414
AT3G24575.1	363	164	2.35656	4.6954
AT5G38470.1	1480	1281	269.094	68.6426
AT5G38470.2	1430	1231	147.906	39.2613
AT1G74070.1	1651	1452	153	34.4321
AT1G74070.2	1667	1468	0	0
AT4G14840.2	1789	1590	0	0
AT4G14840.1	1827	1628	1.13644	0.228102
AT4G14840.3	1718	1519	7.9396	1.70797
AT4G04260.3	602	403	0	0
AT4G04260.1	647	448	0	0
AT4G04260.2	914	715	0	0
AT3G56610.1	499	300	0	0
AT5G03630.1	1750	1551	479	100.916
AT3G62880.1	873	674	20.2253	9.80556
AT3G62880.2	896	697	7.77474	3.64495
AT5G02020.2	1356	1157	0	0
AT5G02020.1	1349	1150	6	1.70487
AT3G29400.1	2516	2317	61	8.60285
AT1G15570.1	2040	1841	98	17.3944
AT2G43261.2	871	672	0	0
AT2G43261.1	949	750	0	0
AT2G43261.4	885	686	0	0
AT2G43261.3	890	691	0	0
AT4G12750.1	3976	3777	46	3.97969
AT4G23355.1	1343	1144	0	0
AT1G80660.3	3387	3188	0	0
AT1G80660.2	3382	3183	0	0
AT1G80660.4	2827	2628	0	0
AT1G80660.1	3376	3177	0	0
AT4G00580.1	954	755	0	0
AT4G00580.2	1368	1169	0	0
AT1G22800.1	1617	1418	55	12.6743
AT1G07480.1	2046	1847	55.1777	9.76191
AT1G07480.3	1307	1108	35.1354	10.362
AT1G07480.2	2066	1867	0	0
AT1G29320.1	1617	1418	40.0264	9.22377
AT1G29320.2	1514	1315	33.9736	8.44217
AT5G01090.1	1597	1398	150	35.0608
AT5G17260.1	1833	1634	14	2.79972
AT3G20080.4	2003	1804	14.3109	2.59221
AT3G20080.2	3332	3133	37.072	3.86655
AT3G20080.5	2066	1867	0	0
AT3G20080.6	1848	1649	2.52127	0.499618
AT3G20080.3	3815	3616	0	0
AT3G20080.1	2298	2099	0	0
AT1G72500.1	2619	2420	207.144	27.9701
AT1G72500.2	2701	2502	0	0
AT1G72500.3	2657	2458	21.8563	2.90559
AT3G19650.1	1312	1113	53	15.5603
AT3G15300.1	1097	898	33	12.0081
AT3G16720.1	1575	1376	29	6.88681
AT5G50340.3	2533	2334	0	0
AT5G50340.2	2263	2064	72	11.3989
AT5G50340.1	2427	2228	0	0
AT2G27010.1	1565	1366	6.70373	1.60363
AT1G32920.1	1237	1038	49	15.4254
AT5G63110.1	1864	1665	125	24.5321
AT2G36580.1	2020	1821	722.87	129.715
AT1G30590.2	3241	3042	0	0
AT1G30590.1	2303	2104	0	0
AT1G30590.3	3184	2985	242	26.4917
AT4G11560.2	2116	1917	48.3222	8.23689
AT4G11560.1	2038	1839	89.6778	15.9346
AT4G00030.1	724	525	98	60.9965
AT3G19540.1	2190	1991	136	22.3206
AT1G60500.1	2152	1953	1.04957	0.175609
AT1G67170.2	1616	1417	0	0
AT1G67170.1	1634	1435	61	13.8904
AT5G09720.1	1317	1118	0.0120832	0.00353164
AT5G09720.2	1539	1340	5.98792	1.46019
AT1G45688.1	1613	1414	473.763	109.484
AT1G45688.2	1539	1340	86.2374	21.0295
AT1G34780.1	1579	1380	59.1429	14.0043
AT1G34780.2	1369	1170	25.8571	7.22159
AT2G39370.1	1413	1214	8	2.15333
AT1G52740.1	842	643	378	192.096
AT1G59720.1	2033	1834	25.908	4.61608
AT5G16860.1	2704	2505	17	2.21758
AT5G11960.1	1525	1326	95	23.4109
AT2G28160.1	1380	1181	105.987	29.3253
AT2G28160.2	1068	869	48.0128	18.0541
AT2G42180.1	1040	841	0	0
AT4G00585.1	739	540	241	145.835
AT5G56210.1	2182	1983	52	8.56878
AT4G17720.1	1402	1203	135	36.6696
AT3G11800.1	1085	886	153	56.4282
AT3G07930.2	1667	1468	10.6005	2.35961
AT3G07930.3	1758	1559	6.87024	1.44001
AT3G07930.1	1754	1555	0	0
AT3G07930.4	1414	1215	10.5292	2.83177
AT1G52415.1	566	367	0	0
ATMG00720.1	324	125	0	0
AT4G22340.2	1540	1341	14.4084	3.51095
AT4G22340.1	1802	1603	30.5916	6.23601
AT4G22340.3	1803	1604	0	0
AT4G12940.1	786	587	0	0
AT4G08290.1	1721	1522	69.4075	14.9015
AT4G08290.2	1610	1411	68.5925	15.885
AT3G10900.1	1227	1028	0	0
AT5G62800.2	945	746	0	0
AT5G62800.1	1076	877	0	0
AT5G44306.1	351	152	0	0
AT3G13070.1	2619	2420	290.411	39.2135
AT1G47670.1	2002	1803	110	19.9359
AT5G42970.1	1678	1479	143	31.5941
AT2G28650.1	1941	1742	9	1.68823
AT4G08900.1	1476	1277	66.0577	16.9033
AT3G15520.2	1671	1472	0	0
AT3G15520.4	1175	976	36.0731	12.0774
AT3G15520.3	1544	1345	102.587	24.9235
AT3G15520.1	1806	1607	153.34	31.1801
AT2G15980.1	1497	1298	13	3.27271
AT4G03580.1	687	488	0	0
AT1G75090.1	1343	1144	11.2801	3.22201
AT1G07025.1	501	302	0	0
AT1G16530.1	744	545	16	9.59316
AT1G05520.1	2944	2745	179	21.3083
AT1G21920.1	1923	1724	56.7501	10.7564
AT1G21920.2	1913	1714	42.2499	8.05477
AT2G14660.1	759	560	27	15.7548
AT4G26200.1	1693	1494	26	5.68671
AT5G46660.1	1211	1012	1	0.322892
AT4G34660.2	1595	1396	10.4104	2.43679
AT4G34660.3	1511	1312	13.2981	3.31203
AT4G34660.1	1712	1513	65.2915	14.1012
AT4G14695.3	793	594	0	0
AT4G14695.1	689	490	1.24145e-08	8.27889e-09
AT4G14695.2	681	482	2	1.35588
AT1G24660.1	67	3.42238	0	0
AT5G43050.1	1031	832	34	13.3535
AT2G12461.1	135	5.87326	0	0
AT4G21650.1	2536	2337	93	13.0036
AT1G79720.1	1681	1482	127	28.0023
AT5G17630.1	1629	1430	202	46.1587
AT3G01900.1	1880	1681	3	0.583166
AT4G34300.1	943	744	0	0
AT1G04778.1	848	649	5	2.51747
ATMG00560.1	1050	851	1.13483	0.435754
AT1G71090.1	2018	1819	105	18.8623
AT3G21640.1	1421	1222	53	14.1724
AT3G47450.2	1911	1712	105	20.0412
AT3G47450.1	1911	1712	0	0
AT1G63490.4	4788	4589	39.7684	2.83177
AT1G63490.2	4907	4708	37.7377	2.61925
AT1G63490.1	4068	3869	1.49389	0.126171
AT1G63490.3	5041	4842	0	0
AT2G27540.1	150	7.01018	0	0
AT3G25014.1	162	8.26769	0	0
AT2G30700.2	2065	1866	66.6499	11.6715
AT2G30700.1	2205	2006	102.35	16.6723
ATMG00030.1	324	125	4	10.4565
AT1G12570.1	2342	2143	6	0.914887
AT5G24314.2	655	456	115.958	83.0949
AT5G24314.1	798	599	134.042	73.1227
AT2G38570.2	962	763	0	0
AT2G38570.1	1298	1099	12	3.56798
AT5G54530.1	808	609	10	5.36563
AT3G25530.2	1065	866	262.275	98.9641
AT3G25530.1	1541	1342	16.5371	4.02666
AT3G25530.3	1326	1127	144.188	41.8064
AT5G28510.1	1937	1738	2	0.376027
AT2G33090.1	747	548	0	0
AT1G52330.1	894	695	13	6.11219
AT1G52330.2	1160	961	0	0
AT4G01920.1	2463	2264	16.4408	2.37292
AT5G21130.1	1023	824	1	0.396562
AT2G18245.1	1842	1643	31	6.16542
AT2G40230.1	1744	1545	31	6.55649
AT4G00895.1	856	657	200	99.4725
AT1G58400.3	2922	2723	12.9791	1.55753
AT1G58400.1	2881	2682	0	0
AT1G58400.2	3194	2995	11.011	1.20135
AT3G30775.1	2086	1887	181	31.3433
AT3G30775.2	2174	1975	0	0
AT3G13062.2	1716	1517	0	0
AT3G13062.1	1976	1777	36.5638	6.7236
AT3G13062.3	1733	1534	40.4362	8.61358
AT5G41330.2	1452	1253	0	0
AT5G41330.1	2533	2334	51.2255	7.17173
AT2G06645.1	1264	1065	0	0
AT1G15080.1	1352	1153	15	4.25109
AT1G60040.1	956	757	0	0
AT5G39450.1	2341	2142	35	5.33933
AT5G01500.1	1616	1417	77	17.7566
AT1G29950.2	2165	1966	51.1253	8.4975
AT1G29950.1	2131	1932	218.875	37.0192
AT3G54150.1	1399	1200	10.4348	2.84145
AT3G54150.2	939	740	1.56522	0.691164
AT5G43150.1	741	542	128	77.1701
AT3G55880.2	1284	1085	20.1929	6.08146
AT3G55880.1	1455	1256	0.0108629	0.00282614
AT3G55880.3	1464	1265	5.49526	1.4195
AT3G55880.4	1955	1756	2.30095	0.428174
AT2G04305.1	1899	1700	72	13.8395
AT1G44970.1	1493	1294	18	4.54545
AT5G39380.4	2379	2180	7.15113	1.07191
AT5G39380.3	2624	2425	0	0
AT5G39380.5	2063	1864	14.2025	2.48976
AT5G39380.2	2707	2508	7.64634	0.996241
AT5G39380.1	2441	2242	0	0
AT4G01840.1	1757	1558	18	3.77523
AT4G23420.4	1377	1178	0	0
AT4G23420.1	1788	1589	0	0
AT4G23420.3	1672	1473	11.7187	2.59965
AT4G23420.5	1746	1547	4.75424	1.00422
AT4G23420.2	1583	1384	0	0
AT3G26650.1	1752	1553	8702	1830.99
AT5G14360.1	848	649	1	0.503493
AT1G53633.1	451	252	1	1.29669
AT1G68690.4	3140	2941	39.9253	4.436
AT1G68690.1	3353	3154	9.41382e-05	9.7531e-06
AT1G68690.3	3028	2829	22.0746	2.54975
AT1G68690.2	3452	3253	0	0
AT2G02760.1	1504	1305	48.6713	12.1871
AT2G02760.2	1759	1560	0	0
AT2G02760.4	1075	876	125.329	46.7503
AT2G02760.3	1154	955	0	0
AT1G25220.1	1322	1123	130.563	37.9909
AT1G25220.2	1536	1337	0	0
AT3G45130.2	2447	2248	2	0.290718
AT3G45130.4	2669	2470	0	0
AT3G45130.1	2592	2393	0	0
AT3G45130.5	2492	2293	0	0
AT3G45130.3	2354	2155	0	0
AT5G54900.1	1476	1277	266	68.0658
AT4G12430.1	1766	1567	27	5.63032
AT5G41160.1	1156	957	0	0
AT4G36870.2	2833	2634	59.191	7.34308
AT4G36870.4	2293	2094	4.71291	0.735445
AT4G36870.1	2655	2456	22.5158	2.9957
AT4G36870.3	2979	2780	8.58025	1.00854
AT1G56090.2	1530	1331	0	0
AT1G56090.1	1433	1234	23	6.09047
AT1G14790.1	4045	3846	42	3.56844
AT1G80133.1	598	399	0	0
AT1G62870.1	2886	2687	47	5.71569
AT3G01890.1	2003	1804	20	3.6227
AT3G29240.1	1233	1034	236.531	74.7492
AT3G29240.2	1647	1448	45.4686	10.2608
AT1G02610.1	1126	927	2	0.704999
AT1G02610.3	831	632	0	0
AT1G02610.2	1259	1060	0	0
AT4G11410.2	1679	1480	27.5925	6.0921
AT4G11410.1	1417	1218	64.4075	17.2794
AT3G14710.1	1402	1203	1	0.271627
AT4G30890.1	2368	2169	0	0
AT4G30890.2	2611	2412	118.139	16.0049
AT4G30890.3	2366	2167	193.861	29.2328
AT5G47080.4	1552	1353	0	0
AT5G47080.1	1567	1368	97	23.1699
AT5G47080.3	1595	1396	0	0
AT5G47080.2	1562	1363	0	0
AT2G40700.1	2235	2036	118	18.9384
AT1G07150.2	1586	1387	19	4.47626
AT1G07150.1	1718	1519	0	0
AT5G09800.1	1643	1444	23	5.20474
AT1G35880.1	716	517	0	0
AT1G80320.1	963	764	8	3.42165
AT2G16900.5	1932	1733	0	0
AT2G16900.6	2252	2053	0	0
AT2G16900.3	1964	1765	5.38253	0.996506
AT2G16900.4	2030	1831	0	0
AT2G16900.2	1255	1056	38.1064	11.7916
AT2G16900.7	1990	1791	2.64721	0.482982
AT2G16900.1	1860	1661	53.8639	10.5966
AT4G13950.1	752	553	19	11.2271
AT1G73810.1	1510	1311	3	0.747751
AT4G38920.2	1551	1352	10.7834	2.60625
AT4G38920.1	1260	1061	760.217	234.132
AT3G42550.1	1293	1094	0	0
AT1G73720.1	1913	1714	96	18.302
AT4G28220.2	2386	2187	0	0
AT4G28220.1	2764	2565	140	17.8352
AT5G09290.1	1301	1102	10	2.96522
AT4G39890.1	1082	883	17	6.2911
ATMG01250.1	369	170	0	0
AT1G51290.1	1134	935	0	0
AT4G09780.2	1251	1052	1	0.310615
AT4G09780.1	1284	1085	0	0
AT5G04630.1	1716	1517	0	0
AT4G04720.2	2189	1990	88.8393	14.5878
AT4G04720.1	2077	1878	66.1607	11.5118
AT2G28020.1	359	160	0	0
AT1G79970.3	1197	998	0	0
AT1G79970.2	1427	1228	8.04489	2.14072
AT1G79970.1	1330	1131	121.955	35.2351
AT4G22217.1	443	244	2	2.67842
AT1G28480.1	823	624	2	1.04733
AT1G31690.1	2338	2139	24	3.66639
AT1G07680.1	702	503	0	0
AT1G15340.2	1432	1233	125.662	33.3028
AT1G15340.1	1829	1630	168.338	33.7467
AT2G33780.1	838	639	0	0
AT3G11370.1	2008	1809	5	0.903171
ATMG00890.1	321	122	0	0
AT3G55780.1	1447	1248	0	0
AT5G22960.1	573	374	0	0
AT3G55840.1	1872	1673	6.98957	1.36519
AT3G07610.3	3266	3067	54.9633	5.85595
AT3G07610.2	3398	3199	7.81288	0.798059
AT3G07610.1	3585	3386	73.2238	7.06649
AT5G63280.1	1207	1008	35	11.3461
AT2G01370.1	1012	813	0	0
ATCG00670.1	591	392	22	18.339
AT3G10020.2	609	410	11.5787	9.22817
AT3G10020.1	1117	918	5.42126	1.92973
AT3G28875.1	504	305	0	0
AT5G47200.1	1154	955	396	135.497
AT3G55000.1	1236	1037	88.6142	27.923
AT1G51190.1	2244	2045	13	2.07725
AT5G55893.1	1326	1127	0	0
AT5G55893.3	1093	894	0	0
AT5G55893.2	1249	1050	0	0
AT4G29273.1	278	79.0036	0	0
AT5G49830.2	3035	2836	0	0
AT5G49830.1	2966	2767	115.259	13.6115
AT5G49830.3	2942	2743	93.7409	11.1671
AT2G01590.1	1188	989	84.8647	28.0394
AT2G01590.2	885	686	60.1353	28.6447
AT1G18360.1	1673	1474	119	26.3808
AT1G72410.2	4137	3938	0	0
AT1G72410.1	4191	3992	171	13.9973
AT1G01140.3	1700	1501	2.31308e-08	5.03556e-09
AT1G01140.1	1838	1639	92.3479	18.4114
AT1G01140.2	1694	1495	44.6521	9.75976
AT3G19560.1	1267	1068	0	0
AT5G66780.2	769	570	0	0
AT5G66780.1	733	534	2	1.22385
AT5G40030.1	1880	1681	17	3.30461
AT3G58060.2	1238	1039	12.6194	3.96881
AT3G58060.1	1527	1328	18.3806	4.52273
AT1G78640.1	819	620	0	0
AT3G21351.1	596	397	19	15.6387
AT3G13150.1	2016	1817	51	9.17178
AT5G65225.1	967	768	1	0.425478
AT5G46950.1	650	451	0	0
AT2G17540.1	1330	1131	24.3226	7.02725
AT2G17540.2	1355	1156	0	0
AT2G17540.3	1237	1038	50.6774	15.9535
AT2G17540.4	1053	854	0	0
AT1G54790.1	1287	1088	7.4477	2.23682
AT1G54790.3	1526	1327	5.5523	1.36723
AT1G54790.2	1328	1129	0	0
AT5G66260.1	473	274	0	0
AT4G17970.1	2101	1902	25	4.29505
AT5G27490.1	1234	1035	28.3562	8.95253
AT2G21950.1	1472	1273	79	20.2786
AT1G70520.1	2403	2204	45	6.67174
AT1G17285.2	806	607	0	0
AT1G17285.1	622	423	4	3.09
AT1G60490.1	2864	2665	137	16.7982
AT5G47650.5	908	709	0	0
AT5G47650.3	1029	830	0	0
AT5G47650.2	1348	1149	6.16086	1.7521
AT5G47650.4	975	776	10.9676	4.61837
AT5G47650.1	1278	1079	44.8715	13.589
AT1G32180.1	3065	2866	0	0
AT1G32180.2	3193	2994	0	0
AT3G11530.3	1784	1585	12.8756	2.65447
AT3G11530.1	746	547	39.1244	23.3721
AT3G11530.2	1159	960	0	0
AT5G44760.1	1437	1238	0	0
AT2G36620.1	969	770	861	365.385
AT4G23390.1	1339	1140	0	0
AT4G28830.2	991	792	8.08211	3.33456
AT4G28830.4	938	739	0	0
AT4G28830.3	864	665	28.9179	14.2096
AT4G28830.1	1094	895	0	0
AT1G31800.1	2070	1871	326	56.9354
AT4G17870.1	1289	1090	143	42.8694
AT2G26240.1	874	675	104	50.3463
AT1G72420.5	1041	842	7.19133	2.79084
AT1G72420.1	1166	967	6.65487e-05	2.2488e-05
AT1G72420.3	1471	1272	0	0
AT1G72420.6	989	790	7.46054	3.0859
AT1G72420.4	1700	1501	0	0
AT1G72420.2	1609	1410	8.34807	1.93466
AT3G46510.1	2716	2517	236	30.6385
AT5G55170.2	772	573	6.2967	3.59085
AT5G55170.1	681	482	1.7033	1.15473
AT5G55170.3	637	438	0	0
AT5G20330.1	1602	1403	0	0
AT1G77680.1	3963	3764	205	17.7968
AT1G68650.1	1008	809	19	7.67438
AT2G29605.1	1206	1007	0	0
AT2G22750.4	1346	1147	0	0
AT2G22750.5	1033	834	0	0
AT2G22750.2	1094	895	0	0
AT2G22750.3	1380	1181	0	0
AT2G22750.1	1220	1021	0	0
AT1G31990.1	1317	1118	1	0.292278
AT4G03130.2	2429	2230	0	0
AT4G03130.4	2177	1978	1	0.165201
AT4G03130.3	2274	2075	0	0
AT4G03130.1	2301	2102	0	0
AT2G43760.1	1478	1279	26.2469	6.70574
AT2G43760.2	1185	986	20.4962	6.79259
AT2G43760.3	1090	891	69.2568	25.3994
AT3G07670.1	2067	1868	176.661	30.9031
AT3G07670.2	2114	1915	17.3392	2.95868
AT5G45810.1	1915	1716	9	1.71381
AT3G47550.3	1409	1210	58	15.6632
AT3G47550.2	1505	1306	0	0
AT3G47550.6	1472	1273	0	0
AT3G47550.1	1430	1231	0	0
AT5G01380.1	1296	1097	0	0
AT3G03320.1	1067	868	44	16.5642
AT1G05540.1	1401	1202	0.000424054	0.00011528
AT1G05540.2	1472	1273	15.9996	4.10694
AT2G15660.1	1335	1136	0	0
AT2G45500.4	1438	1239	0	0
AT2G45500.1	2234	2035	0	0
AT2G45500.5	1696	1497	24.616	5.37321
AT2G45500.3	2353	2154	0	0
AT2G45500.2	2222	2023	15.384	2.48492
AT1G61470.1	1211	1012	3	0.968677
ATMG00920.1	648	449	0	0
AT1G34795.1	488	289	0	0
AT5G09700.1	1656	1457	0	0
AT2G27280.1	1284	1085	0	0
AT3G18650.1	1161	962	0	0
AT5G46080.1	1497	1298	13	3.27271
AT5G55920.1	2477	2278	255	36.5784
AT2G23950.1	2741	2542	95.9045	12.3283
AT2G23950.2	2734	2535	55.0955	7.10193
AT5G25930.1	3403	3204	44	4.48744
AT1G10610.1	1857	1658	16.6982	3.29096
AT1G10610.3	1369	1170	11.3018	3.15647
AT1G10610.2	1587	1388	0	0
AT5G47480.2	4954	4755	15.8827	1.09147
AT5G47480.1	4739	4540	322.813	23.2345
AT3G01600.1	1725	1526	10	2.14133
AT3G04690.1	3807	3608	27	2.44532
AT3G03930.1	992	793	0	0
AT4G04402.1	504	305	0	0
AT5G19810.1	1150	951	2	0.687207
AT4G24250.2	1875	1676	0	0
AT4G24250.1	1792	1593	14	2.87178
AT5G17930.1	2689	2490	121	15.879
AT5G67490.1	800	601	104	56.5454
AT2G31570.1	895	696	349	163.853
AT3G02060.1	2917	2718	172	20.6784
AT3G02060.2	2888	2689	0	0
AT3G02060.3	2940	2741	0	0
AT1G04380.1	1528	1329	0	0
AT1G04380.2	1872	1673	1	0.195318
AT3G59690.2	2490	2291	0	0
AT3G59690.1	2203	2004	64	10.4357
AT3G15670.1	1020	821	3	1.19403
AT2G17620.1	1660	1461	15	3.3549
AT5G52760.2	900	701	0	0
AT5G52760.1	747	548	0	0
AT5G43755.1	531	332	0	0
AT3G28130.5	1604	1405	23.9967	5.58102
AT3G28130.1	1535	1336	0.000103295	2.52645e-05
AT3G28130.2	1613	1414	7.10274e-06	1.6414e-06
AT3G28130.4	1638	1439	0	0
AT3G28130.3	1713	1514	0	0
AT3G28130.6	1582	1383	27.0032	6.38016
AT5G36120.1	846	647	71	35.8585
AT3G47460.2	4017	3818	2.63375e-07	2.25412e-08
AT3G47460.1	3954	3755	52	4.52514
AT1G58440.1	1982	1783	169	30.9723
AT2G46190.1	663	464	0	0
AT3G10240.1	1170	971	0	0
AT5G16940.2	534	335	0	0
AT5G16940.1	745	546	14.951	8.94782
AT2G21710.1	2165	1966	0	0
AT2G21710.2	2237	2038	20.9999	3.36707
AT2G21710.3	2059	1860	6.65813e-05	1.16971e-05
AT5G60265.1	495	296	0	0
AT5G49305.5	1851	1652	0	0
AT5G49305.3	1900	1701	0	0
AT5G49305.4	1855	1656	0	0
AT5G49305.1	1810	1611	0	0
AT5G49305.2	1940	1741	0	0
AT4G18100.1	821	622	1350	709.221
AT3G27520.1	1128	929	18	6.33133
AT4G20410.1	1272	1073	100	30.4536
AT4G20410.2	1378	1179	0	0
AT5G11890.1	1652	1453	119	26.7621
AT4G32420.1	2907	2708	0	0
AT4G32420.5	2801	2602	0.60274	0.0756939
AT4G32420.4	2735	2536	150.018	19.33
AT4G32420.2	2828	2629	25.998	3.23138
AT4G32420.3	2886	2687	148.075	18.0075
AT4G32420.6	3019	2820	14.3064	1.65775
AT1G07280.3	2154	1955	15.577	2.60361
AT1G07280.1	2414	2215	44.4288	6.55435
AT1G07280.4	2735	2536	12.7409	1.64169
AT1G07280.2	2022	1823	124.253	22.272
AT3G56370.1	3515	3316	684	67.4031
AT2G16365.5	1914	1715	30.3641	5.78542
AT2G16365.1	2805	2606	0	0
AT2G16365.2	1767	1568	112.567	23.4588
AT2G16365.4	2557	2358	8.06842	1.11811
AT2G16365.3	2898	2699	0	0
AT2G16365.6	1656	1457	0	0
AT1G60720.1	1082	883	0	0
AT5G12460.1	1326	1127	0	0
AT2G35343.1	225	29.9375	0	0
AT3G13784.4	1719	1520	0	0
AT3G13784.1	1904	1705	0	0
AT3G13784.3	1744	1545	5.45551	1.15384
AT3G13784.2	1930	1731	0	0
AT3G16010.1	3129	2930	33.8285	3.77271
AT4G21340.1	1208	1009	4	1.29541
AT3G55650.1	1533	1334	0	0
AT5G59900.1	2805	2606	20	2.50781
AT1G06150.1	2980	2781	257	30.1975
AT1G06150.2	2986	2787	0	0
AT5G16080.1	1540	1341	13	3.16776
AT2G31990.2	1817	1618	0	0
AT2G31990.3	1748	1549	8	1.68763
AT2G31990.1	1611	1412	0	0
AT5G10690.1	2063	1864	141.341	24.7776
AT5G10690.2	2415	2216	5.65936	0.834518
AT4G08520.1	1091	892	261.851	95.9243
AT1G12770.2	2539	2340	12.2525	1.71099
AT1G12770.1	2226	2027	205.748	33.168
AT3G14350.2	2812	2613	42.0766	5.26186
AT3G14350.1	2756	2557	333.598	42.6315
AT3G14350.3	2596	2397	0.00121149	0.000165155
AT1G13630.6	2647	2448	10.7297	1.43224
AT1G13630.4	3239	3040	10.2703	1.10394
AT1G13630.1	2421	2222	0	0
AT1G13630.3	3364	3165	0	0
AT1G13630.2	2481	2282	0	0
AT1G13630.5	3162	2963	0	0
AT1G73100.1	2424	2225	100	14.6862
AT3G46616.3	208	19.9697	0	0
AT3G46616.1	504	305	0	0
AT3G46616.2	625	426	0	0
AT1G08780.1	724	525	64	39.8345
AT5G37810.1	1175	976	0	0
AT3G43180.1	576	377	0	0
AT1G48440.1	801	602	157	85.22
AT1G77370.2	772	573	0	0
AT1G77370.1	720	521	60	37.6315
AT1G15100.1	931	732	147	65.6213
AT3G24590.1	1350	1151	0	0
AT3G24590.2	1119	920	123	43.6873
AT5G01170.1	2126	1927	84	14.2441
AT4G31100.1	2918	2719	7.31732	0.87939
AT1G78590.1	1740	1541	24.0781	5.10574
AT1G78590.2	1292	1093	10.9219	3.26524
AT1G53580.2	1236	1037	27.9844	8.8181
AT1G53580.1	1364	1165	91.0156	25.5287
AT4G02360.1	717	518	2	1.26165
AT5G07310.1	1102	903	0	0
AT2G17055.1	777	578	0	0
AT4G19540.1	1642	1443	35.0649	7.94043
AT1G49920.2	2638	2439	6.99021	0.936519
AT1G49920.1	2652	2453	0.00979155	0.00130434
AT1G55865.1	780	581	1	0.562422
AT2G27180.1	1099	900	4	1.4523
AT3G07180.1	2082	1883	124.865	21.6684
AT3G07180.2	1621	1422	7.27418	1.67156
AT3G07180.3	1970	1771	20.8612	3.8491
AT5G59340.1	1276	1077	2	0.60681
AT3G26460.1	880	681	7.69739	3.69347
AT2G19080.1	1458	1259	102.871	26.6997
AT2G19080.2	1401	1202	0.128815	0.0350186
AT2G44920.2	1108	909	166.692	59.9223
AT2G44920.1	1160	961	15.3083	5.20525
AT3G08610.1	653	454	435	313.092
AT1G11655.1	633	434	2	1.50584
AT3G25970.1	2238	2039	6	0.961551
AT3G22260.4	1588	1389	0	0
AT3G22260.3	1165	966	11.7663	3.98016
AT3G22260.6	1182	983	0	0
AT3G22260.5	1145	946	15.2337	5.26203
AT3G22260.2	1269	1070	0	0
AT3G22260.1	1254	1055	0	0
AT5G07200.1	1607	1408	0	0
AT3G01650.2	2558	2359	9.72784	1.34749
AT3G01650.1	2073	1874	42.2722	7.37095
AT5G40850.1	2576	2377	34.7234	4.77343
AT5G40850.2	1750	1551	316.909	66.7668
AT5G40850.3	1886	1687	190.368	36.8738
AT4G20930.1	1490	1291	11.337	2.86952
AT4G20930.2	1401	1202	8.66303	2.35507
AT1G02660.1	2842	2643	12	1.48362
AT3G04260.1	3082	2883	332	37.6298
AT1G26190.6	2518	2319	0	0
AT1G26190.1	2490	2291	39.7114	5.66407
AT1G26190.4	2432	2233	0	0
AT1G26190.3	2548	2349	0	0
AT1G26190.5	2351	2152	19.2013	2.91559
AT1G26190.2	2573	2374	10.0873	1.38846
AT2G39990.1	1553	1354	382	92.1898
AT3G15580.1	992	793	62	25.548
AT3G19580.1	1394	1195	0	0
AT3G19580.2	1018	819	6	2.3939
AT3G61850.5	1762	1563	0	0
AT3G61850.1	1576	1377	0	0
AT3G61850.2	2130	1931	2.82347	0.477793
AT3G61850.4	1784	1585	32.8342	6.76917
AT3G61850.3	1401	1202	13.2825	3.61088
AT4G15440.1	1870	1671	25	4.8888
AT4G27240.1	2590	2391	23.7202	3.24174
AT4G27240.2	1582	1383	42.2798	9.98961
AT5G15210.1	1743	1544	64	13.5448
AT2G39620.1	2655	2456	2	0.266097
AT5G46470.1	4997	4798	177	12.0546
AT3G48210.1	1421	1222	40	10.6961
AT3G12520.2	2176	1977	16.4542	2.71962
AT3G12520.3	1777	1578	0	0
AT3G12520.1	2438	2239	8.5458	1.2472
AT4G26310.1	1743	1544	9.04688	1.91465
AT4G26310.2	1231	1032	53.9531	17.0834
AT5G61000.1	2307	2108	117	18.1365
AT2G24870.1	300	101	0	0
AT1G11980.1	237	39.4185	0	0
AT3G27980.1	1494	1295	4	1.00932
AT4G16610.1	1086	887	6	2.21038
ATMG00580.1	1488	1289	5	1.26752
AT4G27060.1	3070	2871	141	16.0481
AT3G49880.1	2321	2122	75.6992	11.6569
AT5G09220.1	1926	1727	928	175.588
AT5G48575.1	806	607	0	0
AT2G14282.1	329	130	0	0
AT1G04990.3	2181	1982	0	0
AT1G04990.1	1921	1722	0	0
AT1G04990.6	1648	1449	41.3876	9.33341
AT1G04990.2	1715	1516	0	0
AT1G04990.5	1815	1616	1.8803	0.38021
AT1G04990.4	2075	1876	5.73209	0.998432
AT4G10305.1	411	212	0	0
AT5G14105.1	686	487	36	24.1553
AT3G59820.3	2958	2759	0	0
AT3G59820.4	2951	2752	0	0
AT3G59820.2	2696	2497	6.84877e-07	8.96256e-08
AT3G59820.1	2807	2608	88	11.0259
AT3G03720.1	2419	2220	144	21.1957
AT1G27135.1	267	68.0268	0	0
AT1G20890.1	1061	862	17.038	6.45877
AT1G20890.2	1149	950	3.96199	1.36279
AT2G10602.1	468	269	0	0
AT4G19975.1	1219	1020	14	4.48504
AT5G08470.2	3949	3750	13.8849	1.2099
AT5G08470.3	3691	3492	0	0
AT5G08470.1	3741	3542	114.115	10.5277
AT5G08470.4	2763	2564	0	0
AT1G76750.1	682	483	0	0
AT1G01860.1	1373	1174	45.2944	12.6071
AT1G01860.2	1177	978	0	0
AT1G01860.4	1076	877	2.50413e-07	9.33029e-08
AT1G01860.5	753	554	1.62599	0.959063
AT1G01860.3	1163	964	0	0
AT5G52070.2	1898	1699	0	0
AT5G52070.4	1315	1116	6.47341	1.89543
AT5G52070.6	2456	2257	0	0
AT5G52070.1	1820	1621	0	0
AT5G52070.5	2657	2458	8.44805	1.12309
AT5G52070.3	1750	1551	12.0785	2.54473
AT1G61580.1	1486	1287	192	48.7485
AT2G47270.1	899	700	5	2.33405
AT5G07240.2	1344	1145	87.4549	24.9584
AT5G07240.1	1564	1365	140.545	33.6451
AT1G09995.4	860	661	1.956	0.966956
AT1G09995.3	958	759	0	0
AT1G09995.1	762	563	12.5349	7.27532
AT1G09995.2	1068	869	3.50905	1.3195
AT1G09995.5	727	528	0	0
AT1G25340.3	1075	876	0	0
AT1G25340.1	1192	993	0	0
AT1G25340.2	886	687	0	0
AT4G29130.1	2128	1929	367	62.1688
AT5G28295.1	396	197	0	0
AT2G45990.2	1232	1033	0	0
AT2G45990.4	1133	934	7.4049	2.59066
AT2G45990.1	1079	880	219.595	81.5414
AT2G45990.3	1064	865	0	0
AT2G19770.1	961	762	0	0
AT5G45300.3	2373	2174	75.0375	11.2787
AT5G45300.2	2271	2072	0.0207929	0.00327917
AT5G45300.1	2286	2087	9.9417	1.5566
AT4G26965.2	1000	801	12.3125	5.02287
AT4G26965.1	1192	993	20.6875	6.80765
AT5G52850.1	2682	2483	13	1.71082
AT5G35320.1	1187	988	64	21.1671
AT5G67340.1	2818	2619	8.90816	1.11145
AT5G67340.2	2524	2325	27.0918	3.80762
AT2G23100.1	2705	2506	21	2.73827
AT3G56880.1	1463	1264	193	49.894
AT5G48335.1	796	597	60	32.8409
AT3G59660.2	2301	2102	56.7482	8.82181
AT3G59660.1	2265	2066	54.2518	8.58069
AT1G20990.1	1382	1183	4	1.10488
AT5G57640.1	1186	987	1	0.331071
AT5G39140.1	459	260	0	0
AT1G10170.1	4208	4009	176.641	14.3977
AT1G10170.3	3974	3775	33.4616	2.89646
AT1G10170.2	4052	3853	8.89743	0.754577
AT1G10170.4	4031	3832	0.000311884	2.65954e-05
AT3G23420.1	858	659	0	0
AT3G23420.2	807	608	0	0
AT2G39190.2	2969	2770	287.792	33.9498
AT2G39190.1	2815	2616	154.208	19.2622
AT4G26460.2	460	261	0	0
AT4G26460.1	405	206	0	0
AT5G47120.1	1303	1104	240	71.0363
AT1G21830.1	1307	1108	33	9.73223
AT1G34470.1	1795	1596	51	10.4418
AT5G48240.2	1236	1037	8.07901	2.54576
AT5G48240.1	1251	1052	92.921	28.8627
AT5G48240.3	1251	1052	0	0
AT1G19440.1	2185	1986	198	32.578
AT3G18990.2	1927	1728	0	0
AT3G18990.1	1825	1626	98	19.6945
AT5G51900.1	729	530	0	0
AT4G39380.2	2048	1849	14.5659	2.57419
AT4G39380.4	2882	2683	6.43405	0.783614
AT4G39380.3	3033	2834	0	0
AT4G39380.1	2320	2121	0	0
AT2G03410.1	2412	2213	11.6289	1.7171
AT1G25560.1	1759	1560	224	46.9204
AT3G09370.2	1982	1783	0.00127197	0.000233111
AT3G09370.3	2249	2050	7.26953	1.15875
AT3G09370.1	1967	1768	20.7292	3.83123
AT3G01960.1	1402	1203	12.6336	3.43163
AT2G44580.2	1498	1299	5.49057	1.38117
AT2G44580.1	1604	1405	26.5094	6.16542
AT1G71692.1	1182	983	23	7.64562
AT1G60760.1	800	601	0	0
AT1G11970.1	300	101	0	0
AT2G33590.1	1591	1392	170.297	39.9765
AT5G45250.1	3957	3758	84	7.304
AT5G05600.1	1480	1281	24	6.1221
AT5G05600.2	2357	2158	0	0
AT2G13690.1	1989	1790	24	4.38124
AT4G28180.1	922	723	21	9.49116
AT3G28830.1	2107	1908	1	0.171262
AT4G17390.1	1033	834	1684	659.803
AT5G35640.1	614	415	0	0
AT2G14870.1	306	107	0	0
AT4G23940.1	3030	2831	263	30.3567
AT3G22990.1	1662	1463	108	24.1222
AT3G45310.2	1442	1243	73.5	19.3221
AT3G45310.1	1668	1469	45.5	10.1211
AT3G23480.3	1669	1470	0	0
AT3G23480.1	1792	1593	0	0
AT3G23480.2	1600	1401	0	0
AT1G10715.1	261	62.0706	0	0
AT1G56220.1	769	570	27.4933	15.7613
AT1G56220.5	1406	1207	0	0
AT1G56220.3	1173	974	0	0
AT1G56220.2	762	563	58.48	33.942
AT1G56220.4	1873	1674	29.0267	5.66605
AT4G04580.1	558	359	0	0
AT1G59675.1	495	296	0	0
AT1G66840.2	2441	2242	42.2273	6.15455
AT1G66840.1	2363	2164	76.7727	11.5928
AT5G64440.1	2383	2184	180	26.9314
AT2G31070.1	2050	1851	192	33.8948
AT4G24530.1	2216	2017	42	6.80427
AT2G26860.1	1677	1478	40	8.84349
AT2G26860.2	1700	1501	0	0
AT4G01460.1	1543	1344	12.2087	2.9683
AT4G01460.2	1888	1689	9.7913	1.8943
AT1G31790.1	1329	1130	4	1.1567
AT1G01355.1	799	600	0	0
AT1G01355.2	783	584	0	0
AT1G01355.3	758	559	0	0
AT1G35150.1	1380	1181	0	0
AT4G28470.1	3252	3053	338	36.1766
AT5G45020.1	1797	1598	15.4528	3.15987
AT5G45020.2	1543	1344	10.269	2.4967
AT1G64107.1	447	248	0	0
AT1G60983.1	270	71.016	0	0
AT1G22510.2	1036	837	0	0
AT1G22510.1	895	696	20	9.38986
AT5G03190.1	2009	1810	39.7802	7.18169
AT5G03190.2	1827	1628	42.2198	8.47422
AT2G39000.2	1024	825	24.3917	9.66108
AT2G39000.4	1402	1203	10.2653	2.78834
AT2G39000.1	1426	1227	6.6168	1.76215
AT2G39000.3	913	714	15.7262	7.19721
AT3G28840.1	1575	1376	4	0.949904
AT1G30720.1	2051	1852	59.3587	10.4733
AT1G61010.3	2492	2293	87.21	12.428
AT1G61010.1	2792	2593	77.79	9.80301
AT1G61010.2	2532	2333	2.08114e-07	2.91491e-08
AT1G61010.5	2577	2378	0	0
AT1G61010.4	2837	2638	2.05472e-07	2.54517e-08
AT2G34720.2	1486	1287	19.9105	5.05524
AT2G34720.1	1101	902	120.804	43.7637
AT2G34720.3	962	763	11.2853	4.83313
AT5G28885.1	555	356	0	0
AT3G48640.2	1160	961	0	0
AT3G48640.1	1027	828	0	0
AT3G48640.3	675	476	1	0.686486
AT3G55080.4	1550	1351	0	0
AT3G55080.2	1480	1281	4.55942e-06	1.16305e-06
AT3G55080.3	1644	1445	0	0
AT3G55080.5	1490	1291	10.5221	2.66326
AT3G55080.1	1739	1540	49.4779	10.4985
AT2G40500.1	888	689	0	0
AT1G59833.1	255	56.1701	0	0
AT1G61920.1	586	387	0	0
AT5G16120.4	1590	1391	32.2647	7.57947
AT5G16120.3	1382	1183	20.7244	5.72447
AT5G16120.1	1823	1624	8.01088	1.61188
AT5G16120.2	1475	1276	0	0
AT5G44065.1	290	91.0003	0	0
AT5G23115.1	29	2.82093	0	0
AT3G13170.1	1268	1069	5	1.52838
AT3G13170.2	1414	1215	0	0
AT3G13170.3	865	666	0	0
AT4G27610.7	2341	2142	10.2	1.55604
AT4G27610.2	1713	1514	41.8932	9.04183
AT4G27610.6	1921	1722	5.90643	1.12081
AT4G27610.3	2423	2224	0	0
AT4G27610.4	2044	1845	0	0
AT4G27610.9	1812	1613	0.000244521	4.95359e-05
AT4G27610.1	1792	1593	0	0
AT4G27610.5	1938	1739	7.47237e-05	1.4041e-05
AT4G27610.8	2276	2077	0	0
AT4G12870.1	870	671	36	17.5315
AT2G42540.4	908	709	9.66439	4.45417
AT2G42540.3	588	389	0	0
AT2G42540.1	657	458	26.8765	19.1754
AT2G42540.2	1544	1345	8.45912	2.05514
AT5G44960.1	1251	1052	0	0
AT4G03260.1	3078	2879	504.899	57.3062
AT4G03260.4	2881	2682	47.5569	5.79419
AT4G03260.3	2810	2611	207.1	25.9186
AT4G03260.2	2953	2754	0	0
AT4G10490.1	1261	1062	0	0
AT1G30570.1	3284	3085	107	11.3336
AT5G53680.1	1047	848	0	0
AT1G35310.1	831	632	1	0.517037
AT1G64880.1	2113	1914	281	47.9736
AT2G43445.1	1437	1238	18	4.75106
AT5G62380.2	1052	853	0.520349	0.199335
AT5G62380.1	1396	1197	3.47965	0.949904
AT5G24890.1	1659	1460	89	19.9194
AT4G00480.3	1670	1471	11.3732	2.52644
AT4G00480.1	2081	1882	45.4386	7.88939
AT4G00480.2	1894	1695	18.1882	3.50638
AT3G20557.3	745	546	0	0
AT3G20557.1	844	645	3	1.51985
AT3G20557.2	648	449	0	0
AT2G21170.3	1503	1304	5.55293e-07	1.3915e-07
AT2G21170.1	1484	1285	1063.78	270.512
AT2G21170.2	1341	1142	584.22	167.166
AT4G19870.2	1626	1427	7.85256	1.79815
AT4G19870.1	1782	1583	10.1474	2.09466
AT2G02147.1	441	242	0	0
AT5G39310.1	1230	1031	0	0
AT2G39970.1	1521	1322	187	46.222
AT1G01050.1	994	795	299	122.897
AT1G01050.2	810	611	0	0
AT1G12140.1	2230	2031	34.5954	5.56605
AT1G12140.2	1567	1368	56.5421	13.5059
AT1G12140.3	1397	1198	34.6738	9.45765
AT4G13955.1	424	225	0	0
AT2G19230.1	3078	2879	0	0
AT2G19230.2	2634	2435	0	0
AT5G40930.1	884	685	57	27.1908
AT5G40930.2	885	686	0	0
AT2G28680.1	1313	1114	0	0
AT1G13780.1	1752	1553	23	4.83944
AT1G13780.2	1840	1641	0	0
AT5G08390.1	3296	3097	144.193	15.2139
AT5G62680.1	2382	2183	307	45.954
AT5G24080.2	2883	2684	0	0
AT5G24080.3	2872	2673	0	0
AT5G24080.1	3054	2855	0	0
AT1G14020.1	1974	1775	106	19.514
AT2G24100.1	1856	1657	73	14.3959
AT1G69526.2	1502	1303	0	0
AT1G69526.3	706	507	3.88382	2.50316
AT1G69526.1	1429	1230	22.1162	5.87548
AT5G49290.7	2769	2570	4	0.508587
AT5G49290.1	2915	2716	0	0
AT5G49290.3	3618	3419	0	0
AT5G49290.2	3700	3501	0	0
AT5G49290.9	2155	1956	0	0
AT5G49290.4	3329	3130	0	0
AT5G49290.6	3261	3062	0	0
AT5G49290.8	2802	2603	1.74157e-06	2.18627e-07
AT5G49290.5	3267	3068	0	0
AT1G19835.6	3370	3171	131.581	13.5592
AT1G19835.5	3379	3180	95.6111	9.82471
AT1G19835.3	3889	3690	0	0
AT1G19835.1	3541	3342	136.808	13.3766
AT1G19835.4	3578	3379	0	0
AT1G19835.2	3419	3220	0	0
AT1G06400.1	1338	1139	141.399	40.5658
AT4G10950.1	1319	1120	0.999995	0.291755
AT4G10950.2	1331	1132	4.85948e-06	1.40275e-06
AT3G48344.1	785	586	0	0
AT2G16370.2	2326	2127	28.7542	4.41745
AT2G16370.3	1978	1779	57.27	10.5194
AT2G16370.1	2252	2053	17.2024	2.73803
AT5G61910.1	2765	2566	25.4975	3.24698
AT5G61910.2	2903	2704	0	0
AT5G61910.4	4547	4348	78.149	5.87316
AT5G61910.3	2935	2736	0	0
AT5G61910.5	2849	2650	0	0
AT4G34900.1	4297	4098	67.1394	5.35357
AT4G34900.3	4196	3997	0.025693	0.00210048
AT4G34900.2	4197	3998	0	0
AT5G05990.1	954	755	28	12.1185
AT1G51770.2	1374	1175	1	0.2781
AT1G51770.1	1513	1314	0	0
AT3G50980.1	715	516	0	0
AT1G47770.1	618	419	0	0
AT3G60650.1	911	712	2	0.917885
AT5G55510.1	972	773	55	23.2499
AT2G11522.1	631	432	0	0
AT4G05470.1	966	767	0	0
AT2G25297.2	557	358	0	0
AT2G25297.1	528	329	1	0.993213
AT4G22570.1	1079	880	128	47.5298
AT4G22570.2	1146	947	0	0
AT4G32490.1	926	727	0	0
AT3G18440.1	2115	1916	113	19.2718
AT5G09876.1	511	312	0	0
AT5G05890.1	1695	1496	22	4.8054
AT1G60000.1	1364	1165	241.696	67.7925
AT1G60000.2	453	254	16.3041	20.9749
AT1G43171.1	1439	1240	0	0
AT5G45500.3	2614	2415	13.1803	1.78339
AT5G45500.9	2587	2388	8.79875	1.204
AT5G45500.2	2635	2436	79.5794	10.6748
AT5G45500.5	2819	2620	0	0
AT5G45500.4	2855	2656	3.13265e-06	3.8541e-07
AT5G45500.1	2654	2455	152.525	20.3015
AT5G45500.8	2618	2419	1.16823e-06	1.57809e-07
AT5G45500.6	2818	2619	30.9161	3.85734
AT5G45500.7	2627	2428	0	0
AT4G12370.1	1018	819	1	0.398983
AT3G20800.1	1342	1143	64	18.2967
AT3G62350.1	687	488	0	0
AT2G44150.1	1836	1637	84	16.7675
AT4G26880.1	772	573	0	0
AT3G42140.1	822	623	0	0
AT2G29810.1	1152	953	0	0
AT2G39520.1	291	92.0002	0	0
AT3G26890.5	2685	2486	0	0
AT3G26890.1	2986	2787	0	0
AT3G26890.4	2510	2311	13.1354	1.8573
AT3G26890.6	2963	2764	14.5222	1.71685
AT3G26890.3	2747	2548	56.0557	7.18884
AT3G26890.7	3263	3064	0	0
AT3G26890.8	3499	3300	22.3071	2.20886
AT3G26890.2	2939	2740	22.9795	2.74049
AT5G55440.1	1343	1144	0	0
AT1G26460.1	2436	2237	227	33.1588
AT1G70130.1	2140	1941	0	0
AT5G45040.1	760	561	44.8563	26.1276
AT1G55860.1	11404	11205	600.692	17.5177
AT1G47657.1	1233	1034	0	0
AT3G26115.1	1568	1369	0	0
AT3G26115.3	1717	1518	15	3.22892
AT3G26115.2	1631	1432	0	0
AT3G26115.4	1694	1495	0	0
AT3G26115.5	1629	1430	0	0
AT2G35110.2	4677	4478	247	18.024
AT2G35110.1	4643	4444	0	0
AT3G02090.2	2060	1861	4.54387e-08	7.97844e-09
AT3G02090.1	2068	1869	1437	251.238
AT3G15800.1	1421	1222	12	3.20884
AT1G71120.1	1156	957	1	0.341449
AT4G22870.2	462	263	0	0
AT4G22870.1	387	188	0	0
AT1G01220.8	3554	3355	14.1264	1.37587
AT1G01220.2	3862	3663	2.40552	0.214591
AT1G01220.5	3643	3444	4.48153e-06	4.25208e-07
AT1G01220.3	3795	3596	0.0401559	0.00364895
AT1G01220.1	3596	3397	110.605	10.6394
AT1G01220.7	3398	3199	0.00428916	0.000438123
AT1G01220.4	3615	3416	3.03248e-05	2.90081e-06
AT1G01220.6	3622	3423	28.8184	2.75107
AT2G26680.1	1449	1250	84	21.9588
AT3G27185.1	303	104	0	0
AT1G28410.1	1842	1643	4.25198	0.845652
AT1G28410.2	1435	1236	54.8013	14.4881
AT1G27535.1	324	125	0	0
ATMG01310.1	411	212	0	0
AT2G07779.1	1452	1253	1	0.260788
AT5G05290.1	1029	830	0	0
AT2G33280.3	1965	1766	0	0
AT2G33280.1	2082	1883	0	0
AT2G33280.2	1752	1553	0	0
AT1G06790.2	1452	1253	6.84481	1.78504
AT1G06790.1	960	761	18.5164	7.95078
AT5G60870.1	1510	1311	10.82	2.69688
AT5G60870.2	1494	1295	11.18	2.82106
AT5G60870.4	1235	1036	0	0
AT5G60870.3	1531	1332	1.29201e-07	3.16957e-08
AT2G47630.1	1383	1184	92.7295	25.592
AT2G47630.3	1510	1311	13.3297	3.32243
AT2G47630.2	1435	1236	15.9408	4.21436
AT4G04180.2	2142	1943	19	3.19536
AT4G04180.1	2173	1974	2.43782e-07	4.03547e-08
AT5G17560.2	1162	963	0	0
AT5G17560.1	943	744	199	87.4014
AT5G17560.3	1097	898	0	0
AT1G22990.1	748	549	0	0
AT1G22990.2	708	509	3	1.92594
AT1G74880.1	818	619	294	155.201
AT5G52480.1	907	708	0	0
AT5G52480.2	1026	827	0	0
AT5G14285.1	1092	893	17	6.22065
AT4G04423.1	569	370	2	1.76631
AT5G61650.1	1704	1505	54.927	11.9258
AT1G08125.2	1305	1106	0	0
AT1G08125.4	1067	868	0	0
AT1G08125.1	1214	1015	52	16.7408
AT1G08125.3	1116	917	0	0
AT5G56452.1	1199	1000	0	0
AT5G56452.2	681	482	0	0
AT3G21280.2	1434	1235	42.4233	11.2247
AT3G21280.1	1923	1724	10.5767	2.00471
AT5G58800.1	900	701	24.182	11.2723
AT5G58800.2	901	702	46.818	21.7928
AT1G69850.1	2440	2241	203	29.6001
AT4G22505.1	1864	1665	1624.3	318.779
AT4G36910.1	1362	1163	79	22.1966
AT5G14600.1	1315	1116	48	14.0545
AT1G70790.3	1051	852	12	4.60235
AT1G70790.2	1173	974	0	0
AT1G70790.4	1230	1031	0	0
AT1G70790.1	1200	1001	0	0
AT5G14780.2	2343	2144	3.63884	0.554596
AT5G14780.3	1957	1758	0	0
AT5G14780.1	1801	1602	373.361	76.1561
AT3G03150.1	864	665	163	80.0948
AT2G38740.1	1236	1037	140	44.1151
AT2G46610.2	1619	1420	9.82778	2.26155
AT2G46610.1	1100	901	7.25296	2.63044
AT2G46610.3	1602	1403	7.91926	1.84444
AT2G46610.4	731	532	0	0
AT3G05620.1	1854	1655	13	2.56675
AT5G14480.1	1894	1695	32.0707	6.18269
AT3G22350.2	1052	853	0	0
AT3G22350.1	1137	938	0	0
AT2G31090.1	892	693	36	16.9749
AT1G63800.1	976	777	47.5023	19.9771
AT1G63800.2	1098	899	6.49768	2.36177
AT4G27860.3	2154	1955	0	0
AT4G27860.1	2133	1934	104	17.5718
AT4G27860.2	2179	1980	0	0
AT4G27860.4	2148	1949	0	0
AT1G60060.1	1503	1304	6.20952	1.55603
AT1G60060.2	1293	1094	3.79048	1.13218
AT3G05810.1	722	523	1.01878e-08	6.36525e-09
AT3G05810.2	724	525	45	28.0086
AT1G05590.2	2480	2281	6.50992	0.932585
AT1G05590.3	2157	1958	71.4901	11.9309
AT1G05590.1	2305	2106	0	0
AT2G20515.1	1021	822	41	16.2986
AT5G62250.2	1952	1753	0	0
AT5G62250.1	2022	1823	0	0
AT5G37940.1	1418	1219	4.39214	1.17736
AT3G18380.3	1445	1246	3.37465	0.885011
AT3G18380.1	1486	1287	47.6351	12.0945
AT3G18380.2	1558	1359	29.9902	7.21106
AT5G05350.1	2269	2070	6	0.947151
AT4G01570.1	2469	2270	79	11.3721
AT1G49250.1	2043	1844	0	0
AT5G25890.1	1390	1191	184	50.4829
AT2G01740.1	1740	1541	14	2.96868
AT3G57040.2	1445	1246	48.7	12.7717
AT3G57040.1	1625	1426	71.3	16.3384
AT3G24080.3	2233	2034	1.71669e-06	2.7579e-07
AT3G24080.1	2263	2064	0	0
AT3G24080.4	2202	2003	35.3124	5.76083
AT3G24080.2	2214	2015	295.688	47.9509
AT1G76980.1	1684	1485	3.43724	0.756349
AT1G76980.2	1280	1081	38.5628	11.6568
AT5G19670.1	2331	2132	27	4.13823
AT5G19670.2	2222	2023	0	0
AT5G39150.1	891	692	2	0.944414
AT1G60130.2	1869	1670	0	0
AT1G60130.1	1825	1626	3	0.602891
AT1G66910.2	1997	1798	46.3865	8.43024
AT1G66910.1	2006	1807	0	0
AT3G22230.1	1062	863	651	246.495
AT1G27550.1	378	179	0	0
AT5G56910.1	1058	859	44	16.7378
AT1G32070.3	970	771	37.8334	16.0347
AT1G32070.1	1166	967	74.7825	25.2704
AT1G32070.2	1058	859	60.3841	22.9704
AT5G57580.1	2530	2331	214	29.9992
AT1G66690.1	1343	1144	2	0.571271
AT2G18070.1	471	272	0	0
AT4G12520.1	878	679	142.836	68.7393
AT4G05400.1	1106	907	61.8336	22.277
AT4G05400.2	1148	949	11.9111	4.10132
AT4G05400.3	840	641	25.2553	12.8746
AT4G00340.2	2394	2195	72.8359	10.843
AT4G00340.1	3046	2847	109.164	12.5294
AT5G44150.1	1378	1179	17	4.71165
AT2G02810.1	1347	1148	42	11.9549
AT3G19820.2	2113	1914	1729.94	295.344
AT3G19820.1	2523	2324	184.011	25.873
AT3G19820.3	2429	2230	69.0471	10.1176
AT2G04700.2	862	663	180.183	88.8054
AT2G04700.3	861	662	114.595	56.5649
AT2G04700.1	1287	1088	4.22128	1.26781
AT2G05900.1	939	740	0	0
AT4G28350.1	2046	1847	11	1.9461
AT2G02170.3	1874	1675	11.52	2.24738
AT2G02170.6	1457	1258	10.6821	2.77468
AT2G02170.1	1885	1686	0	0
AT2G02170.2	1981	1782	0	0
AT2G02170.5	1935	1736	0	0
AT2G02170.4	1762	1563	46.7979	9.78376
AT1G14650.3	2840	2641	303.933	37.6051
AT1G14650.2	3168	2969	0	0
AT1G14650.1	3736	3537	11.8426	1.09409
AT1G51470.1	1851	1652	53.489	10.5802
AT1G21240.1	2422	2223	0	0
AT1G21240.2	1602	1403	0	0
AT1G75200.1	2355	2156	133	20.1577
AT3G62590.1	2442	2243	22	3.20503
AT1G13020.1	2607	2408	256	34.7394
AT5G22500.1	1898	1699	111	21.3485
AT5G22500.2	2153	1954	0	0
AT1G73550.2	489	290	3.49741	3.94082
AT1G73550.1	682	483	2.50259	1.69309
AT1G80300.1	2616	2417	577.259	78.0427
AT1G01420.2	1812	1613	38.6678	7.83346
AT1G01420.1	1520	1321	28.3322	7.00835
AT5G41900.1	1845	1646	119	23.6241
AT1G20670.1	2522	2323	91	12.8006
AT5G60320.1	2028	1829	0	0
ATCG01300.1	282	83.0016	3	11.8106
AT3G55040.1	1100	901	147	53.3127
AT3G07120.1	1264	1065	3	0.920471
AT3G48475.1	942	743	0	0
AT5G42300.1	1425	1226	353	94.0855
AT1G78150.3	1061	862	0.836959	0.317275
AT1G78150.1	1450	1251	337.163	88.0686
AT1G78150.2	1449	1250	0	0
AT1G17250.1	2271	2072	22	3.46954
AT1G04650.2	2767	2568	6.24307	0.794404
AT1G04650.1	3380	3181	20.7569	2.13225
AT4G33810.2	2139	1940	0	0
AT4G33810.1	1721	1522	6.74444	1.448
AT4G33810.5	1674	1475	8.25556	1.82891
AT4G33810.3	2313	2114	0	0
AT4G33810.4	2119	1920	0	0
AT4G31530.1	4352	4153	129.947	10.2245
AT4G31530.2	1220	1021	130.053	41.623
AT2G12880.1	360	161	0	0
AT1G20430.1	899	700	85	39.6789
AT5G28180.1	1059	860	0	0
AT5G12960.1	2941	2742	1.37793	0.164209
AT5G58950.1	2393	2194	705	105
AT1G05070.1	991	792	79	32.5942
AT1G12350.2	1598	1399	6.47865	1.51323
AT1G12350.1	1398	1199	55.2559	15.0591
AT3G14075.3	2797	2598	0	0
AT3G14075.2	2423	2224	0	0
AT3G14075.1	2385	2186	64	9.56683
AT4G00680.2	1400	1201	3.09919	0.843226
AT4G00680.1	1071	872	14.9008	5.58382
AT2G44060.2	1217	1018	360.22	115.627
AT2G44060.1	1418	1219	296.78	79.5554
AT4G32330.2	1935	1736	0.000917791	0.000172756
AT4G32330.1	1999	1800	106.259	19.2899
AT4G32330.4	1681	1482	0	0
AT4G32330.3	1946	1747	236.74	44.281
AT5G42400.7	5123	4924	0	0
AT5G42400.2	5364	5165	0	0
AT5G42400.8	4779	4580	48.3304	3.4482
AT5G42400.5	5233	5034	9.76199e-06	6.33671e-07
AT5G42400.4	5253	5054	0	0
AT5G42400.1	5142	4943	0	0
AT5G42400.3	5352	5153	0	0
AT5G42400.6	5227	5028	33.6696	2.18817
AT2G16800.1	1450	1251	136	35.5238
AT5G34828.1	276	77.0053	0	0
AT1G67235.1	598	399	0	0
AT5G05620.1	1871	1672	77.3907	15.1248
AT4G01040.1	1533	1334	43.978	10.7725
AT4G01040.2	1442	1243	27.022	7.1037
AT1G33800.1	1503	1304	84	21.0494
AT5G57420.1	759	560	2	1.16703
AT2G15740.1	990	791	0	0
AT2G20810.1	1915	1716	127.864	24.3484
AT3G58900.3	1702	1503	1.39569	0.303437
AT3G58900.2	1109	910	0	0
AT3G58900.4	1843	1644	0	0
AT3G58900.1	1932	1733	22.6043	4.26217
AT5G13080.1	810	611	0	0
AT4G35310.2	2522	2323	324.826	45.692
AT4G35310.1	2645	2446	75.1739	10.0427
AT1G17020.1	1527	1328	7	1.72242
AT1G53170.1	1063	864	24	9.07686
AT4G24100.3	2715	2516	51.9356	6.74517
AT4G24100.1	2959	2760	26.5595	3.14449
AT4G24100.4	2789	2590	57.5048	7.25509
AT4G24100.2	2902	2703	0	0
AT5G39000.1	2853	2654	2.43635	0.29997
AT1G34390.1	1797	1598	0	0
AT3G06545.1	576	377	0	0
AT5G14080.1	2262	2063	26	4.11825
AT3G56950.1	1220	1021	78.9845	25.2787
AT3G56950.2	1109	910	39.0155	14.0099
AT1G02780.1	1109	910	3280	1177.8
AT1G19340.1	1894	1695	12	2.3134
AT5G65430.1	1481	1282	163.35	41.6361
AT5G65430.3	1252	1053	0	0
AT5G65430.2	1173	974	492.995	165.395
AT1G63820.1	1456	1257	5	1.29979
AT5G35540.1	570	371	0	0
AT2G17580.1	2730	2531	111	14.3308
AT5G15840.1	2691	2492	0	0
AT5G15840.2	1901	1702	2	0.38398
AT3G18280.1	604	405	88.9043	71.7308
AT3G18280.2	698	499	122.096	79.9537
AT2G17070.1	1134	935	4	1.39793
AT5G14090.1	1566	1367	19.939	4.76621
AT5G14090.2	1754	1555	6.06098	1.27365
AT2G21830.2	2060	1861	0	0
AT2G21830.1	2143	1944	64	10.7578
AT5G14160.1	1059	860	0	0
AT5G58350.1	2552	2353	84.6865	11.7606
AT1G65985.1	1670	1471	16.319	3.62509
AT1G65985.2	1786	1587	13.681	2.81696
AT1G67110.1	1793	1594	12.5865	2.5802
AT1G67110.2	1407	1208	2.41355	0.65287
AT4G28990.1	1483	1284	15.1059	3.84432
AT4G28990.2	1398	1199	44.8941	12.2351
AT4G37880.1	1721	1522	90	19.3226
AT1G62310.1	5501	5302	50	3.08155
AT5G41320.2	1548	1349	5.7745	1.39875
AT5G41320.1	1664	1465	0	0
AT2G42660.1	904	705	3	1.3905
AT1G76430.1	1967	1768	3	0.554469
AT5G01660.3	1968	1769	0	0
AT5G01660.2	2454	2255	0	0
AT5G01660.1	2558	2359	15	2.07779
AT5G10070.2	1170	971	38.1917	12.8525
AT5G10070.1	1275	1076	13.8083	4.19339
AT2G21240.1	1412	1213	71.3529	19.2216
AT2G21240.2	1191	992	15.6471	5.15418
AT5G05670.2	1193	994	26.7758	8.80227
AT5G05670.1	1149	950	62.818	21.6072
AT3G07640.1	1159	960	31	10.5519
ATCG00740.1	990	791	31	12.8063
AT5G06330.1	1951	1752	15	2.79766
AT3G04020.4	1077	878	13	4.83824
AT3G04020.2	1313	1114	0	0
AT3G04020.3	1259	1060	0	0
AT3G04020.1	1273	1074	0	0
AT4G38905.1	940	741	0	0
AT1G74140.1	1170	971	0	0
AT1G74140.5	1182	983	0	0
AT1G74140.2	1113	914	0	0
AT1G74140.4	1113	914	2	0.715027
AT1G74140.3	1125	926	0	0
AT5G28288.1	255	56.1701	0	0
AT3G18773.1	1428	1229	24	6.38113
AT4G21440.1	1396	1197	0	0
AT5G63570.2	1881	1682	26.4776	5.14388
AT5G63570.1	1807	1608	636.522	129.35
AT3G14460.1	4461	4262	14.9907	1.14934
AT1G56555.1	534	335	1	0.975424
AT4G29400.1	1279	1080	22	6.65637
AT5G66160.1	1600	1401	45.1639	10.5339
AT5G66160.2	1696	1497	15.8361	3.45673
AT2G44140.2	3102	2903	32.5553	3.66448
AT2G44140.1	3287	3088	19.5967	2.07369
AT2G44140.4	1518	1319	39.7283	9.84224
AT2G44140.3	1761	1562	0	0
AT2G44140.5	1476	1277	0	0
AT5G43870.1	2526	2327	64.9163	9.11582
AT5G43870.2	2058	1859	24.2758	4.26709
AT1G69290.1	1977	1778	22.3666	4.11061
AT4G01440.5	1259	1060	0	0
AT4G01440.2	1985	1786	0	0
AT4G01440.1	1472	1273	76.5692	19.6546
AT4G01440.4	1549	1350	8.43079	2.04067
AT4G01440.3	1546	1347	0	0
AT1G02250.1	1180	981	0	0
AT5G35698.1	234	36.8813	0	0
AT5G48290.2	978	779	0	0
AT5G48290.3	965	766	0	0
AT5G48290.1	929	730	11	4.92389
AT1G49245.1	929	730	18	8.05727
AT3G11390.1	2235	2036	3	0.481484
AT1G49930.1	405	206	0	0
AT2G22370.1	1027	828	32	12.6287
AT1G31420.2	2520	2321	333.713	46.9825
AT1G31420.1	2469	2270	479.869	69.0773
AT1G31420.3	2920	2721	17.418	2.09174
AT5G41460.1	2093	1894	53	9.14396
AT2G46340.1	3933	3734	794	69.484
AT2G46340.2	4103	3904	0	0
AT3G14910.1	1684	1485	16	3.52072
AT5G56770.1	765	566	0	0
AT2G32530.1	2617	2418	42.3226	5.71945
AT2G14285.1	580	381	31	26.5874
AT4G22470.1	1317	1118	39.3476	11.5005
AT4G29340.1	1016	817	3	1.19988
AT2G10260.2	1572	1373	0	0
AT2G10260.1	1644	1445	0	0
AT3G16690.2	1531	1332	7.06198	1.73245
AT3G16690.3	1016	817	2.74704e-06	1.0987e-06
AT3G16690.1	1035	836	23.938	9.35665
AT2G19610.1	1856	1657	0	0
AT2G19610.2	1840	1641	0	0
AT3G61620.2	1227	1028	13.5263	4.29957
AT3G61620.1	1075	876	55.4737	20.6929
AT3G44703.2	1127	928	0	0
AT3G44703.4	758	559	2	1.16911
AT3G44703.3	898	699	0	0
AT3G44703.1	1697	1498	0	0
AT2G40660.1	1525	1326	155	38.1968
AT1G43670.1	2065	1866	440	77.0512
AT3G48170.1	2056	1857	260.105	45.7694
AT1G24290.1	1779	1580	30	6.20444
AT2G21040.1	786	587	0	0
AT3G25820.4	1276	1077	0	0
AT3G25820.1	2660	2461	57.4088	7.62263
AT3G25820.2	1367	1168	0	0
AT3G25820.3	3125	2926	72.1825	8.06113
AT2G19980.1	661	462	6	4.24373
AT1G61760.1	1088	889	4	1.47027
AT2G01918.1	890	691	19	8.98491
AT4G16045.1	1149	950	0	0
AT2G19020.1	351	152	0	0
AT5G67640.1	756	557	5	2.93328
AT1G67300.2	1820	1621	59.7395	12.0425
AT1G67300.6	1696	1497	0	0
AT1G67300.4	1935	1736	0	0
AT1G67300.7	1559	1360	0	0
AT1G67300.1	1880	1681	0	0
AT1G67300.5	1798	1599	0.26054	0.0532433
AT1G67300.3	1948	1749	0	0
AT5G51340.1	2855	2656	119	14.6405
AT1G60610.2	1411	1212	3.49904	0.943376
AT1G60610.4	2294	2095	0	0
AT1G60610.1	1922	1723	0	0
AT1G60610.5	1847	1648	21.0213	4.16812
AT1G60610.3	1455	1256	12.4797	3.24678
AT3G49725.1	2143	1944	45	7.56405
AT1G27240.1	561	362	0	0
AT2G42620.1	2400	2201	99	14.6978
AT3G23740.1	2115	1916	56	9.5506
AT2G41490.1	1667	1468	48	10.6845
AT4G24990.2	1199	1000	18.5556	6.06336
AT4G24990.1	1144	945	97.4444	33.6948
AT1G29640.1	845	646	6	3.03499
AT5G16710.1	1088	889	373	137.103
AT1G17380.2	2070	1871	0	0
AT1G17380.1	1765	1566	0	0
AT1G17380.3	1348	1149	2	0.568785
AT1G23450.1	2000	1801	5	0.907182
AT5G47980.1	1630	1431	6	1.37009
AT3G45850.2	3642	3443	182.903	17.3589
AT3G45850.1	3675	3476	32.097	3.01733
AT1G48610.1	1382	1183	96.1728	26.5648
AT1G48610.2	1467	1268	13.8272	3.56332
AT5G14220.3	2786	2587	0	0
AT5G14220.5	2244	2045	36.8629	5.89026
AT5G14220.4	2677	2478	0	0
AT5G14220.2	1770	1571	62.1371	12.9245
AT5G14220.1	2462	2263	0	0
AT2G47120.2	1039	840	0	0
AT2G47120.1	792	593	0	0
AT1G12660.1	557	358	0	0
AT5G17840.1	927	728	71	31.8688
AT2G47210.3	1911	1712	137.069	26.1621
AT2G47210.1	2158	1959	7.93117	1.32294
AT2G47210.2	2455	2256	0	0
AT2G36985.1	566	367	3	2.67112
AT4G23000.2	3617	3418	23	2.19884
AT4G23000.1	3980	3781	0	0
AT4G26920.1	1386	1187	0	0
AT5G58210.1	1831	1632	9.6	1.92216
AT5G58210.4	1736	1537	0	0
AT5G58210.2	1661	1462	39.4	8.80616
AT5G58210.3	1647	1448	3.51864e-05	7.94044e-06
AT4G27640.1	3650	3451	380	35.9813
AT5G51890.1	1251	1052	97	30.1297
AT3G61080.1	1320	1121	60.5128	17.6392
AT3G61080.2	1297	1098	21.4872	6.39465
AT5G52970.2	1148	949	0	0
AT5G52970.1	1122	923	153	54.1662
AT5G65495.1	649	450	20	14.523
AT3G55360.1	1431	1232	373	98.9319
AT1G66520.1	1321	1122	33.7618	9.83267
AT1G66520.2	1038	839	0	0
AT1G34822.1	576	377	0	0
AT4G26590.1	2718	2519	10	1.29721
AT2G30220.1	1239	1040	1	0.314199
AT5G01050.1	1959	1760	6.74361	1.25204
AT2G22807.2	558	359	0	0
AT2G22807.1	527	328	0	0
AT1G80110.1	1405	1206	13	3.52237
AT4G01120.1	1626	1427	95	21.7539
AT5G02930.1	1576	1377	0	0
AT4G15550.1	1738	1539	340.697	72.3382
AT4G02220.1	1745	1546	77	16.2749
AT2G21420.1	1407	1208	0	0
AT1G11684.1	357	158	0	0
AT3G02520.1	1464	1265	257.057	66.4014
AT3G02520.2	1643	1444	5.94302	1.34486
AT1G72200.1	1652	1453	32	7.19652
AT5G16680.1	4626	4427	91.0437	6.72015
AT5G16680.2	4237	4038	103.956	8.41246
AT5G13820.2	2412	2213	21.0421	3.10704
AT5G13820.1	2673	2474	18.9579	2.50396
AT2G47500.1	3639	3440	119.201	11.323
AT2G47500.2	3689	3490	64.799	6.0671
AT5G49490.1	858	659	0	0
AT4G27790.1	1640	1441	2	0.453528
AT4G27790.2	1006	807	0	0
AT3G53680.1	3407	3208	23.8957	2.43402
AT3G53680.2	2870	2671	9.10428	1.11381
AT4G12830.1	1490	1291	136	34.4232
AT4G15075.1	543	344	0	0
AT4G33840.1	1982	1783	0	0
AT1G09330.2	1751	1552	0	0
AT1G09330.1	1177	978	115	38.4235
AT3G59840.1	721	522	43	26.9176
AT5G44140.1	874	675	0	0
AT1G53870.3	1708	1509	0	0
AT1G53870.2	1158	959	8.56538	2.91855
AT1G53870.4	1554	1355	0	0
AT1G53870.1	1615	1416	3.09903	0.715156
AT1G16760.1	2297	2098	0	0
AT1G16760.2	2556	2357	1	0.138637
AT4G12030.1	2139	1940	0	0
AT4G12030.2	2061	1862	74.627	13.0965
AT4G12030.5	1456	1257	80.6921	20.9766
AT4G12030.4	2131	1932	39.6809	6.71139
AT4G12030.3	2209	2010	0	0
AT5G58650.1	439	240	17	23.146
AT4G06479.1	1113	914	0	0
AT1G13060.1	1254	1055	404.045	125.146
AT1G13060.3	1469	1270	0	0
AT1G13060.2	1280	1081	12.9548	3.916
AT3G48390.1	2364	2165	5	0.754658
AT3G19010.1	1314	1115	2.01081e-05	5.89297e-06
AT3G19010.3	1212	1013	22.2069	7.16337
AT3G19010.2	1340	1141	0	0
AT3G19010.4	1299	1100	113.793	33.8035
AT5G58980.1	2404	2205	39	5.77955
AT5G09920.1	977	778	103	43.2609
AT4G27745.2	1138	939	8.41344	2.92783
AT4G27745.3	856	657	4.2217	2.09972
AT4G27745.1	974	775	6.23946	2.63077
AT4G27745.4	663	464	10.1254	7.13071
AT1G23820.1	1005	806	123.074	49.8965
AT1G23820.2	1415	1216	238.926	64.2049
AT3G46370.2	2817	2618	0	0
AT3G46370.1	2689	2490	21	2.75587
AT1G55265.1	693	494	42	27.7818
AT2G03870.2	757	558	100	58.5604
AT2G03870.1	570	371	0	0
AT3G27280.1	1292	1093	111.591	33.3615
AT3G27280.2	1295	1096	8.40933	2.5072
AT1G04370.1	736	537	0	0
AT5G63850.1	2101	1902	248	42.6069
AT5G44980.3	1724	1525	0	0
AT5G44980.4	1648	1449	3	0.676536
AT5G44980.2	1910	1711	0	0
AT5G44980.1	1678	1479	0	0
AT1G50080.1	276	77.0053	0	0
AT5G13620.1	919	720	0	0
AT5G52250.1	1580	1381	20	4.73233
AT5G57740.1	2236	2037	77	12.352
AT1G30680.1	2728	2529	124	16.0218
AT3G07560.1	1487	1288	290	73.5733
AT2G17990.3	1401	1202	11.9225	3.24117
AT2G17990.1	1497	1298	55.2498	13.9089
AT2G17990.2	1561	1362	45.8277	10.9949
AT5G10230.1	1279	1080	17	5.14356
AT4G35890.1	2400	2201	259.217	38.4842
AT4G35890.2	2911	2712	33.7826	4.07045
AT3G04430.1	597	398	1	0.821023
AT5G13550.1	2396	2197	149	22.1613
AT3G14300.1	2945	2746	0	0
AT1G75050.1	984	785	1	0.416264
AT3G56750.1	1710	1511	80.0397	17.3093
AT3G25110.1	1659	1460	87	19.4717
AT3G24210.1	2504	2305	12	1.70117
AT1G78000.4	2738	2539	0	0
AT1G78000.7	2192	1993	0	0
AT1G78000.2	2558	2359	247.701	34.3114
AT1G78000.1	2763	2564	59.7953	7.62057
AT1G78000.3	3185	2986	4.69203	0.513463
AT1G78000.6	2917	2718	3.81136	0.458214
AT1G78000.5	2875	2676	0	0
AT1G15110.2	1824	1625	35.8447	7.20793
AT1G15110.4	1906	1707	21.6358	4.1417
AT1G15110.1	2038	1839	45.6256	8.1071
AT1G15110.3	2095	1896	0	0
AT2G38695.1	880	681	13.8274	6.63487
AT2G38695.4	486	287	4.17259	4.75075
AT2G38695.2	930	731	0	0
AT2G38695.3	950	751	0	0
AT2G16510.1	1634	1435	292	66.492
AT1G25540.1	3207	3008	32.3441	3.51362
AT1G25540.2	3021	2822	67.6559	7.83406
AT2G42590.2	1244	1045	3.89238e-08	1.21713e-08
AT2G42590.1	1287	1088	605	181.704
AT2G42590.3	1332	1133	0	0
AT4G13730.2	1599	1400	69.5236	16.2272
AT4G13730.3	1602	1403	4.00789	0.933462
AT4G13730.1	1688	1489	12.4685	2.73626
AT2G28400.1	1190	991	9	2.96761
AT5G23690.1	1953	1754	26	4.84375
AT2G38080.1	2237	2038	107	17.1561
AT5G08100.1	1329	1130	96.1954	27.8172
AT5G08100.2	1537	1338	4.80463	1.17339
AT4G10530.1	2244	2045	1	0.159788
AT1G61520.3	973	774	3389.98	1431.18
AT1G61520.2	1311	1112	277.89	81.6595
AT1G61520.1	1344	1145	6264.13	1787.7
AT5G37340.2	1807	1608	0	0
AT5G37340.1	1836	1637	17.1547	3.4243
AT5G37340.3	1867	1668	0	0
AT5G37340.4	2145	1946	0	0
AT2G03120.1	1674	1475	271	60.0365
AT5G39930.1	1598	1399	0	0
AT5G44572.1	1376	1177	24	6.66305
AT2G26020.1	609	410	0	0
AT1G07950.2	980	781	14.5981	6.1078
AT1G07950.1	873	674	31.4019	15.2242
AT4G08380.1	1314	1115	0	0
AT3G60490.1	1151	952	4	1.37297
AT3G07140.1	2541	2342	43.9812	6.13647
AT3G07140.2	2115	1916	64.0188	10.9182
AT3G61720.1	2388	2189	0	0
AT3G19270.1	1455	1256	7	1.82115
AT3G19270.2	1724	1525	0	0
AT1G31817.1	1270	1071	130	39.6636
AT5G06430.1	1309	1110	34	10.0091
AT3G19508.1	648	449	13	9.46096
AT1G05894.1	1591	1392	3	0.704239
AT1G09730.2	3344	3145	141	14.65
AT1G09730.1	3386	3187	0	0
AT3G17860.2	2395	2196	0	0
AT3G17860.3	2306	2107	0	0
AT3G17860.1	1673	1474	56	12.4145
AT3G17860.4	1986	1787	0	0
AT1G12210.3	2741	2542	0	0
AT1G12210.1	2993	2794	0	0
AT1G12210.2	3084	2885	21	2.37855
AT3G59450.2	443	244	1	1.33921
AT3G59450.1	447	248	0	0
AT1G66770.1	786	587	0	0
AT5G11240.1	2378	2179	132	19.795
AT5G56810.2	1625	1426	0	0
AT5G56810.1	1585	1386	2	0.471525
AT5G04350.1	441	242	0	0
AT4G18340.1	1562	1363	15.6279	3.74666
AT4G18340.2	1675	1476	7.37205	1.63208
AT2G17260.1	3296	3097	35	3.69288
AT5G48680.1	1081	882	51	18.8947
AT5G42480.2	2855	2656	105.766	13.0124
AT5G42480.1	3069	2870	40.2336	4.58085
AT2G46740.1	1951	1752	56	10.4446
AT1G26820.1	1123	924	44	15.5603
AT2G37530.1	758	559	8	4.67645
AT5G54590.3	2002	1803	0	0
AT5G54590.1	1721	1522	0	0
AT5G54590.4	1802	1603	5.9047	1.20366
AT5G54590.2	1690	1491	56.0953	12.2938
AT1G28260.1	3543	3344	0	0
AT1G28260.2	3182	2983	29	3.17675
AT4G01550.2	1803	1604	0	0
AT4G01550.1	1757	1558	15	3.14602
AT1G26160.2	1301	1102	0	0
AT1G26160.1	1243	1044	89	27.8566
AT4G00600.1	933	734	0	0
AT1G69840.1	1419	1220	27.1297	7.26647
AT1G69840.2	1409	1210	0	0
AT1G69840.5	1249	1050	42.4658	13.2157
AT1G69840.7	1368	1169	0	0
AT1G69840.4	1534	1335	5.34197	1.30755
AT1G69840.6	1190	991	9.68025	3.19192
AT1G69840.3	1697	1498	3.38225	0.737789
AT5G64640.1	2282	2083	27	4.23558
AT4G14550.2	1045	846	4.8887	1.88826
AT4G14550.1	1726	1527	42.6035	9.11685
AT4G14550.3	931	732	0	0
AT4G14550.4	659	460	35.5078	25.2234
AT5G11940.1	2289	2090	0	0
AT5G64270.1	4627	4428	604.871	44.6368
AT3G26600.1	2447	2248	61	8.8669
AT3G26600.2	2246	2047	0	0
AT3G62110.1	2332	2133	13.0859	2.00471
AT3G62110.2	2169	1970	142.914	23.7054
AT3G06340.2	2585	2386	24.5108	3.3568
AT3G06340.4	2953	2754	7.4837	0.887954
AT3G06340.3	2652	2453	36.6119	4.87712
AT3G06340.1	2740	2541	16.3935	2.10817
AT5G57990.1	3049	2850	664	76.131
AT3G04380.2	2072	1873	0	0
AT3G04380.4	1751	1552	1.27861	0.269205
AT3G04380.5	1686	1487	0	0
AT3G04380.3	2166	1967	0	0
AT3G04380.1	2153	1954	9.72139	1.62571
AT3G04380.6	1670	1471	0	0
AT4G27730.1	2621	2422	64	8.63464
AT1G68310.1	755	556	13.8088	8.11556
AT1G68310.2	918	719	50.1912	22.8106
AT5G22550.2	1616	1417	3	0.691815
AT5G22550.1	1473	1274	0	0
AT1G33670.1	1446	1247	3	0.786128
AT1G30290.2	2436	2237	28	4.09007
AT1G30290.1	2517	2318	0	0
AT5G56120.1	1165	966	76	25.7084
AT4G24830.1	1917	1718	355.592	67.6344
AT4G24830.2	1682	1483	70.4078	15.5138
AT1G78140.1	1393	1194	114	31.1989
AT1G55820.1	2129	1930	72	12.1903
AT4G07350.1	993	794	0	0
AT3G59100.1	6466	6267	47.3428	2.4685
AT3G59100.2	5407	5208	64.6572	4.05681
AT4G00250.1	1278	1079	1.01308	0.306805
AT3G55790.1	463	264	2	2.47551
AT3G21300.1	2694	2495	97	12.704
AT2G26890.1	8455	8256	460	18.2065
AT5G52820.1	1800	1601	193	39.3917
AT2G03800.2	1586	1387	0	0
AT2G03800.1	1478	1279	47	12.0079
AT2G07613.1	264	65.044	0	0
AT5G61320.1	1494	1295	0	0
AT4G26270.1	2196	1997	15	2.45444
AT5G09270.1	877	678	17.6844	8.52315
AT5G09270.2	920	721	2.31556	1.04944
AT3G15690.2	1670	1471	22.0375	4.89539
AT3G15690.3	1292	1093	0	0
AT3G15690.1	1136	937	136.963	47.764
AT1G58300.1	1231	1032	5	1.58317
AT4G09450.1	634	435	0	0
AT5G46780.1	1231	1032	56	17.7315
AT5G46780.2	1040	841	3.10614e-07	1.20688e-07
AT4G25120.1	3785	3586	38	3.46267
AT2G02570.1	1337	1138	23.7053	6.80677
AT2G02570.3	1266	1067	0	0
AT2G02570.4	1140	941	29.4744	10.2351
AT2G02570.2	1502	1303	42.8203	10.7385
AT3G48070.3	1379	1180	47.8378	13.2473
AT3G48070.1	2115	1916	40.8567	6.96796
AT3G48070.2	1477	1278	0	0
AT1G70540.1	841	642	0	0
AT5G65620.2	2498	2299	22.8005	3.24074
AT5G65620.1	2514	2315	495.373	69.923
AT5G38920.1	579	380	0	0
AT5G09570.1	907	708	1	0.461535
AT4G38590.2	3159	2960	0	0
AT4G38590.1	2836	2637	0	0
AT3G49080.1	1766	1567	201	41.9146
AT1G23010.1	2292	2093	24	3.74697
AT1G55755.1	402	203	0	0
AT3G13020.1	2007	1808	8	1.44587
AT3G60020.1	747	548	0	0
AT5G55240.1	992	793	0	0
AT1G53035.1	1012	813	0	0
AT1G53035.2	762	563	13	7.54524
AT5G67140.1	972	773	31	13.1045
AT1G49200.1	942	743	6	2.63877
AT1G13130.1	1886	1687	10	1.93697
AT4G02810.1	1177	978	2.00153	0.668748
AT2G38365.1	1127	928	0	0
AT2G01913.1	810	611	11	5.88288
AT1G21740.1	3698	3499	63	5.88349
AT4G21080.1	750	551	0	0
AT1G63120.1	1618	1419	65	14.9682
AT2G41355.1	360	161	0	0
AT3G26220.1	1883	1684	5	0.970211
AT5G58660.2	1574	1375	0	0
AT5G58660.1	1496	1297	9	2.26747
AT4G12860.1	459	260	0	0
AT2G43460.1	639	440	677	502.776
AT3G16890.1	2460	2261	0	0
AT3G16890.2	2362	2163	19	2.87035
AT3G61890.1	1054	855	47	17.9626
AT1G27490.1	495	296	0	0
AT1G50340.1	474	275	0	0
AT5G67420.2	2572	2373	0	0
AT5G67420.1	2014	1815	409	73.6351
AT2G06555.2	780	581	0	0
AT2G06555.1	622	423	0	0
AT1G53040.2	2295	2096	67.5299	10.5279
AT1G53040.3	2327	2128	0.22	0.0337822
AT1G53040.1	2239	2040	0.973053	0.155864
AT1G53040.4	2254	2055	36.2771	5.76844
AT1G53040.6	2265	2066	4.72024e-07	7.46573e-08
AT1G53040.5	2318	2119	0	0
AT2G01580.1	927	728	1	0.448856
AT3G25810.1	1996	1797	0	0
AT5G54780.1	2125	1926	53	8.99203
AT4G00900.2	3445	3246	111.16	11.1902
AT4G00900.1	3620	3421	136.84	13.0707
AT3G42995.1	198	15.9266	0	0
AT4G32510.1	2022	1823	0	0
AT4G32510.2	2723	2524	0	0
AT5G35510.2	476	277	0	0
AT5G35510.1	356	157	1	2.08132
AT4G35470.1	2674	2475	69.5454	9.18188
AT4G35470.2	2616	2417	60.4546	8.17318
AT5G49660.1	3357	3158	164	16.9695
AT1G62333.1	560	361	0	0
AT1G02540.1	873	674	0	0
AT4G20620.1	771	572	0	0
AT1G51800.1	3036	2837	193	22.2298
AT3G21000.1	1512	1313	0	0
AT3G24715.1	4088	3889	0	0
AT3G24715.3	3577	3378	32	3.09548
AT3G24715.2	3659	3460	0	0
AT3G53010.1	1205	1006	4	1.29927
AT5G61270.2	1953	1754	0	0
AT5G61270.3	1379	1180	113.023	31.2985
AT5G61270.1	1809	1610	14.9767	3.03969
AT1G64780.1	2165	1966	994	165.212
AT2G42930.1	405	206	0	0
AT4G27565.1	369	170	0	0
AT1G67690.1	2592	2393	35	4.77929
AT1G24180.1	1659	1460	495	110.787
AT3G53130.1	3355	3156	144	14.9095
AT1G15860.3	1104	905	0	0
AT1G15860.1	1096	897	63.1836	23.0171
AT1G15860.2	1254	1055	36.8164	11.4032
AT5G04940.2	2927	2728	19.1734	2.29664
AT5G04940.1	2824	2625	66.8266	8.31876
AT1G56345.1	1449	1250	10	2.61414
AT1G56345.2	968	769	0	0
AT5G10080.1	1958	1759	18	3.34384
AT3G25780.1	1660	1461	46.4309	10.3847
AT2G36770.1	1769	1570	2	0.416264
AT4G20170.1	2093	1894	207.182	35.7447
AT4G38850.1	773	574	8	4.55425
AT1G19370.1	2332	2133	49	7.50661
AT1G14686.1	1253	1054	0	0
AT5G36700.2	1345	1146	760.385	216.814
AT5G36700.4	1803	1604	0	0
AT5G36700.3	1544	1345	31.3542	7.61749
AT5G36700.1	1655	1456	152.49	34.2229
AT4G09430.1	1692	1493	0	0
AT2G13295.1	475	276	0	0
AT1G69560.2	1234	1035	0	0
AT1G69560.1	1182	983	0	0
AT2G24270.4	1823	1624	648.881	130.562
AT2G24270.2	2195	1996	0	0
AT2G24270.3	2007	1808	360.641	65.1801
AT2G24270.1	2345	2146	427.478	65.0912
AT4G23500.1	1877	1678	108	21.0315
AT3G30280.1	1332	1133	0	0
AT1G01780.1	939	740	28	12.3642
AT1G20795.1	1257	1058	0	0
AT2G18190.1	1835	1636	0	0
AT5G62410.1	4045	3846	124	10.5354
AT4G17310.11	1123	924	0	0
AT4G17310.15	858	659	0	0
AT4G17310.13	867	668	0	0
AT4G17310.1	745	546	10.4148	6.23298
AT4G17310.16	650	451	2.19307	1.58896
AT4G17310.6	1253	1054	4.65185	1.44219
AT4G17310.12	1104	905	0	0
AT4G17310.9	1315	1116	0	0
AT4G17310.7	825	626	0	0
AT4G17310.5	1298	1099	0	0
AT4G17310.14	961	762	3.74029	1.60394
AT4G17310.2	699	500	0	0
AT4G17310.8	780	581	0	0
AT4G17310.10	1261	1062	0	0
AT4G17310.17	1261	1062	0	0
AT4G17310.4	1497	1298	0	0
AT4G17310.3	1708	1509	0	0
AT5G27570.1	1355	1156	0	0
AT5G53580.1	1470	1271	182	46.7912
AT4G15650.1	1155	956	0	0
AT2G05060.1	948	749	0	0
AT1G16560.8	1264	1065	14.4964	4.44783
AT1G16560.7	1372	1173	0	0
AT1G16560.4	1450	1251	0.00145468	0.000379969
AT1G16560.9	1081	882	28.7254	10.6423
AT1G16560.3	1659	1460	6.29589e-06	1.4091e-06
AT1G16560.1	1721	1522	0	0
AT1G16560.5	1473	1274	0	0
AT1G16560.6	1402	1203	0	0
AT1G16560.2	1501	1302	162.777	40.8526
AT1G10810.3	1444	1245	0	0
AT1G10810.2	1453	1254	0	0
AT1G10810.1	1441	1242	5	1.31549
AT2G25215.1	491	292	0	0
AT3G56770.1	1129	930	2.56552	0.901427
AT3G56770.2	404	205	0.434483	0.692559
AT3G09570.1	1899	1700	166	31.9078
AT4G16530.1	1824	1625	0	0
AT2G30140.1	1759	1560	31.3568	6.56818
AT2G30140.2	1560	1361	84.6432	20.3223
ATMG00285.1	578	379	0	0
AT4G29470.1	1027	828	0	0
AT4G29470.2	946	747	1	0.437439
AT5G12300.1	1741	1542	16	3.39058
AT5G08280.1	1643	1444	1230	278.34
AT1G66980.1	3903	3704	62.9079	5.54974
AT1G66980.4	3852	3653	3.38793	0.303057
AT1G66980.3	3984	3785	38.6885	3.34006
AT1G66980.2	3990	3791	31.0156	2.67341
AT4G04700.1	1815	1616	32.4123	6.55401
AT1G80980.1	1483	1284	8.39282	2.1359
AT1G80980.2	1411	1212	14.9652	4.03476
AT5G17870.1	615	416	501.494	393.923
AT5G17870.2	876	677	124.506	60.0951
AT3G62260.1	1679	1480	0	0
AT3G62260.2	1560	1361	48.121	11.5535
AT3G62260.3	2023	1824	7.87905	1.41152
AT3G47850.1	1199	1000	53	17.3187
AT1G61000.1	1732	1533	26	5.54204
AT5G59600.1	2057	1858	0	0
AT1G22650.1	2057	1858	25.3066	4.45068
AT1G22650.2	2355	2156	9.69339	1.46915
AT5G45340.2	2042	1843	0	0
AT5G45340.1	1949	1750	25	4.6681
AT3G52470.1	1113	914	250	89.3783
AT1G64583.1	1812	1613	9	1.82325
AT1G64583.2	1848	1649	0	0
AT4G08580.1	1680	1481	45.1642	9.965
AT4G08580.2	2253	2054	3.58464	0.570274
AT2G35660.2	1405	1206	0	0
AT2G35660.3	1514	1315	0	0
AT2G35660.1	1488	1289	89.7496	22.7519
AT2G16120.1	1536	1337	0	0
AT2G32010.2	2686	2487	1.12529e-06	1.47852e-07
AT2G32010.1	2871	2672	49	5.99236
AT2G32010.4	2880	2681	0	0
AT2G32010.3	2948	2749	0	0
AT4G14580.1	1650	1451	38	8.55765
AT3G29250.3	1492	1293	0	0
AT3G29250.2	947	748	56	24.4638
AT3G29250.1	1050	851	0	0
AT1G53730.1	2687	2488	193.314	25.3893
AT1G53730.2	2767	2568	0	0
AT3G46260.1	1305	1106	0	0
AT5G41980.1	1393	1194	8	2.18939
AT2G07505.1	432	233	0	0
AT2G22250.3	1737	1538	182.594	38.7943
AT2G22250.2	2264	2065	11.7557	1.86023
AT2G22250.1	1697	1498	21.6505	4.72275
AT2G31510.2	2831	2632	36.9007	4.58128
AT2G31510.3	2680	2481	0	0
AT2G31510.1	2530	2331	167.598	23.4944
AT2G37980.1	2632	2433	26	3.49196
AT4G27330.1	1329	1130	0	0
AT1G51270.9	1950	1751	0	0
AT1G51270.15	1581	1382	14.9702	3.53962
AT1G51270.4	1606	1407	0	0
AT1G51270.5	2087	1888	0	0
AT1G51270.8	1878	1679	17.5652	3.41855
AT1G51270.13	2198	1999	0	0
AT1G51270.6	2109	1910	0	0
AT1G51270.2	2040	1841	0	0
AT1G51270.12	2202	2003	0	0
AT1G51270.7	2096	1897	0	0
AT1G51270.14	2048	1849	0.464602	0.0821074
AT1G51270.1	1783	1584	0	0
AT1G51270.3	2174	1975	0	0
AT1G51270.10	1886	1687	0	0
AT1G51270.11	2304	2105	0	0
AT4G08320.2	1612	1413	52.6692	12.1802
AT4G08320.1	1704	1505	25.3308	5.49984
AT1G28960.7	1395	1196	35.0331	9.57163
AT1G28960.3	1416	1217	2.86591	0.769504
AT1G28960.1	1530	1331	11.1543	2.73843
AT1G28960.6	1502	1303	4.24923	1.06562
AT1G28960.5	1440	1241	36.6975	9.66279
AT4G16144.1	2136	1937	50	8.43488
AT1G17780.1	1458	1259	4.97572	1.29142
AT1G17780.3	1120	921	0	0
AT1G17780.6	965	766	7.58286	3.23476
AT1G17780.2	1493	1294	18.7527	4.73551
AT1G17780.4	1028	829	0	0
AT1G17780.5	1342	1143	12.0767	3.45255
AT3G01400.1	1539	1340	68	16.5822
AT3G24000.1	2164	1965	13	2.16182
AT5G01990.1	1749	1550	37.5118	7.90815
AT1G80340.1	1459	1260	89	23.0812
AT3G45750.1	2584	2385	28.2222	3.8667
AT3G45750.5	2485	2286	0	0
AT3G45750.2	2471	2272	11.8457	1.70369
AT3G45750.4	2640	2441	0	0
AT3G45750.3	2239	2040	20.9321	3.3529
AT1G05270.1	1743	1544	108	22.8568
AT4G33820.1	1729	1530	1	0.213573
AT1G19220.1	4327	4128	82	6.49101
AT2G32770.2	2104	1905	0	0
AT2G32770.1	1551	1352	0	0
AT2G32770.3	1837	1638	6	1.19695
AT3G60260.2	1334	1135	35.9958	10.3632
AT3G60260.4	1564	1365	0	0
AT3G60260.3	1312	1113	28.0042	8.22179
AT3G60260.1	1527	1328	0	0
AT5G10610.1	1683	1484	33	7.26638
AT4G00490.1	2031	1832	150	26.7549
AT2G35350.1	2840	2641	35	4.3305
AT4G17770.1	3250	3051	304	32.5589
AT4G17770.2	3403	3204	0	0
AT5G57300.3	1265	1066	1.33129	0.408087
AT5G57300.1	1236	1037	57.4333	18.0977
AT5G57300.4	1101	902	11.1669	4.04544
AT5G57300.2	1265	1066	15.0685	4.61903
AT3G58160.5	3934	3735	19.5609	1.71134
AT3G58160.1	4328	4129	31.4391	2.48807
AT3G58160.3	4501	4302	0	0
AT3G58160.2	4507	4308	0	0
AT3G58160.4	4303	4104	0	0
AT3G19553.1	1992	1793	85	15.4909
AT3G15390.2	1227	1028	16.1842	5.14442
AT3G15390.1	1796	1597	0	0
AT3G15390.3	1669	1470	5.81581	1.2928
AT4G05420.2	3603	3404	0.821005	0.0788124
AT4G05420.1	3792	3593	380.179	34.5756
AT4G29760.1	1170	971	0	0
AT4G29760.2	1061	862	0	0
AT2G24940.1	484	285	226	259.121
AT5G18370.1	4668	4469	38.0633	2.78313
AT2G33210.2	2142	1943	110.685	18.6146
AT2G33210.1	2288	2089	200.315	31.3338
AT5G57830.1	1617	1418	23	5.30017
AT1G33030.3	1308	1109	0	0
AT1G33030.1	1276	1077	6	1.82043
AT1G33030.2	1335	1136	0	0
AT3G28690.1	2716	2517	16.2621	2.11121
AT3G28690.2	2426	2227	113.89	16.711
AT3G28690.3	1278	1079	23.8482	7.22224
AT5G35760.1	840	641	6	3.05866
AT1G21170.2	3532	3333	93.2998	9.14711
AT1G21170.1	3725	3526	48.3465	4.48044
AT3G60500.3	1748	1549	59.1532	12.4786
AT3G60500.2	1917	1718	17.0292	3.23899
AT3G60500.4	1910	1711	19.3284	3.69134
AT3G60500.1	1946	1747	0	0
AT5G20520.1	1707	1508	138	29.9031
AT5G43790.1	1738	1539	19	4.03416
AT3G22310.1	2286	2087	96.3231	15.0816
AT3G22310.2	2156	1957	125.677	20.9847
AT1G07180.1	2169	1970	531	88.0778
AT3G63080.1	1143	944	110	38.0767
AT4G34070.1	1241	1042	75.5683	23.6979
AT5G09430.1	1196	997	0	0
AT3G15780.1	638	439	13	9.67648
AT2G37080.3	2220	2021	174.041	28.14
AT2G37080.1	2342	2143	122.959	18.7489
AT2G37080.2	2867	2668	0	0
AT2G36610.1	876	677	1	0.482669
AT3G57690.1	460	261	0	0
AT2G34490.1	2051	1852	86	15.1739
AT5G58690.2	2338	2139	15.5135	2.36994
AT5G58690.3	2031	1832	24.051	4.28988
AT5G58690.1	2412	2213	1.43555	0.211971
AT1G76590.1	1410	1211	3	0.809497
ATMG00470.1	369	170	0	0
AT5G14660.1	1288	1089	75.9738	22.7968
AT5G14660.3	987	788	38.0222	15.767
AT5G14660.2	1194	995	0.0039421	0.00129462
AT1G11340.1	2502	2303	14	1.98643
AT1G11340.3	2966	2767	0	0
AT1G11340.2	2993	2794	0	0
AT2G25080.1	1246	1047	643.964	200.98
AT4G18040.1	983	784	201	83.7758
AT5G12380.1	1006	807	1.04735	0.42409
AT5G10210.1	997	798	36	14.7414
AT1G53550.1	1227	1028	0	0
AT3G26920.3	2048	1849	0	0
AT3G26920.2	1684	1485	25.5882	5.63057
AT3G26920.1	1837	1638	21.4118	4.27147
AT3G48600.1	733	534	3	1.83577
AT3G48600.2	906	707	0	0
AT1G01430.1	2134	1935	260	43.9067
AT5G27850.1	1342	1143	187.457	53.5912
AT5G27850.2	1058	859	1666.02	633.761
AT4G08960.1	1749	1550	104	21.925
AT4G03010.1	1840	1641	19	3.78341
AT5G45420.2	1746	1547	9.06606	1.91499
AT5G45420.1	1415	1216	141.013	37.8934
AT5G45420.3	1525	1326	11.9211	2.93773
AT5G64210.1	1324	1125	0	0
AT1G74950.2	1373	1174	0	0
AT1G74950.1	1282	1083	87	26.25
AT2G22942.1	453	254	0	0
AT3G47295.1	460	261	73	91.3946
AT1G31080.1	1068	869	0	0
AT5G05560.2	6814	6615	16.8893	0.834298
AT5G05560.1	5294	5095	17.2777	1.1081
AT5G05560.3	5283	5084	33.8829	2.17778
AT1G16930.2	1800	1601	5.22537e-06	1.06651e-06
AT1G16930.1	1876	1677	0	0
AT1G16930.3	1779	1580	20	4.13629
AT3G01330.1	1413	1214	17	4.57582
AT5G60480.1	965	766	0	0
AT2G39355.1	330	131	0	0
AT3G06280.1	597	398	0	0
AT3G43430.1	960	761	14	6.01148
AT5G53640.1	678	479	0	0
AT3G05310.1	1947	1748	0	0
AT3G05310.2	1788	1589	0	0
AT3G05310.3	1711	1512	1	0.216116
AT3G43110.1	1001	802	8	3.25952
AT1G71800.1	2123	1924	70	11.8886
AT3G45880.1	2020	1821	1.97636	0.354646
AT3G45880.2	1298	1099	11.0236	3.27767
AT5G67180.1	1544	1345	6.86224	1.66718
AT5G67180.4	1077	878	0	0
AT5G67180.2	1237	1038	0	0
AT5G67180.3	1152	953	3.13776	1.07588
AT5G59680.1	3255	3056	50	5.34632
AT4G15980.1	2214	2015	0	0
AT4G15980.2	2475	2276	0	0
AT2G40410.2	1631	1432	37.4553	8.5469
AT2G40410.1	1697	1498	31.5447	6.88102
AT1G44350.1	2295	2096	19	2.96211
AT3G45180.1	517	318	0	0
AT3G45180.2	385	186	0	0
AT2G34100.2	1300	1101	0	0
AT2G34100.1	1281	1082	0	0
AT4G26100.1	2077	1878	154.864	26.946
AT5G59980.3	2209	2010	0	0
AT5G59980.2	2385	2186	27	4.03601
AT5G59980.4	2055	1856	0	0
AT5G59980.1	2309	2110	0	0
AT1G70890.1	1031	832	132	51.8429
AT1G06770.2	2280	2081	0	0
AT1G06770.3	1970	1771	1.47412e-06	2.71989e-07
AT1G06770.1	1982	1783	48	8.79687
AT5G36730.1	1233	1034	0	0
AT1G64720.1	1777	1578	1471	304.61
AT2G16290.1	1248	1049	0	0
AT3G59580.2	3123	2924	0	0
AT3G59580.3	2964	2765	0.026433	0.00312385
AT3G59580.1	2950	2751	8.97357	1.06589
AT1G13190.1	2307	2108	144	22.3219
AT3G24750.1	1003	804	9	3.65784
AT3G24750.2	1165	966	0	0
AT3G24750.3	891	692	0	0
AT5G65810.1	1243	1044	158	49.4533
AT3G57130.1	1835	1636	10.078	2.01294
AT3G57130.2	861	662	0.921971	0.45509
AT4G08267.1	381	182	0	0
AT1G74330.3	2921	2722	6.69446	0.803648
AT1G74330.1	2100	1901	27.2378	4.68196
AT1G74330.2	3142	2943	14.0678	1.56197
AT5G26890.1	252	53.2554	0	0
AT1G51400.1	560	361	542.25	490.83
AT5G65630.1	3569	3370	415	40.2399
AT4G25710.1	1524	1325	30.1136	7.42653
AT4G25710.2	1348	1149	4.88636	1.38965
AT1G12560.1	1117	918	29	10.3227
AT4G06688.1	1833	1634	0	0
AT3G02340.1	1491	1292	34	8.59913
AT3G02340.2	1620	1421	0	0
AT3G24513.1	258	59.1108	0	0
AT5G06520.1	2109	1910	0	0
AT5G23890.2	3288	3089	251.401	26.5942
AT5G23890.1	3331	3132	226.599	23.6415
AT1G10790.1	1107	908	4	1.4395
AT4G11760.1	745	546	0	0
AT3G22845.2	1130	931	14	4.91379
AT3G22845.1	1054	855	195	74.5258
AT2G30695.2	1128	929	14.965	5.26379
AT2G30695.3	1127	928	0	0
AT2G30695.1	1069	870	86.3011	32.4142
AT2G30695.4	1017	818	6.73394	2.69001
AT4G15810.1	2922	2723	78	9.3602
AT1G57850.2	438	239	0	0
AT1G57850.3	689	490	0	0
AT1G57850.1	814	615	0	0
AT1G43690.1	2430	2231	277	40.5713
AT1G28135.1	324	125	5	13.0707
AT4G22370.1	458	259	0	0
AT4G22370.3	750	551	0	0
AT4G22370.2	939	740	0	0
AT2G46130.1	628	429	0	0
AT2G46130.2	616	417	2	1.56723
AT3G62060.1	1760	1561	48	10.0479
AT3G62060.2	1801	1602	0	0
AT2G28570.1	1013	814	63.3111	25.4152
AT2G28570.2	833	634	21.6889	11.1786
AT1G79260.1	801	602	45.0248	24.4396
AT1G79260.2	922	723	5.97521	2.70055
AT4G37390.1	2170	1971	37	6.13414
AT2G32020.1	950	751	11	4.7862
AT3G03030.2	1942	1743	0	0
AT3G03030.1	1856	1657	27	5.32451
AT2G15370.1	1837	1638	8.57891	1.71142
AT4G10130.2	1424	1225	0	0
AT4G10130.4	994	795	0	0
AT4G10130.1	1372	1173	0	0
AT4G10130.3	934	735	15.635	6.95104
AT4G10130.5	1071	872	6.36496	2.38516
AT5G06043.1	369	170	4	7.68864
AT1G65000.1	911	712	14	6.4252
AT1G10657.3	1217	1018	40.5687	13.0221
AT1G10657.1	1074	875	33.4313	12.4848
AT1G10657.2	1081	882	8.23264e-06	3.05006e-06
AT1G10657.4	1289	1090	0	0
AT2G37950.1	1213	1014	5	1.61128
AT4G29080.1	1435	1236	92	24.3225
AT1G54710.1	3456	3257	117.723	11.8109
AT1G54710.2	2626	2427	45.2771	6.09603
AT4G24860.3	3431	3232	4.69847e-05	4.75032e-06
AT4G24860.1	3570	3371	0	0
AT4G24860.4	3400	3201	2.99995	0.306244
AT4G24860.2	3561	3362	0	0
AT3G13850.1	1402	1203	1	0.271627
AT1G61930.1	964	765	7	2.99003
AT1G48360.4	3179	2980	0	0
AT1G48360.6	3126	2927	7.69805	0.859402
AT1G48360.2	3130	2931	1.60512	0.178949
AT1G48360.5	3167	2968	8.93538e-07	9.83756e-08
AT1G48360.3	2812	2613	24.6968	3.08845
AT1G48360.1	3205	3006	0	0
AT4G25780.1	1219	1020	45	14.4162
AT4G15100.1	1581	1382	0	0
AT1G15790.3	1219	1020	0	0
AT1G15790.5	977	778	5	2.10005
AT1G15790.2	1005	806	0	0
AT1G15790.1	990	791	2.73492e-08	1.12981e-08
AT1G15790.4	1147	948	0	0
AT3G01327.1	343	144	0	0
AT5G54450.1	1107	908	0	0
AT1G08695.1	383	184	0	0
AT5G01490.2	1667	1468	26	5.78743
AT5G01490.1	1688	1489	2.15463e-06	4.72842e-07
AT3G13390.1	2237	2038	0	0
AT1G29400.1	2880	2681	132.634	16.1657
AT1G29400.2	3071	2872	150.366	17.1082
AT1G29400.3	3272	3073	0	0
AT3G01640.1	1379	1180	41.4831	11.4876
AT3G01640.2	1468	1269	28.5169	7.34308
AT1G45403.1	510	311	0	0
AT3G20130.1	1945	1746	37	6.92462
AT3G20130.2	1820	1621	0	0
AT4G20835.1	946	747	0	0
AT5G35195.1	177	10.528	0	0
AT3G20490.1	1861	1662	34	6.68477
AT1G16980.1	2699	2500	0	0
AT1G16980.2	2156	1957	0	0
AT1G29240.1	2390	2191	19	2.83367
AT3G16250.1	869	670	129	62.9149
AT3G05860.3	750	551	0	0
AT3G05860.1	856	657	0	0
AT3G05860.2	926	727	0	0
AT5G59810.1	2631	2432	0	0
AT3G15000.1	1648	1449	582	131.248
AT2G27370.1	1088	889	19	6.98377
AT1G51310.1	1811	1612	49	9.93275
AT3G54720.1	2432	2233	99	14.4872
AT3G05390.1	2063	1864	12	2.10365
AT1G53210.1	2421	2222	622	91.4713
AT1G68945.1	489	290	46.5995	52.5076
AT4G26455.1	2071	1872	86	15.0117
AT5G47160.1	1676	1477	0	0
AT5G47160.3	1565	1366	2.19259e-05	5.24499e-06
AT5G47160.2	1551	1352	2.99998	0.72507
AT3G25265.1	482	283	0	0
AT5G07960.1	821	622	99	52.0096
AT5G46910.2	3310	3111	82	8.61296
AT5G46910.1	3412	3213	0	0
AT5G61200.2	1270	1071	0	0
AT5G61200.1	1183	984	4.37361	1.45239
AT5G61200.4	1825	1626	5.62639	1.1307
AT5G61200.3	1968	1769	0	0
AT1G78310.1	1702	1503	27	5.87007
AT2G07728.1	861	662	0	0
AT3G22180.1	2623	2424	44	5.93142
AT3G25740.1	1209	1010	15.1265	4.8939
AT3G25740.2	1459	1260	4.87351	1.26389
AT4G37230.1	432	233	0	0
AT3G52480.1	1262	1063	10	3.07401
AT5G14560.1	123	5.19716	0	0
AT5G56090.1	1929	1730	82	15.4884
AT5G28390.1	543	344	20.3321	19.3135
AT4G39530.1	2942	2743	13	1.54866
AT3G52380.1	1454	1255	708	184.344
AT3G16150.1	1364	1165	55	15.4268
AT3G45870.5	1397	1198	0	0
AT3G45870.6	1220	1021	0	0
AT3G45870.3	1212	1013	0	0
AT3G45870.4	1127	928	0	0
AT3G45870.7	1143	944	0	0
AT3G45870.2	863	664	2	0.984238
AT3G45870.1	1459	1260	0	0
AT3G45870.8	1058	859	0	0
AT3G45870.9	884	685	0	0
AT1G28010.1	4165	3966	110.541	9.1077
AT5G43730.4	3827	3628	0	0
AT5G43730.1	3727	3528	0	0
AT5G43730.3	4147	3948	0	0
AT5G43730.2	4085	3886	22.8393	1.92052
AT5G43730.5	3693	3494	0	0
AT3G12890.1	1037	838	0	0
AT1G30972.1	839	640	0	0
AT1G30972.2	423	224	0	0
AT1G30972.3	405	206	0	0
AT1G67635.2	879	680	0	0
AT1G67635.1	963	764	0	0
AT2G40010.1	1477	1278	96	24.5459
AT3G19530.1	632	433	0	0
AT3G47220.1	2349	2150	19.6303	2.9835
AT3G26010.1	1416	1217	0	0
AT4G15802.1	849	650	196	98.5329
AT3G12690.1	2301	2102	25	3.88638
AT3G12690.3	2387	2188	0	0
AT3G12690.2	2559	2360	0	0
AT5G25756.1	275	76.0064	0	0
AT1G33600.1	2118	1919	71.2771	12.1371
AT1G33600.2	1768	1569	96.7229	20.1439
AT3G60970.1	3556	3357	1.88148	0.183142
AT5G57210.1	2817	2618	45.1379	5.63392
AT5G57210.2	2701	2502	30.8621	4.03066
AT2G25090.1	1824	1625	6	1.20652
AT3G49740.1	2412	2213	0	0
AT3G14230.2	1820	1621	100.418	20.2427
AT3G14230.3	1629	1430	242.272	55.3613
AT3G14230.1	1644	1445	3.30942	0.748381
AT2G13540.1	2969	2770	227	26.7784
AT3G03130.1	1931	1732	83	15.6592
AT3G57240.1	1399	1200	0	0
AT3G19035.1	105	4.43819	0	0
AT1G72560.6	4169	3970	0	0
AT1G72560.2	3113	2914	10.392	1.16533
AT1G72560.1	3941	3742	52.2542	4.56306
AT1G72560.5	4016	3817	0.032994	0.00282456
AT1G72560.3	3991	3792	62.3208	5.37035
AT1G72560.7	4081	3882	0	0
AT1G72560.4	4104	3905	0	0
AT4G19985.2	1677	1478	0	0
AT4G19985.5	1430	1231	15.3038	4.06238
AT4G19985.6	1326	1127	20.4482	5.92885
AT4G19985.3	1492	1293	0	0
AT4G19985.4	1365	1166	0	0
AT4G19985.1	1303	1104	0.0182235	0.00539389
AT4G19985.7	1156	957	57.2297	19.541
AT2G32370.1	2863	2664	0	0
AT3G60150.2	963	764	0	0
AT3G60150.4	760	561	0	0
AT3G60150.3	1051	852	0	0
AT3G60150.1	855	656	9	4.48309
AT5G38540.2	2092	1893	7.63107	1.31726
AT5G38540.1	2173	1974	0	0
AT3G22720.1	1140	941	0	0
AT3G56120.1	1690	1491	96	21.0393
AT5G61120.2	1819	1620	0	0
AT5G61120.3	1694	1495	0	0
AT5G61120.1	1746	1547	0	0
AT5G23260.2	1200	1001	0	0
AT5G23260.4	1351	1152	0	0
AT5G23260.1	1336	1137	0	0
AT5G23260.3	882	683	0	0
AT2G26230.1	1505	1306	121	30.2747
AT1G66020.2	2202	2003	0	0
AT1G66020.1	2017	1818	1	0.17974
AT5G45960.1	1456	1257	9	2.33962
AT1G30420.2	5222	5023	34.0041	2.21211
AT1G30420.1	5060	4861	34.5792	2.32449
AT1G21840.1	1345	1146	21.1439	6.02891
AT1G21840.2	1074	875	1.85609	0.693153
AT2G13547.1	822	623	0	0
AT4G32340.1	1446	1247	3	0.786128
AT3G26350.2	1384	1185	3.78594	1.04398
AT3G26350.1	1071	872	0.214058	0.0802144
AT5G42570.1	1124	925	98	34.6197
AT4G22513.1	631	432	682.392	516.165
AT1G78815.1	1049	850	7	2.69102
AT4G00920.1	945	746	0	0
AT1G55280.1	1439	1240	16	4.21635
AT1G55280.2	1594	1395	0	0
AT4G21400.6	2268	2069	0	0
AT4G21400.1	2052	1853	37.0213	6.52853
AT4G21400.2	2377	2178	0	0
AT4G21400.4	2390	2191	0	0
AT4G21400.7	2187	1988	13.7269	2.25629
AT4G21400.5	2304	2105	0	0
AT4G21400.3	2360	2161	0	0
AT4G21400.8	2567	2368	13.5797	1.87391
AT1G37113.1	1703	1504	0	0
AT5G28620.1	393	194	0	0
AT1G06000.1	1587	1388	646	152.083
AT5G47860.1	1545	1346	76	18.4504
AT4G36010.1	1589	1390	0	0
AT4G36010.2	1287	1088	31	9.31046
AT2G36920.1	1053	854	0	0
AT3G26080.1	1107	908	39	14.0352
AT3G26080.2	1194	995	0	0
AT3G17261.1	108	4.54805	0	0
AT3G53310.1	1551	1352	6	1.45015
AT4G11030.1	2248	2049	0	0
AT4G00238.1	1399	1200	84.9869	23.1424
AT3G47350.2	996	797	0	0
AT3G47350.1	2605	2406	835	113.404
AT3G47350.3	937	738	1	0.442774
AT4G22115.1	337	138	0	0
AT5G03795.1	1961	1762	7	1.29817
AT5G53760.2	2472	2273	39.1781	5.63226
AT5G53760.1	2562	2363	79.8219	11.0382
AT3G02010.1	2537	2338	0	0
AT2G15620.1	2193	1994	1651	270.558
AT5G54410.1	660	461	0	0
AT5G62400.1	703	504	0	0
AT4G12545.1	660	461	33.6051	23.82
AT3G55700.1	1622	1423	7	1.60743
AT5G09780.1	1057	858	0	0
AT3G06880.1	3917	3718	24.4069	2.14507
AT3G06880.5	4235	4036	0.00335958	0.000272002
AT3G06880.4	4321	4122	86.6387	6.86819
AT3G06880.3	4489	4290	19.9848	1.52223
AT3G06880.2	4391	4192	99.9662	7.79238
AT5G25640.1	1105	906	9	3.24603
AT3G59380.1	1246	1047	105	32.7703
AT5G65685.4	2498	2299	0	0
AT5G65685.2	1525	1326	0	0
AT5G65685.11	1708	1509	22.0848	4.78237
AT5G65685.1	1558	1359	89.2639	21.4632
AT5G65685.8	2315	2116	0	0
AT5G65685.5	2343	2144	0	0
AT5G65685.12	2091	1892	9.13304	1.57737
AT5G65685.9	2213	2014	0	0
AT5G65685.7	2264	2065	0	0
AT5G65685.6	2327	2128	0	0
AT5G65685.3	2577	2378	17.1313	2.35406
AT5G65685.10	1781	1582	0	0
AT5G51465.1	612	413	0	0
AT3G23150.1	3150	2951	71	7.8619
AT3G23150.2	3154	2955	0	0
AT4G35600.2	1652	1453	18.3607	4.12915
AT4G35600.1	1774	1575	51.6393	10.7137
AT3G62640.1	761	562	0	0
AT1G48210.5	1868	1669	0	0
AT1G48210.1	1811	1612	27.7333	5.6218
AT1G48210.7	1346	1147	63.2667	18.0239
AT1G48210.2	2175	1976	0	0
AT1G48210.4	1905	1706	0	0
AT1G48210.3	2337	2138	0	0
AT1G48210.6	1836	1637	0	0
ATCG00020.1	1062	863	148	56.0389
AT5G22505.1	210	20.9285	0	0
AT5G62470.1	1499	1300	3.69633	0.929106
AT5G62470.2	1785	1586	49.9091	10.2829
AT3G23633.2	701	502	0	0
AT3G23633.1	842	643	0	0
AT4G38460.1	1339	1140	179	51.3082
AT2G36760.1	1628	1429	0	0
AT1G26610.1	1979	1780	0	0
AT1G11303.1	2697	2498	28.7218	3.75714
AT3G62510.1	310	111	0	0
AT3G62510.2	383	184	3	5.32772
AT5G04520.1	1044	845	20	7.73413
AT4G10760.1	2257	2058	93	14.7664
AT3G04540.1	372	173	0	0
AT3G21825.1	283	84.0013	0	0
AT2G27402.2	1003	804	384.747	156.371
AT2G27402.1	1293	1094	0	0
AT1G54970.1	1373	1174	22	6.1234
AT5G22850.1	2104	1905	75	12.8648
ATCG00280.1	1422	1223	75	20.0389
AT4G13395.1	734	535	1	0.61078
AT1G04520.1	1569	1370	164	39.1166
AT5G54570.1	1608	1409	12	2.78297
AT5G54570.3	1356	1157	0	0
AT5G54570.2	1317	1118	0	0
AT2G12290.1	402	203	0	0
AT3G45470.1	669	470	0	0
AT2G38460.2	2364	2165	0	0
AT2G38460.3	2261	2062	13.3775	2.11994
AT2G38460.8	1960	1761	0.0203865	0.00378287
AT2G38460.5	2175	1976	0	0
AT2G38460.7	2084	1885	0	0
AT2G38460.4	2104	1905	0	0
AT2G38460.1	2024	1825	25.6021	4.58407
AT2G38460.6	2128	1929	0	0
AT2G36000.1	1937	1738	143.381	26.9575
AT2G36000.2	1833	1634	28.6194	5.7233
AT1G71697.1	1897	1698	59	11.3541
AT4G15710.1	2019	1820	0	0
AT5G17040.2	1625	1426	11.6834	2.67724
AT5G17040.1	1568	1369	7.31664	1.74641
AT5G55260.2	1608	1409	26.2043	6.07714
AT5G55260.1	1515	1316	57.7957	14.3509
AT1G72850.1	1507	1308	6	1.49893
AT1G02840.4	1855	1656	0	0
AT1G02840.1	1517	1318	287.825	71.3594
AT1G02840.5	1748	1549	42.3228	8.92815
AT1G02840.2	1555	1356	122.181	29.4429
AT1G02840.3	1366	1167	18.6719	5.22825
AT1G23330.2	2312	2113	16.0203	2.47748
AT1G23330.1	2261	2062	50.9797	8.0788
AT5G06810.1	1767	1568	23	4.79314
AT4G30700.1	2531	2332	12	1.68148
AT5G06980.2	1260	1061	220.842	68.0149
AT5G06980.5	1349	1150	75.2157	21.3722
AT5G06980.4	1323	1124	30.9415	8.99525
AT5G06980.3	1284	1085	0.00108732	0.000327467
AT5G06980.1	1725	1526	0	0
AT1G19510.1	679	480	4	2.72306
AT5G26160.2	3548	3349	0	0
AT5G26160.3	3115	2916	0	0
AT5G26160.1	3499	3300	44	4.35689
AT2G25905.1	684	485	0	0
AT1G30480.1	1759	1560	68	14.2437
AT1G21080.2	1491	1292	70.0919	17.7273
AT1G21080.1	1677	1478	128.887	28.4952
AT1G21080.3	1873	1674	7.02132	1.37057
AT3G23680.1	708	509	0	0
AT2G18090.2	3163	2964	10.7854	1.18904
AT2G18090.1	3285	3086	201.215	21.306
AT1G13195.1	1309	1110	37	10.8922
AT1G13195.2	1554	1355	0	0
AT2G12945.1	354	155	0	0
AT4G35485.1	209	20.4424	0	0
AT3G29740.1	264	65.044	0	0
AT5G27889.1	162	8.26769	0	0
AT5G66110.2	943	744	1	0.439203
AT5G66110.3	967	768	0	0
AT5G66110.1	1060	861	0	0
AT1G33260.2	1596	1397	13.0712	3.05743
AT1G33260.1	1863	1664	24.9288	4.89539
AT1G55475.1	1446	1247	0	0
AT1G55475.2	1801	1602	9	1.83577
AT1G28560.2	1877	1678	0	0
AT1G28560.3	1936	1737	0	0
AT1G28560.1	1853	1654	21	4.1488
AT4G10020.1	1515	1316	1	0.248303
AT4G33880.1	1379	1180	7	1.93845
AT1G55890.1	1558	1359	134	32.2199
AT5G03555.1	2134	1935	394	66.5355
AT5G58040.2	4208	4009	338	27.5498
AT5G58040.1	3708	3509	0	0
AT5G02070.1	1974	1775	0	0
AT2G42210.1	972	773	182.454	77.128
AT2G42210.3	825	626	155.148	80.986
AT2G42210.4	811	612	97.8079	52.2229
AT2G42210.5	1025	826	5.59012	2.21146
AT2G42210.2	1132	933	0	0
AT5G60430.3	1609	1410	9.33341	2.16301
AT5G60430.1	1195	996	0	0
AT5G60430.4	812	613	3.12013	1.66322
AT5G60430.2	1102	903	2.7056	0.97907
AT5G27880.1	970	771	0	0
AT4G12490.1	786	587	211.578	117.78
AT2G05632.1	1039	840	28	10.8922
AT2G32180.1	628	429	43.1026	32.8311
AT2G32180.2	420	221	0	0
AT1G44890.1	1195	996	12	3.93695
AT3G12250.6	1565	1366	0	0
AT3G12250.2	1772	1573	0	0
AT3G12250.3	1773	1574	0	0
AT3G12250.7	1390	1191	0	0
AT3G12250.1	1695	1496	20.307	4.43559
AT3G12250.5	1663	1464	12.693	2.83311
AT3G12250.4	1068	869	0	0
AT2G17920.1	1576	1377	0	0
AT3G24929.5	378	179	0	0
AT3G24929.4	1114	915	0	0
AT3G24929.2	1640	1441	0	0
AT3G24929.7	768	569	8.09472	4.64866
AT3G24929.6	293	94.0001	0	0
AT3G24929.3	4447	4248	14.2243	1.09417
AT3G24929.1	1853	1654	0	0
ATMG01180.1	336	137	0	0
AT3G21420.1	1629	1430	34	7.76929
AT3G14390.1	2035	1836	221.612	39.442
AT1G16970.1	2345	2146	76	11.5724
AT4G21990.1	1785	1586	1026	211.389
AT4G21990.2	1626	1427	0	0
AT3G56050.2	2197	1998	128.149	20.9584
AT3G56050.1	2333	2134	154.851	23.7114
AT5G24430.1	2621	2422	87	11.7377
AT4G27460.1	1551	1352	0	0
AT2G17033.2	2045	1846	3.18266e-07	5.63374e-08
AT2G17033.1	2040	1841	77.6376	13.7802
AT2G17033.3	1982	1783	7.83202	1.43536
AT2G17033.4	2080	1881	29.5303	5.13001
AT5G65480.1	1199	1000	181	59.1448
AT5G58000.2	2251	2052	42.2471	6.72756
AT5G58000.1	1571	1372	18.7529	4.46636
AT2G47990.1	1812	1613	146	29.5772
AT4G39230.1	1441	1242	41	10.787
AT3G12230.1	1375	1176	4.85812	1.34989
AT2G29950.1	853	654	0	0
AT1G51830.1	2372	2173	20.095	3.02181
AT1G51830.2	2597	2398	0	0
AT4G27320.1	1369	1170	283.238	79.105
AT4G27320.2	2444	2245	11.7619	1.71198
AT4G17600.1	1620	1421	581	133.604
AT3G27415.1	927	728	0	0
AT5G40900.1	1032	833	1	0.392277
AT3G28155.2	349	150	1	2.17845
AT3G28155.1	546	347	0	0
ATCG01050.1	1521	1322	9	2.22459
AT3G21290.2	4185	3986	0	0
AT3G21290.1	4050	3851	80	6.7882
AT1G22275.3	2132	1933	0	0
AT1G22275.1	3037	2838	5.99962	0.690796
AT1G22275.2	3061	2862	0.000379852	4.33693e-05
AT4G04630.1	1138	939	7	2.43596
AT5G58370.3	2290	2091	0	0
AT5G58370.1	1967	1768	16.5476	3.05837
AT5G58370.2	2182	1983	55.4524	9.13769
AT5G48410.4	2551	2352	0.0177002	0.00245912
AT5G48410.1	2780	2581	10.9823	1.39041
AT5G48410.3	2687	2488	0	0
AT5G48410.2	2887	2688	0	0
AT5G03355.1	2174	1975	16	2.64723
AT1G64360.1	706	507	2	1.28902
AT2G26170.2	1804	1605	0	0
AT2G26170.1	1701	1502	129	28.0646
AT4G32110.1	539	340	0	0
AT3G19200.1	875	676	14	6.76737
AT2G23985.1	833	634	4.11819	2.12254
AT2G23985.14	999	800	0	0
AT2G23985.7	1365	1166	0	0
AT2G23985.21	818	619	0	0
AT2G23985.26	703	504	7.20804	4.67331
AT2G23985.18	943	744	0.878013	0.385626
AT2G23985.16	960	761	0	0
AT2G23985.5	1513	1314	0	0
AT2G23985.3	1600	1401	1.61995	0.377836
AT2G23985.15	972	773	0	0
AT2G23985.4	1573	1374	0	0
AT2G23985.24	919	720	0	0
AT2G23985.12	1207	1008	0	0
AT2G23985.19	930	731	0	0
AT2G23985.22	1293	1094	0	0
AT2G23985.25	769	570	0	0
AT2G23985.2	955	756	0	0
AT2G23985.13	1190	991	3.63729	1.19934
AT2G23985.23	738	539	0	0
AT2G23985.6	1392	1193	0	0
AT2G23985.17	947	748	0	0
AT2G23985.10	1328	1129	0	0
AT2G23985.9	1340	1141	0	0
AT2G23985.20	951	752	0	0
AT2G23985.11	1311	1112	0	0
AT2G23985.8	1353	1154	0.538518	0.152487
AT1G19070.1	252	53.2554	0	0
AT1G11840.6	1459	1260	0	0
AT1G11840.4	1272	1073	337.519	102.787
AT1G11840.1	1641	1442	75.7783	17.1719
AT1G11840.3	1249	1050	544.714	169.519
AT1G11840.2	1616	1417	0.00294618	0.000679402
AT1G11840.5	1483	1284	307.986	78.3797
AT4G15545.1	1522	1323	968.303	239.161
AT1G61165.1	221	27.2129	0	0
AT4G14080.1	1663	1464	0	0
AT2G07696.1	1179	980	0	0
AT5G54490.1	1021	822	7	2.78269
AT5G03930.1	651	452	0	0
AT1G09415.1	655	456	11	7.88254
AT2G33770.1	4176	3977	853	70.0861
AT3G11580.4	2285	2086	5.25441	0.823091
AT3G11580.3	1888	1689	1.54307	0.298535
AT3G11580.2	2164	1965	0	0
AT3G11580.1	1522	1323	0	0
AT3G11580.5	1014	815	0.202517	0.0811975
AT1G52905.1	715	516	49.02	31.0429
AT1G10620.1	2503	2304	0	0
AT5G11560.1	3371	3172	698	71.9052
AT1G24310.1	1538	1339	93	22.6956
AT5G28530.3	2715	2516	17.853	2.31867
AT5G28530.4	2190	1991	0.00510661	0.000838107
AT5G28530.5	2178	1979	5.27433	0.870883
AT5G28530.2	2972	2773	10.7899	1.27147
AT5G28530.1	2058	1859	1.0777	0.189433
AT3G04130.1	2349	2150	0	0
AT3G04130.2	2510	2311	32	4.52469
AT1G62710.1	1783	1584	45	9.28316
AT3G11890.1	1841	1642	19.6803	3.91649
AT3G11890.3	1950	1751	0	0
AT3G11890.2	1901	1702	0	0
AT3G11890.6	1914	1715	0	0
AT3G11890.5	1995	1796	0	0
AT3G11890.7	1876	1677	28.3197	5.51815
AT3G11890.4	2187	1988	0	0
AT1G59620.1	3021	2822	0	0
AT1G59620.2	2911	2712	24	2.89174
AT1G59870.1	4930	4731	1058	73.0754
AT2G01180.7	1815	1616	12.6495	2.55782
AT2G01180.2	1904	1705	0	0
AT2G01180.4	1723	1524	0	0
AT2G01180.3	2019	1820	0	0
AT2G01180.1	1605	1406	0	0
AT2G01180.8	1529	1330	27.3505	6.71973
AT2G01180.5	1995	1796	0	0
AT2G01180.6	1200	1001	0	0
AT3G14280.1	819	620	62	32.6767
AT5G62430.1	1426	1227	82	21.8377
AT2G33330.1	1788	1589	98	20.153
AT1G26480.1	1349	1150	0	0
AT3G24010.1	1020	821	40	15.9204
AT2G39270.1	1165	966	61	20.6344
AT1G13755.1	564	365	0	0
AT5G01895.1	634	435	13.7344	10.3171
AT4G22467.1	1237	1038	43.6524	13.742
AT2G36930.1	880	681	178	85.4105
AT1G27970.2	676	477	43.3627	29.7054
AT1G27970.1	960	761	270.637	116.209
AT3G59900.1	968	769	36	15.2973
AT5G53970.1	1665	1466	290	64.6402
AT2G04740.3	2128	1929	11.2361	1.90336
AT2G04740.1	2039	1840	66.7639	11.8567
AT2G04740.4	2118	1919	0	0
AT2G04740.2	2207	2008	0	0
AT1G12130.1	1501	1302	0	0
AT1G04600.1	5766	5567	5	0.293486
AT5G07440.2	1748	1549	156.352	32.9831
AT5G07440.1	1859	1660	68.6477	13.5131
AT5G07440.3	1629	1430	4.99263e-05	1.14086e-05
AT3G11920.1	1893	1694	0	0
AT1G49750.1	2042	1843	326	57.8004
AT5G44990.2	1252	1053	0	0
AT5G44990.1	1142	943	5	1.73259
AT5G44990.4	1343	1144	0	0
AT5G44990.3	1219	1020	0	0
AT5G27220.4	3381	3182	1	0.102692
AT5G27220.1	3983	3784	0	0
AT5G27220.2	3787	3588	0	0
AT5G27220.3	3546	3347	0	0
AT1G80245.2	882	683	0	0
AT1G80245.4	1286	1087	0	0
AT1G80245.7	1094	895	3.83814	1.40131
AT1G80245.1	861	662	0	0
AT1G80245.3	966	767	1.30738e-08	5.56986e-09
AT1G80245.5	1097	898	9.69284	3.52706
AT1G80245.6	1037	838	8.46902	3.30238
AT1G31930.5	3247	3048	0	0
AT1G31930.2	3162	2963	61.0936	6.73755
AT1G31930.3	3065	2866	59.841	6.82278
AT1G31930.6	3284	3085	0	0
AT1G31930.1	3159	2960	25.0643	2.76696
AT1G31930.4	3067	2868	0.00110768	0.000126204
AT1G68580.1	2470	2271	2.59125	0.372847
AT1G68580.2	2637	2438	182.385	24.4452
AT1G68580.4	2548	2349	1.85404	0.257914
AT1G68580.5	2750	2551	0	0
AT1G68580.3	2692	2493	59.1694	7.75556
AT3G12530.4	1101	902	0	0
AT3G12530.2	872	673	0	0
AT3G12530.3	1363	1164	4.04167	1.13461
AT3G12530.1	1075	876	12.9583	4.83374
AT1G18440.1	1119	920	47.8974	17.0123
AT1G18440.2	1270	1071	14.1026	4.30276
AT1G08260.1	8576	8377	144.135	5.62237
AT1G08260.2	8435	8236	0	0
AT3G06430.1	1774	1575	118	24.4816
AT2G45200.1	1380	1181	88	24.3484
AT2G45200.2	1345	1146	0	0
AT3G10430.1	1113	914	0	0
AT5G17370.2	1667	1468	6.739	1.50006
AT5G17370.1	1571	1372	11.261	2.68201
AT1G60650.4	1278	1079	0	0
AT1G60650.2	1193	994	17.2645	5.67552
AT1G60650.3	2128	1929	11.9132	2.01806
AT1G60650.1	1114	915	37.8223	13.5072
AT5G04080.2	673	474	0	0
AT5G04080.3	698	499	0	0
AT5G04080.1	589	390	49	41.0554
AT1G72620.1	1131	932	1	0.350608
AT2G01735.1	1413	1214	34.0758	9.17202
AT2G01735.2	1493	1294	6.92425	1.74854
AT5G65050.3	1073	874	22.7134	8.49199
AT5G65050.2	845	646	15.4154	7.79762
AT5G65050.4	3147	2948	4.17821	0.463128
AT5G65050.1	922	723	31.6929	14.3239
AT5G65050.5	1040	841	0	0
AT5G22440.1	1090	891	221.842	81.3588
AT5G22440.2	1072	873	419.337	156.959
AT1G62570.1	2218	2019	140	22.6584
AT5G37670.1	834	635	4	2.05838
AT5G17170.2	1140	941	72.462	25.1628
AT5G17170.1	1324	1125	189.538	55.0532
AT5G50890.1	1641	1442	34	7.70463
AT3G55050.1	1650	1451	0.105231	0.0236982
AT3G55050.2	1825	1626	126.895	25.5013
AT2G25000.2	1488	1289	4.9394	1.25216
AT2G25000.3	1150	951	13.9658	4.7987
AT2G25000.4	1171	972	0	0
AT2G25000.1	1284	1085	38.0948	11.4729
AT5G62630.1	2489	2290	84	11.9862
AT1G31740.1	2340	2141	0	0
AT3G54210.1	997	798	1251	512.263
AT5G61400.1	1965	1766	6	1.11019
AT5G06640.2	2256	2057	0	0
AT5G06640.1	2288	2089	200.808	31.4109
AT5G63890.1	1699	1500	0	0
AT5G63890.2	1672	1473	234	51.9101
AT1G29195.1	1078	879	8	2.97399
AT3G17350.1	1084	885	14	5.1692
AT3G17350.2	896	697	0	0
AT5G66595.1	391	192	0	0
AT1G79320.1	1381	1182	17	4.6997
AT1G29600.1	1505	1306	3	0.750614
AT1G29600.2	1532	1333	0	0
AT3G08660.1	2207	2008	6.4359	1.04733
AT3G08660.2	2285	2086	0	0
AT3G08660.3	1895	1696	10.5641	2.03538
AT1G67856.1	1287	1088	3	0.901012
AT1G65070.3	3288	3089	67.1143	7.09962
AT1G65070.1	2583	2384	75.8857	10.4014
AT1G65070.2	3213	3014	0	0
AT1G65070.4	2896	2697	1.49825e-06	1.81527e-07
AT2G46495.2	1331	1132	0	0
AT2G46495.1	1415	1216	20	5.37446
AT1G32740.3	1325	1126	0	0
AT1G32740.2	1250	1051	3.13731	0.975424
AT1G32740.1	1427	1228	4.79688	1.27643
AT1G32740.4	915	716	9.06581	4.13744
AT1G78880.1	2246	2047	160	25.5412
AT1G72660.2	1905	1706	0	0
AT1G72660.4	1184	985	1.00353	0.332916
AT1G72660.3	1436	1237	0	0
AT1G72660.1	1738	1539	0	0
AT4G34760.1	893	694	71	33.4301
AT2G31955.3	1485	1286	18.2178	4.62908
AT2G31955.5	1806	1607	0.283462	0.0576392
AT2G31955.2	1780	1581	1.54279	0.31887
AT2G31955.4	2047	1848	0	0
AT2G31955.1	1873	1674	47.8887	9.34793
AT2G31955.6	1802	1603	26.0672	5.31374
AT1G14250.1	1952	1753	24.9471	4.65024
AT2G47850.2	2298	2099	41.0811	6.3954
AT2G47850.4	2705	2506	19.7539	2.57579
AT2G47850.1	2376	2177	9.41006	1.41245
AT2G47850.3	2059	1860	63.7549	11.2005
AT4G00060.3	5376	5177	29.126	1.83841
AT4G00060.1	5111	4912	49.706	3.30665
AT4G00060.2	3370	3171	0	0
AT4G00060.4	5239	5040	87.168	5.65152
AT2G18780.1	1403	1204	13	3.52822
AT5G12890.1	1833	1634	35	6.9993
AT2G27313.1	204	18.2087	0	0
AT2G21060.1	1017	818	116	46.3386
AT5G57890.1	1187	988	44.4366	14.6968
AT5G51120.1	1191	992	155.494	51.2201
AT5G51120.2	1213	1014	8.1725	2.63363
AT5G51120.3	737	538	6.33347	3.84678
AT3G12550.4	2592	2393	1.25565e-06	1.7146e-07
AT3G12550.2	2623	2424	0.0956772	0.0128978
AT3G12550.5	2503	2304	0	0
AT3G12550.3	2752	2553	0	0
AT3G12550.1	2610	2411	45.9043	6.22149
AT1G54830.2	982	783	0	0
AT1G54830.3	1468	1269	0	0
AT1G54830.1	1159	960	78	26.5498
AT3G42565.1	360	161	0	0
AT5G67480.2	1563	1364	38.3208	9.18032
AT5G67480.1	2146	1947	6.67925	1.12098
AT5G67480.3	1749	1550	0	0
AT1G61040.3	2699	2500	35.5885	4.65167
AT1G61040.2	2739	2540	4.33844e-07	5.58134e-08
AT1G61040.1	2456	2257	59.4115	8.60156
AT1G35430.1	823	624	17	8.90231
AT1G61340.1	980	781	11	4.60235
AT1G61340.2	944	745	0	0
ATMG00450.1	321	122	0	0
AT5G24440.1	963	764	0	0
AT5G56940.1	751	552	78	46.1736
AT4G09190.1	1152	953	0	0
AT2G31420.1	773	574	0	0
AT5G33390.1	1519	1320	0	0
AT5G08600.3	2898	2699	0	0
AT5G08600.2	2821	2622	0	0
AT5G08600.1	2767	2568	13	1.65419
AT1G72680.1	1453	1254	98	25.5368
AT5G63980.1	1062	863	169	63.9903
AT4G20350.11	774	575	0	0
AT4G20350.8	1124	925	8.11404	2.86638
AT4G20350.3	1309	1110	0	0
AT4G20350.4	925	726	4.77698e-06	2.15008e-06
AT4G20350.10	990	791	0	0
AT4G20350.2	1247	1048	3.18535	0.993195
AT4G20350.7	929	730	0	0
AT4G20350.5	1295	1096	0	0
AT4G20350.9	1037	838	0	0
AT4G20350.6	1010	811	1.70061	0.685206
AT4G20350.1	1052	853	0	0
AT1G69820.1	1136	937	0	0
AT3G16432.1	186	12.4336	0	0
AT5G05598.1	183	11.741	0	0
AT3G23122.1	18	2.68907	0	0
AT4G02920.1	2183	1984	386.13	63.5961
AT4G02920.2	2169	1970	402.87	66.8247
AT1G44760.2	1074	875	9.17687e-07	3.42708e-07
AT1G44760.1	1060	861	101	38.3316
AT3G17730.1	1215	1016	17	5.46756
AT2G29700.1	1066	867	115	43.3428
AT4G29548.1	216	24.1385	0	0
AT5G41761.1	1028	829	13	5.12421
AT1G43640.2	1613	1414	0	0
AT1G43640.1	1759	1560	0	0
AT4G30470.1	1440	1241	228	60.0346
AT4G21760.2	1744	1545	49.1736	10.4002
AT4G21760.1	1715	1516	13.4225	2.89316
AT5G63580.2	1380	1181	0	0
AT5G63580.1	1289	1090	5	1.49893
AT4G33230.1	2231	2032	0	0
AT1G47390.1	1113	914	0	0
AT5G55870.1	675	476	0	0
AT5G28660.1	525	326	0	0
AT1G73560.1	532	333	0	0
AT1G45976.1	1196	997	59	19.3373
AT3G30725.1	562	363	2	1.80037
AT3G23530.1	3413	3214	630.459	64.0987
AT4G22720.1	1542	1343	41.6434	10.1323
AT4G22720.2	1413	1214	29.3566	7.90179
AT2G37020.1	1173	974	39.3232	13.1925
AT2G37020.3	1272	1073	21.6768	6.60136
AT2G37020.2	1382	1183	0	0
AT2G21120.1	1920	1721	123	23.3541
AT5G50330.2	1741	1542	13.2057	2.79843
AT5G50330.1	1834	1635	7.79433	1.55775
AT5G42710.1	2575	2376	9	1.23775
AT5G42710.3	2782	2583	0	0
AT5G42710.2	2660	2461	0	0
AT3G12120.1	1869	1670	2302.18	450.465
AT3G12120.2	1962	1763	12.8183	2.37584
AT3G10860.2	815	616	53.3077	28.2779
AT3G10860.1	711	512	316.692	202.118
AT3G63110.1	1666	1467	82	18.2651
AT3G20520.1	2391	2192	0	0
AT1G76890.2	2119	1920	95	16.1682
AT3G30770.1	2012	1813	0	0
AT4G23280.1	2111	1912	0	0
AT4G23280.3	1961	1762	8.19217	1.51926
AT4G23280.2	2002	1803	7.17973e-05	1.30122e-05
AT5G47600.1	671	472	0	0
AT4G28755.1	285	86.0009	137.543	522.605
AT1G55270.2	1554	1355	0	0
AT1G55270.1	1905	1706	100	19.154
AT4G34250.1	2104	1905	66	11.3211
AT2G45280.1	1614	1415	36	8.31351
AT2G45280.2	1352	1153	3.16978e-06	8.98336e-07
AT5G36380.1	357	158	0	0
AT4G32350.1	2892	2693	7.82839	0.949893
AT4G32350.2	2859	2660	8.5681e-05	1.05255e-05
AT4G32350.3	2548	2349	73.1715	10.1788
AT1G11130.1	3006	2807	28.9979	3.37569
AT1G11130.2	2522	2323	66.0021	9.28425
AT4G15350.1	1865	1666	4	0.784555
AT1G13430.1	1281	1082	5	1.51001
AT5G64660.1	1643	1444	32	7.24138
AT3G52920.1	1232	1033	165.892	52.4763
AT3G52920.2	1209	1010	78.1079	25.2704
AT1G20200.1	1932	1733	327	61.6577
AT1G07960.4	1298	1099	21.6169	6.42739
AT1G07960.3	1037	838	24.633	9.60533
AT1G07960.1	849	650	25.6904	12.9151
AT1G07960.2	944	745	21.0596	9.23702
AT1G70430.2	2194	1995	0	0
AT1G70430.3	2105	1906	0	0
AT1G70430.1	2226	2027	6.10542	0.984238
AT1G70430.4	1894	1695	0.894578	0.172459
AT5G16410.1	1760	1561	1	0.209332
AT1G67700.2	1063	864	274.092	103.662
AT1G67700.4	1142	943	38.204	13.2384
AT1G67700.3	989	790	0.77774	0.321696
AT1G67700.5	1128	929	19.5348	6.87119
AT1G67700.1	1077	878	531.392	197.769
AT5G38030.1	2104	1905	30.416	5.21729
AT1G33760.1	1164	965	0	0
AT1G29710.1	1773	1574	27	5.60528
AT1G54450.1	2209	2010	24	3.9017
AT1G22730.1	2650	2451	144	19.1981
AT2G22440.1	914	715	0	0
AT3G61540.1	1773	1574	76.0619	15.7907
AT3G21910.1	941	742	0	0
AT1G22885.2	350	151	12.2279	26.4615
AT1G22885.1	758	559	28.7721	16.8189
AT2G21100.1	734	535	13.9687	8.53177
AT2G21100.2	1053	854	8.03135	3.07305
AT3G12500.1	1373	1174	90	25.0503
AT4G15245.1	474	275	0	0
ATCG01270.1	234	36.8813	0.5	4.42999
AT3G13640.1	2380	2181	3	0.449473
AT1G24851.1	1978	1779	11.7815	2.16402
AT3G10050.1	2525	2326	261.036	36.6716
AT4G02460.4	3123	2924	0.368667	0.0411999
AT4G02460.1	3205	3006	21.6302	2.35131
AT4G02460.2	3289	3090	13.7444	1.45346
AT4G02460.3	3207	3008	0.256759	0.0278924
AT5G49940.2	958	759	0	0
AT5G49940.1	954	755	208	90.0233
AT4G09350.1	1280	1081	92	27.81
AT3G53750.1	1700	1501	155.661	33.8873
AT3G53750.2	2071	1872	9.36168	1.63413
AT4G10600.1	1369	1170	0	0
AT4G10600.2	1196	997	5	1.63875
AT4G25040.1	840	641	0	0
AT1G62050.1	2299	2100	43	6.69095
AT1G04840.1	2703	2504	6	0.782988
AT5G60050.1	1978	1779	25	4.59201
AT4G16760.2	2389	2190	154.188	23.0063
AT4G16760.1	2596	2397	335.812	45.779
AT1G80260.3	3655	3456	0.975583	0.092242
AT1G80260.2	3830	3631	52.9183	4.76231
AT1G80260.1	3446	3247	99.7376	10.0373
AT5G19660.3	3437	3238	112.863	11.3898
AT5G19660.1	3456	3257	0.136642	0.0137089
AT5G19660.2	3470	3271	2.90116e-08	2.89821e-09
AT4G21160.2	1405	1206	0.000627468	0.000170013
AT4G21160.3	1566	1367	9.04268	2.16156
AT4G21160.1	1448	1249	112.957	29.5521
AT4G21160.4	1723	1524	0	0
AT2G42865.1	249	50.3754	0	0
AT3G19370.3	2789	2590	12.2865	1.55013
AT3G19370.1	2869	2670	27.5447	3.37105
AT3G19370.2	2379	2180	202.169	30.3037
AT5G61600.1	1389	1190	20	5.49188
AT4G14730.1	1122	923	0	0
AT5G22180.1	510	311	0	0
AT1G19730.1	727	528	34	21.0418
AT5G15230.2	667	468	0	0
AT5G15230.1	796	597	531	290.642
AT3G20120.2	1685	1486	0.00311674	0.000685361
AT3G20120.4	1714	1515	12.3739	2.66889
AT3G20120.3	1822	1623	29.4163	5.92253
AT3G20120.1	1691	1492	1.20676	0.264296
AT2G25150.1	2186	1987	8	1.31562
AT5G06690.3	1221	1022	0	0
AT5G06690.4	1057	858	0	0
AT5G06690.1	966	767	1.86276	0.793598
AT5G06690.2	1179	980	3.13724	1.04607
AT2G19630.2	693	494	0	0
AT2G19630.1	894	695	0	0
AT1G45180.2	2224	2025	2.60801	0.420846
AT1G45180.1	2504	2305	49.392	7.00203
AT1G45180.3	2604	2405	0	0
AT1G45180.4	2521	2322	0	0
AT4G17640.2	1496	1297	16.6279	4.18925
AT4G17640.1	1490	1291	161.372	40.8451
AT2G40920.1	1708	1509	51.0564	11.056
AT2G40920.2	1442	1243	21.9436	5.76866
AT4G10360.1	1422	1223	47.7566	12.7598
AT4G10360.3	1462	1263	30.964	8.01111
AT4G10360.2	1548	1349	21.2794	5.15449
AT3G56720.4	2250	2051	0	0
AT3G56720.2	1657	1458	28.1571	6.31057
AT3G56720.7	1932	1733	4.37135e-05	8.24243e-06
AT3G56720.5	2135	1936	12.9424	2.18448
AT3G56720.1	2044	1845	0	0
AT3G56720.3	1766	1567	3.9005	0.813372
AT3G56720.6	1938	1739	0	0
AT4G33710.1	765	566	0	0
AT4G22620.1	1003	804	0	0
AT5G36228.1	1910	1711	0	0
AT2G26340.1	1206	1007	109.755	35.6149
AT2G26340.2	839	640	61.2452	31.2702
AT5G18310.1	1305	1106	0	0
AT5G18310.4	1284	1085	35.3219	10.6378
AT5G18310.2	1389	1190	57.6781	15.8381
AT5G18310.3	1807	1608	0	0
AT1G35435.1	282	83.0016	0	0
AT3G41762.1	1116	917	3.32974	1.18653
AT5G04150.1	1029	830	14.7337	5.8006
AT5G04150.2	860	661	8.26627	4.08645
AT3G13310.1	1086	887	136	50.1018
AT2G41640.3	2130	1931	0	0
AT2G41640.1	1993	1794	11	2.00359
AT2G41640.2	2563	2364	0	0
AT3G49000.1	2055	1856	60	10.5636
AT3G48940.1	921	722	5	2.26293
AT3G16080.2	1017	818	9.83566	3.92906
AT3G16080.1	683	484	553.8	373.892
AT3G19890.1	1233	1034	0	0
AT1G06690.1	1607	1408	210	48.7366
AT1G03300.1	2013	1814	0	0
AT5G49010.2	1834	1635	0	0
AT5G49010.1	1699	1500	11	2.39629
AT1G27020.1	1529	1330	39	9.58189
AT1G27760.3	2048	1849	338.427	59.8089
AT1G27760.1	1919	1720	263.573	50.0739
AT1G27760.2	2088	1889	0	0
AT4G08540.1	1759	1560	51	10.6828
AT2G43320.1	1691	1492	29.2549	6.4072
AT2G43320.2	1283	1084	42.7451	12.8853
AT1G54270.1	1904	1705	279.11	53.4921
AT1G54270.2	1623	1424	586.396	134.561
AT1G54590.1	1132	933	1	0.350233
AT3G22345.1	1300	1101	0	0
AT1G68450.1	790	591	10	5.52905
AT4G12590.1	1255	1056	183	56.6273
AT3G15920.1	5705	5506	119	7.06235
AT4G16220.1	738	539	4	2.42499
AT2G20660.1	306	107	0	0
AT5G09370.3	628	429	0	0
AT5G09370.1	767	568	0	0
AT5G09370.2	785	586	0	0
AT2G18990.1	1078	879	65	24.1637
AT4G33930.1	1152	953	0	0
AT4G14780.1	2054	1855	15	2.64232
AT4G08400.2	1275	1076	4.22056	1.28173
AT4G08400.1	1767	1568	54.4921	11.356
AT4G08400.3	442	243	1.50176	2.01944
AT3G43645.1	210	20.9285	0	0
AT3G53700.1	2934	2735	109	13.0229
AT4G17905.2	1336	1137	0	0
AT4G17905.1	968	769	6	2.54955
AT1G69900.1	1647	1448	30	6.77004
AT3G52060.1	1664	1465	139	31.0038
AT2G41170.1	1800	1601	43.9866	8.97775
AT2G41170.3	1890	1691	19.3789	3.74476
AT2G41170.2	1899	1700	13.6345	2.62076
AT5G13120.1	1323	1124	137.552	39.989
AT5G13120.2	1037	838	244.448	95.3191
AT1G67270.1	1896	1697	11	2.11811
AT1G42480.2	815	616	4.57798	2.42846
AT1G42480.1	972	773	54.422	23.0056
AT1G42480.3	787	588	0	0
AT4G23910.1	929	730	14.9004	6.66981
AT4G23910.2	876	677	30.0996	14.5282
AT3G19340.1	1819	1620	177	35.7023
AT1G66810.2	1702	1503	0	0
AT1G66810.1	1366	1167	5	1.40003
AT1G66810.3	1628	1429	0	0
AT5G67520.3	936	737	6.10052	2.70481
AT5G67520.2	1453	1254	0	0
AT5G67520.1	1324	1125	2.89948	0.842183
AT1G51360.1	791	592	11	6.07169
AT5G27170.1	312	113	0	0
AT3G13800.3	1409	1210	5.54968e-08	1.49872e-08
AT3G13800.1	1991	1792	0	0
AT3G13800.2	1388	1189	29.7238	8.16884
AT3G13800.4	1569	1370	30.2762	7.22137
AT1G57550.1	553	354	0	0
AT1G03050.1	2222	2023	1	0.161526
AT5G33210.1	522	323	0	0
AT5G33210.2	624	425	0	0
AT1G16825.1	659	460	6.79199	4.82478
AT1G16825.2	916	717	2.20801	1.00628
AT2G39340.1	3740	3541	193	17.8102
AT3G44990.1	1393	1194	629	172.141
AT2G32860.1	2175	1976	204	33.7351
AT2G32860.2	2096	1897	2.13198e-06	3.67244e-07
AT5G42690.3	2093	1894	0	0
AT5G42690.5	1778	1579	5.72047	1.18383
AT5G42690.1	2099	1900	7.12664	1.22566
AT5G42690.2	2208	2009	11.1529	1.81404
AT5G42690.4	2277	2078	0	0
AT5G58910.2	2133	1934	0	0
AT5G58910.3	1701	1502	0	0
AT5G58910.1	1572	1373	6	1.42797
AT1G72141.1	177	10.528	0	0
AT1G57990.1	1858	1659	79.7345	15.705
AT1G25150.1	1773	1574	0	0
AT1G25150.2	1672	1473	0	0
AT4G29010.1	2705	2506	358	46.681
AT3G13228.1	1288	1089	0	0
AT1G79780.1	782	583	4	2.24197
AT4G02380.3	933	734	440.184	195.964
AT4G02380.2	555	356	162.816	149.446
AT4G02380.1	943	744	5.05726e-06	2.22116e-06
AT3G10572.3	1069	870	17.8333	6.6981
AT3G10572.2	1440	1241	0	0
AT3G10572.1	1321	1122	31.1667	9.07686
AT1G31150.1	2555	2356	53.9849	7.48747
AT1G31150.2	2525	2326	0.0151092	0.00212261
AT1G59865.1	528	329	0	0
AT1G59865.2	743	544	0	0
AT4G30690.2	993	794	10.4951	4.31923
AT4G30690.1	1132	933	56.5049	19.7899
AT1G69410.1	1288	1089	250	75.0154
AT4G33970.1	3108	2909	1	0.11233
AT3G02890.1	3622	3423	76.9574	7.34652
AT3G02890.4	3861	3662	2.22296e-05	1.98359e-06
AT3G02890.3	3974	3775	19.0426	1.64834
AT3G02890.2	3518	3319	1.31299e-05	1.29268e-06
AT3G20240.1	1570	1371	60	14.3005
AT4G01310.1	1130	931	1343	471.373
AT2G14110.2	1023	824	9.05397	3.59046
AT2G14110.1	908	709	17.946	8.27105
AT1G17640.2	1510	1311	0	0
AT1G17640.1	1556	1357	0	0
AT1G17640.3	1418	1219	21	5.62929
AT3G58130.1	1331	1132	0	0
AT3G58130.2	1164	965	23.5824	7.98546
AT5G46740.1	2644	2445	37.0455	4.95102
AT5G46740.2	2578	2379	48.9545	6.72414
AT2G34080.1	1369	1170	24	6.70292
AT1G59630.1	720	521	0	0
AT3G10590.1	853	654	0	0
AT5G44090.2	3012	2813	0	0
AT5G44090.1	2594	2395	196	26.7417
AT3G61680.2	2717	2518	31.9996	4.15267
AT3G61680.1	2611	2412	0	0
AT3G61680.3	2418	2219	0.000352348	5.18864e-05
AT3G14060.1	942	743	12	5.27753
AT5G50760.1	1174	975	11	3.6866
AT5G13630.2	4523	4324	7293.98	551.21
AT5G13630.1	4753	4554	5036.02	361.354
AT3G47600.1	1612	1413	26.2432	6.06894
AT3G47600.2	1822	1623	6.1514	1.23849
AT5G47750.1	2326	2127	239	36.7171
AT2G22880.1	345	146	2.11601	4.73592
AT2G19130.1	2846	2647	36	4.44413
AT2G10535.1	252	53.2554	0	0
AT2G02990.1	1120	921	8	2.83837
AT1G09880.4	2011	1812	0	0
AT1G09880.2	2319	2120	0	0
AT1G09880.3	2226	2027	0	0
AT1G09880.1	1925	1726	2	0.378641
AT1G78260.2	2306	2107	4.75412	0.7373
AT1G78260.1	1654	1455	37.2459	8.36476
AT4G21700.1	2923	2724	40	4.79834
AT2G46140.1	948	749	66	28.7939
AT2G04840.1	1170	971	0	0
AT1G10490.1	3885	3686	99.078	8.78335
AT1G10490.2	3148	2949	81.7024	9.05312
AT5G02870.1	1653	1454	1437.93	323.156
AT5G02870.2	1472	1273	943.667	242.23
AT4G31390.3	2720	2521	31.9114	4.13629
AT4G31390.2	2371	2172	117.796	17.7218
AT4G31390.1	2562	2363	143.293	19.8152
AT5G26955.1	327	128	0	0
AT5G43890.1	1800	1601	9	1.83692
AT2G41550.1	1870	1671	22.3192	4.36457
AT3G48131.1	132	5.68809	0	0
AT3G62300.1	2583	2384	45.7221	6.26698
AT3G62300.2	2592	2393	78.2779	10.6889
AT2G36840.1	1816	1617	26	5.25414
AT3G03480.1	1593	1394	1	0.23441
AT2G41400.1	664	465	0	0
AT5G32470.1	2422	2223	101	14.8464
AT4G19090.1	2296	2097	10	1.55826
AT5G15790.2	1660	1461	24.2355	5.4205
AT5G15790.5	1667	1468	3.05423	0.679852
AT5G15790.4	1284	1085	0	0
AT5G15790.1	1551	1352	13.9642	3.37504
AT5G15790.3	1777	1578	2.74607	0.568648
AT5G60970.1	1678	1479	46	10.1631
AT3G11700.1	2172	1973	577	95.5624
AT4G02090.1	772	573	7	3.99192
AT2G41930.1	1058	859	1	0.380404
AT1G56060.2	371	172	0	0
AT1G56060.1	552	353	0	0
AT4G35785.3	1481	1282	48.4629	12.3526
AT4G35785.2	1183	984	32.3904	10.7562
AT4G35785.4	1197	998	0	0
AT4G35785.5	1349	1150	0	0
AT4G35785.6	1294	1095	17.0062	5.07494
AT4G35785.1	1144	945	25.1405	8.69322
AT1G63205.1	570	371	0	0
AT5G38620.1	1050	851	0	0
AT4G19960.3	3105	2906	0	0
AT4G19960.1	2804	2605	23.3706	2.93157
AT4G19960.4	1899	1700	34.6294	6.65632
AT4G19960.2	3121	2922	0	0
AT3G18518.1	398	199	0	0
AT1G62900.1	836	637	0.0673499	0.034549
AT2G24690.1	2364	2165	26.5985	4.01455
AT2G24690.2	3156	2957	22.4015	2.47551
AT5G40980.1	756	557	5.23146	3.06907
AT4G25420.2	1544	1345	0	0
AT4G25420.1	1441	1242	8	2.10478
AT4G01690.1	1804	1605	703	143.126
AT4G01690.2	1687	1488	0	0
AT3G19970.4	2221	2022	1.48818	0.240499
AT3G19970.1	1993	1794	31.0859	5.66213
AT3G19970.3	1820	1621	67.4267	13.5921
AT3G19970.5	2058	1859	0	0
AT3G19970.2	2503	2304	25.9992	3.68736
AT5G07490.1	888	689	0	0
AT4G14713.5	1942	1743	8.7588	1.64205
AT4G14713.2	1556	1357	0.00049366	0.000118874
AT4G14713.4	2029	1830	0	0
AT4G14713.1	1544	1345	13.2407	3.21682
AT4G14713.3	1735	1536	0	0
AT1G62421.1	406	207	0	0
AT5G07670.1	1872	1673	58	11.3284
AT1G65130.2	3451	3252	0	0
AT1G65130.1	3367	3168	3	0.309439
AT1G65130.3	3770	3571	0	0
AT1G65130.5	3460	3261	0	0
AT1G65130.4	3530	3331	0	0
AT5G57940.1	2659	2460	54.4117	7.22763
AT5G57940.3	2307	2108	0	0
AT5G57940.2	2538	2339	133.588	18.6628
AT4G24310.1	924	725	18	8.11284
AT1G59850.1	1551	1352	13.8606	3.34999
AT2G48080.1	1619	1420	76	17.4889
AT1G08990.1	2239	2040	42	6.72756
AT3G55180.1	1257	1058	2	0.617707
AT5G43310.5	4072	3873	32.0613	2.70503
AT5G43310.2	4001	3802	128.593	11.0521
AT5G43310.4	4040	3841	24.3412	2.07079
AT5G43310.1	3858	3659	0	0
AT5G43310.3	3861	3662	0.00439675	0.00039233
AT5G50665.4	1397	1198	0.257472	0.0702282
AT5G50665.1	993	794	39.4891	16.2516
AT5G50665.6	863	664	0	0
AT5G50665.3	1687	1488	2.99075	0.656772
AT5G50665.2	949	750	2.86187	1.24689
AT5G50665.5	1275	1076	1.25935	0.382448
AT1G07175.1	612	413	0	0
AT1G07175.2	493	294	3	3.33436
AT5G28235.1	1707	1508	0	0
AT3G24870.2	6341	6142	105.085	5.59074
AT3G24870.3	5787	5588	0	0
AT3G24870.1	6736	6537	101.755	5.08646
AT3G24870.4	4295	4096	0	0
AT4G24270.3	3130	2931	0.331352	0.0369413
AT4G24270.4	2485	2286	7.01616	1.00291
AT4G24270.1	2724	2525	84.6134	10.95
AT4G24270.2	2864	2665	13.0391	1.59878
AT1G53790.1	1946	1747	0	0
AT1G53790.3	1835	1636	10	1.99735
AT1G53790.2	1861	1662	1.37663e-07	2.7066e-08
AT1G10180.1	2640	2441	110	14.7253
AT4G17240.1	1607	1408	46	10.6756
AT4G17240.2	1254	1055	0	0
AT1G55740.1	2587	2388	71	9.71544
AT3G06860.1	2717	2518	316	41.0081
AT1G48730.1	576	377	0	0
AT4G27630.7	1504	1305	0	0
AT4G27630.2	1911	1712	10.0191	1.91234
AT4G27630.5	2125	1926	0	0
AT4G27630.6	1368	1169	0	0
AT4G27630.4	1843	1644	15.9809	3.17641
AT4G27630.1	2138	1939	0	0
AT4G27630.3	1790	1591	0	0
AT4G30040.1	1284	1085	0	0
AT1G73210.3	1890	1691	0	0
AT1G73210.2	1890	1691	0	0
AT1G73210.1	1826	1627	12	2.41008
AT5G18800.2	748	549	194	115.47
AT5G18800.1	670	471	0	0
AT2G47970.2	1665	1466	60.1751	13.4129
AT2G47970.1	1765	1566	115.825	24.1684
AT1G01080.2	1322	1123	170.427	49.5904
AT1G01080.3	1771	1572	21.3471	4.43735
AT1G01080.1	1685	1486	41.2257	9.06542
AT2G44810.1	1309	1110	0	0
AT2G44810.2	2084	1885	0	0
AT4G25270.1	1980	1781	21	3.85295
AT5G37870.1	846	647	0	0
AT3G27000.1	1676	1477	36	7.96453
AT2G22400.1	2698	2499	224	29.2901
AT5G08055.1	246	47.5399	0	0
AT3G42960.1	888	689	0	0
AT5G44567.1	550	351	2	1.86192
AT3G54650.1	2388	2189	157	23.4365
AT1G80470.1	1718	1519	1	0.21512
AT5G10800.2	2740	2541	12.5314	1.61152
AT5G10800.3	2656	2457	0	0
AT5G10800.1	3259	3060	5.89595	0.629609
AT5G57960.1	2249	2050	80.3563	12.8087
AT5G57960.2	2194	1995	92.6437	15.1744
AT2G12875.1	978	779	0	0
AT1G52630.1	1577	1378	0	0
AT1G52630.2	1611	1412	58	13.4224
AT2G18340.2	1326	1127	0	0
AT2G18340.1	1562	1363	0	0
AT2G18340.3	1407	1208	0	0
AT1G30840.2	1377	1178	32.5	9.01522
AT1G30840.1	1681	1482	58.5	12.8987
AT1G05080.1	1320	1121	0	0
AT5G18140.1	1930	1731	102.916	19.4279
AT3G15080.1	1170	971	31	10.4323
AT3G16730.1	2668	2469	37	4.89687
AT2G14560.3	1919	1720	0	0
AT2G14560.1	1533	1334	0	0
AT2G14560.2	964	765	1	0.427147
AT2G14560.4	1267	1068	0	0
AT3G14170.1	1866	1667	6	1.17613
AT3G14170.2	1902	1703	0	0
AT1G29730.4	3069	2870	0	0
AT1G29730.1	3095	2896	0	0
AT1G29730.3	3165	2966	7.97012	0.878075
AT1G29730.2	3191	2992	15.0299	1.64147
AT4G35800.2	5813	5614	8.45467e-08	4.9211e-09
AT4G35800.1	6225	6026	657	35.6266
AT5G63420.1	3377	3178	185	19.022
AT3G59220.1	1545	1346	70	16.9938
AT5G59100.1	2346	2147	0	0
AT5G63310.1	980	781	756	316.307
AT2G21630.1	2420	2221	27	3.97241
AT1G10870.2	2832	2633	0	0
AT1G10870.1	2817	2618	117	14.6034
AT1G55210.1	1035	836	90.7873	35.486
AT1G55210.2	814	615	126.213	67.0604
AT3G04520.3	1371	1172	45.3189	12.6354
AT3G04520.2	1265	1066	21.6811	6.64604
AT3G04520.1	1469	1270	0	0
AT1G71240.1	2793	2594	4.26847	0.537701
AT1G71240.2	2875	2676	64.7315	7.90439
AT1G71240.3	2056	1857	0	0
AT5G45010.1	937	738	81.8444	36.2386
AT3G25597.1	1071	872	9	3.3726
AT1G12411.1	162	8.26769	0	0
AT3G54340.1	1214	1015	0	0
AT5G53740.1	828	629	4	2.07801
AT5G55135.1	467	268	0	0
AT1G56020.1	1740	1541	57	12.0868
AT3G61600.1	2339	2140	240.131	36.6668
AT3G61600.2	2223	2024	113.869	18.3837
AT2G29679.1	123	5.19716	0	0
AT5G47350.1	1175	976	1	0.334802
AT2G19950.1	2558	2359	93.846	12.9995
AT2G19950.2	3058	2859	17.154	1.9606
AT1G57870.1	2191	1992	0	0
AT1G57870.4	2244	2045	0	0
AT1G57870.3	1867	1668	38.5889	7.5597
AT1G57870.2	1851	1652	63.4111	12.5428
AT3G06170.1	1560	1361	95	22.8089
AT1G02950.5	972	773	0	0
AT1G02950.2	910	711	0.00202422	0.000930307
AT1G02950.3	904	705	33.998	15.758
AT1G02950.1	940	741	0	0
AT1G02950.4	913	714	0	0
AT3G07540.1	2966	2767	80	9.44755
AT5G42450.2	1610	1411	0	0
AT5G42450.1	1852	1653	3	0.593044
AT5G17270.1	2970	2771	58.5538	6.90489
AT5G17270.2	3381	3182	13.8854	1.42592
AT5G67200.1	2439	2240	84	12.2538
AT5G41690.1	2268	2069	0	0
AT5G41690.3	2619	2420	0	0
AT5G41690.2	2826	2627	20	2.48776
AT4G15530.7	3134	2935	0	0
AT4G15530.1	3002	2803	39.6357	4.62063
AT4G15530.2	2977	2778	141.729	16.6711
AT4G15530.6	2908	2709	57.106	6.88829
AT4G15530.4	2963	2764	7.74044e-05	9.15094e-06
AT4G15530.3	3026	2827	40.5293	4.6847
AT4G15530.5	3015	2816	1.75052e-05	2.03129e-06
AT1G12200.2	1977	1778	0	0
AT1G12200.1	1837	1638	81	16.1588
AT2G34740.2	1175	976	0	0
AT2G34740.1	1066	867	0	0
AT2G34740.3	924	725	0	0
AT1G33610.1	1784	1585	47	9.68962
AT1G49435.1	280	81.0024	0	0
AT1G61940.1	885	686	0	0
AT1G61940.2	798	599	0	0
AT1G77470.1	1581	1382	54	12.768
AT3G09870.1	538	339	2	1.92783
AT5G23910.1	2374	2175	35.1536	5.2814
AT5G23910.2	2667	2468	16.8464	2.23049
AT5G07650.1	2707	2508	0	0
AT5G07650.2	2606	2407	6.19705	0.841293
AT4G37120.1	2005	1806	255	46.1382
AT5G15430.2	1862	1663	0.335298	0.0658836
AT5G15430.1	1859	1660	2.6647	0.52454
AT5G46650.1	1067	868	0	0
AT3G50808.1	333	134	0	0
AT2G07644.1	368	169	0	0
AT5G58220.3	1236	1037	14.0144	4.41605
AT5G58220.2	1027	828	10.5357	4.15787
AT5G58220.1	1265	1066	72.4499	22.2085
AT2G27420.1	1359	1160	278	78.3114
AT1G65260.1	1534	1335	599.185	146.662
AT1G65260.2	1689	1490	7.81543	1.71398
AT5G53340.1	1620	1421	44.4046	10.2111
AT5G53340.2	1717	1518	23.5954	5.07919
AT1G80900.2	1386	1187	7.59233	2.09008
AT1G80900.1	1673	1474	15.4077	3.41568
AT2G04810.1	1194	995	0	0
AT4G14300.1	2760	2561	161.505	20.6069
AT4G14300.2	2538	2339	75.4955	10.547
AT1G52600.1	966	767	69	29.3963
AT2G03931.1	228	32.1317	0	0
AT5G57510.1	751	552	1	0.591969
AT2G30310.1	1089	890	0	0
AT1G13000.3	1936	1737	0	0
AT1G13000.2	1842	1643	45.1059	8.97086
AT1G13000.5	1852	1653	0	0
AT1G13000.4	1927	1728	21.8941	4.1402
AT1G13000.1	2080	1881	0	0
AT2G42510.2	1986	1787	0	0
AT2G42510.1	1986	1787	0	0
AT2G42510.5	2142	1943	0	0
AT2G42510.3	1980	1781	0	0
AT2G42510.4	1767	1568	12	2.50077
AT2G42510.6	1686	1487	0	0
AT4G11950.1	1242	1043	3	0.939886
AT1G18090.2	1876	1677	10.0885	1.96576
AT1G18090.1	1975	1776	53.818	9.902
AT3G30387.1	449	250	0	0
AT2G04420.1	762	563	0	0
AT1G20020.2	1757	1558	53.9729	11.32
AT1G20020.1	1559	1360	541.36	130.072
AT1G20020.3	1392	1193	558.667	153.021
AT4G08250.1	1452	1253	2	0.521576
AT4G11800.1	3752	3553	152	13.9793
AT3G48780.2	2772	2573	0	0
AT3G48780.1	2625	2426	141	18.9918
AT3G57630.2	2689	2490	63.1679	8.28964
AT3G57630.3	3472	3273	7.11584	0.710425
AT3G57630.1	3110	2911	29.7162	3.33572
AT5G19480.3	1645	1446	12.5022	2.82525
AT5G19480.2	1346	1147	0.562332	0.160202
AT5G19480.1	1225	1026	20.9352	6.66757
AT5G19480.4	1540	1341	0.000287811	7.01321e-05
AT5G54920.1	1884	1685	36.9986	7.17503
AT5G54920.2	1899	1700	0.00141096	0.000271209
AT1G13920.1	1081	882	0.46166	0.171038
AT1G13920.7	1405	1206	16.2223	4.39546
AT1G13920.5	1719	1520	0	0
AT1G13920.2	1317	1118	0	0
AT1G13920.4	1142	943	0	0
AT1G13920.6	1615	1416	9.30212	2.14663
AT1G13920.3	1213	1014	1.01391	0.326737
AT5G54950.1	315	116	0	0
AT5G66910.1	2900	2701	53.6015	6.48472
AT1G17970.2	2018	1819	5.59692	1.00544
AT1G17970.1	1693	1494	18.4031	4.02511
AT5G64510.1	1696	1497	9	1.96453
AT4G14165.1	851	652	0	0
AT3G17700.1	2781	2582	35	4.42945
AT3G17700.2	2765	2566	0	0
AT5G58900.1	1885	1686	162	31.3976
AT5G18360.1	3034	2835	15	1.72893
AT3G21940.2	625	426	0	0
AT3G21940.1	1066	867	0	0
AT4G05060.1	1585	1386	58	13.6742
AT5G64950.1	1359	1160	8	2.25357
AT3G16785.1	4197	3998	138	11.2791
AT3G16785.3	4276	4077	0	0
AT3G16785.4	4310	4111	0	0
AT3G16785.2	4405	4206	0	0
AT3G16785.6	4402	4203	0	0
AT3G16785.5	4531	4332	0	0
AT4G10710.2	4160	3961	8.96491	0.73957
AT4G10710.3	3518	3319	123.756	12.1842
AT4G10710.1	3728	3529	227.279	21.0449
AT3G12260.1	852	653	257	128.605
AT5G17700.2	2512	2313	0	0
AT5G17700.3	2319	2120	0	0
AT5G17700.1	2216	2017	22	3.56414
AT2G05840.2	1114	915	150.416	53.7169
AT2G05840.3	1464	1265	7.75938	2.00435
AT2G05840.1	1365	1166	99.6925	27.9384
AT4G03240.1	1025	826	54	21.3625
AT5G59030.1	1253	1054	111	34.4129
AT3G14130.3	1375	1176	0	0
AT3G14130.4	1327	1128	0	0
AT3G14130.2	1458	1259	0	0
AT3G14130.1	1442	1243	24.2803	6.38294
AT4G29960.1	1214	1015	68	21.8918
AT2G26310.1	1669	1470	0	0
AT2G26310.4	1334	1135	2.72942	0.785803
AT2G26310.2	1573	1374	0	0
AT2G26310.3	1721	1522	13.2498	2.84468
AT2G26310.5	1519	1320	0.0207485	0.00513632
AT3G47660.3	3115	2916	0	0
AT3G47660.5	2942	2743	0	0
AT3G47660.2	3389	3190	0	0
AT3G47660.1	2865	2666	0	0
AT3G47660.6	2727	2528	0	0
AT3G47660.4	2973	2774	0	0
AT3G47660.7	2452	2253	2	0.290073
AT3G07480.1	1121	922	385	136.448
ATMG01100.1	318	119	0	0
AT4G19275.1	727	528	0	0
AT5G63590.1	1401	1202	23	6.25262
AT3G50180.1	1769	1570	1	0.208132
AT4G29990.1	3341	3142	2.50885e-08	2.6092e-09
AT4G29990.2	3286	3087	16	1.69364
AT2G26800.1	1722	1523	128.395	27.5478
AT2G26800.2	1833	1634	116.605	23.3186
AT2G26800.4	1829	1630	0	0
AT2G26800.3	1493	1294	0	0
AT2G26800.5	1770	1571	1.26109e-05	2.62306e-06
AT1G13260.1	1803	1604	100	20.372
AT5G50360.1	1266	1067	0	0
AT5G45030.1	2876	2677	0.00106597	0.000130117
AT5G45030.2	2888	2689	75.1427	9.13133
AT2G28620.1	3129	2930	0	0
AT2G28620.3	3219	3020	29.6259	3.20556
AT2G28620.2	3620	3421	102.374	9.77857
AT2G20430.1	1311	1112	0	0
AT4G19170.1	2261	2062	248	39.3008
AT2G36430.1	1789	1590	56	11.5088
AT1G72000.1	1500	1301	0	0
AT3G11220.1	1801	1602	40	8.15898
AT3G11220.2	1718	1519	0	0
AT3G61550.1	1121	922	108	38.2764
AT5G22160.1	1062	863	0	0
AT3G45300.1	1632	1433	100	22.803
AT1G56070.3	3411	3212	343.469	34.9423
AT1G56070.2	3641	3442	29.9891	2.84702
AT1G56070.1	3236	3037	6721.54	723.207
AT2G03310.1	848	649	6	3.02096
AT4G17350.1	1884	1685	43	8.33886
AT1G52110.1	1928	1729	2	0.377984
AT1G64795.1	201	17.0167	0	0
AT2G35910.1	1254	1055	13	4.02651
AT1G05180.2	1817	1618	1.3697	0.27662
AT1G05180.1	2044	1845	129.63	22.9588
AT1G05180.3	1942	1743	0	0
AT5G17850.1	2086	1887	0	0
AT5G17850.2	2054	1855	3	0.528464
AT5G13920.1	1646	1447	7	1.58077
AT5G13920.2	1736	1537	0	0
AT4G28050.1	1212	1013	86	27.7413
AT3G43833.1	974	775	0	0
AT1G43665.1	372	173	0	0
AT3G44540.2	2174	1975	10.565	1.74799
AT3G44540.3	2936	2737	0	0
AT3G44540.1	2396	2197	18.435	2.7419
AT1G02280.1	1214	1015	298.145	95.9842
AT1G02280.2	1170	971	62.8551	21.1524
AT2G31410.1	1047	848	280	107.895
AT2G44210.1	1900	1701	168.231	32.3176
AT2G44210.2	1809	1610	123.769	25.1203
AT5G52700.1	1113	914	0	0
AT2G01130.2	3581	3382	43.6897	4.22127
AT2G01130.1	3987	3788	65.3103	5.63392
AT2G23070.1	1846	1647	439	87.0982
AT1G76030.1	1988	1789	703.633	128.521
AT4G26580.1	1409	1210	2	0.540111
AT4G26580.2	1686	1487	0	0
AT3G50850.1	811	612	9	4.8054
AT3G28600.1	1600	1401	0	0
AT3G28600.2	1485	1286	0	0
AT5G11930.1	772	573	12	6.84329
AT2G20850.1	2940	2741	50.1279	5.97598
AT2G20850.2	3026	2827	32.8721	3.79962
AT5G64370.1	1551	1352	150	36.2537
AT3G12060.1	2086	1887	5.52248	0.956315
AT2G42460.1	1088	889	0	0
AT1G35410.1	450	251	0	0
AT3G58170.1	951	752	86	37.3696
AT5G25240.1	697	498	6	3.93695
AT2G16030.1	1335	1136	0	0
AT1G18840.1	2548	2349	25.842	3.59485
AT1G18840.3	2522	2323	0	0
AT1G18840.2	2399	2200	134.158	19.9266
AT3G19410.1	1122	923	0	0
AT2G20920.1	1426	1227	217	57.7901
AT4G24800.4	2883	2684	0	0
AT4G24800.1	2699	2500	103.037	13.4677
AT4G24800.3	2883	2684	0	0
AT4G24800.2	2728	2529	94.9626	12.2699
AT4G18620.1	495	296	0	0
AT4G05240.1	594	395	0	0
AT5G38840.1	2525	2326	118	16.5772
AT2G03780.1	1171	972	0	0
AT2G03780.2	1288	1089	0	0
AT2G03780.3	1105	906	54	19.4762
AT3G13740.3	1489	1290	0	0
AT3G13740.1	1370	1171	46.724	13.0383
AT3G13740.5	1304	1105	27.6533	8.17756
AT3G13740.6	1264	1065	15.3273	4.70279
AT3G13740.4	1468	1269	5.29534	1.36355
AT3G13740.2	1012	813	0	0
AT5G41580.1	2822	2623	64	7.97297
AT2G37910.1	699	500	0	0
AT1G09920.1	981	782	94	39.2789
AT5G54200.1	3139	2940	88	9.78078
AT5G60300.1	2840	2641	0	0
AT5G60300.2	2624	2425	88	11.8579
AT5G60300.3	2498	2299	0	0
AT5G23710.1	1022	823	36	14.2936
AT5G64360.1	1747	1548	1.12327	0.23711
AT5G64360.5	1981	1782	0	0
AT5G64360.7	2342	2143	0	0
AT5G64360.6	1959	1760	24.9006	4.62312
AT5G64360.3	2294	2095	30.9762	4.8315
AT5G64360.2	2119	1920	0	0
AT5G64360.4	1866	1667	0	0
AT3G25590.1	2342	2143	48	7.3191
AT3G58050.2	4212	4013	0.265068	0.0215837
AT3G58050.1	4236	4037	189.75	15.359
AT1G34095.1	612	413	2	1.58241
AT3G29410.1	2093	1894	18	3.1055
AT3G29410.2	2116	1917	0	0
AT3G03890.2	1273	1074	53.6749	16.3307
AT3G03890.1	1882	1683	66.3251	12.8775
AT1G30620.1	1993	1794	47.9313	8.73042
AT1G30620.6	1792	1593	0	0
AT1G30620.3	1922	1723	0	0
AT1G30620.4	1996	1797	0	0
AT1G30620.2	1731	1532	9.0687	1.9343
AT1G30620.5	2133	1934	0	0
AT3G44680.1	1788	1589	69.2608	14.243
AT1G21960.1	615	416	0	0
AT4G01740.1	1959	1760	16.2167	3.01084
AT5G67630.1	1661	1462	133	29.7264
AT4G01090.1	2991	2792	120	14.0444
AT3G23290.2	1465	1266	58	14.9704
AT1G01340.2	2550	2351	33.8273	4.70169
AT1G01340.1	2411	2212	9.17266	1.35503
AT5G15810.1	2275	2076	174	27.388
AT1G12020.1	2187	1988	52	8.54723
AT3G22942.1	1238	1039	34	10.6931
AT3G03950.3	1891	1692	67.9233	13.1177
AT3G03950.1	1617	1418	54.0732	12.4608
AT3G03950.2	1879	1680	0.00344326	0.000669729
AT4G10955.2	1249	1050	19.913	6.19707
AT4G10955.1	1292	1093	22.087	6.6032
AT3G11650.1	1327	1128	38	11.0081
AT2G20140.1	1775	1576	244	50.5908
AT1G48880.1	2238	2039	19	3.04491
AT4G09160.1	2467	2268	114.713	16.5275
AT4G09160.2	2356	2157	26.391	3.998
AT4G09160.3	2304	2105	8.89592	1.38095
AT5G09830.1	551	352	39	36.2043
AT1G76450.1	946	747	404	176.725
AT1G08320.1	1934	1735	27.6024	5.19859
AT1G08320.4	2157	1958	0	0
AT1G08320.3	1925	1726	0	0
AT1G08320.2	2282	2083	15.6815	2.46
AT1G08320.5	1770	1571	1.71613	0.356953
AT4G30220.1	638	439	93.4907	69.5893
AT4G30220.2	530	331	33.5093	33.0807
AT3G18550.1	1883	1684	0	0
AT3G18550.3	2220	2021	0	0
AT3G18550.4	1537	1338	0	0
AT3G18550.2	1610	1411	0	0
AT5G28900.1	2263	2064	150.861	23.884
AT5G11990.1	787	588	10	5.55726
AT3G05350.1	2339	2140	230	35.1198
AT1G70970.1	1209	1010	0	0
AT2G21300.2	2975	2776	6.88335e-07	8.10249e-08
AT2G21300.4	3146	2947	0	0
AT2G21300.3	3154	2955	0	0
AT2G21300.1	3226	3027	227.594	24.569
AT2G21300.5	2960	2761	174.406	20.6411
AT3G48280.1	1749	1550	3	0.632452
AT3G45740.1	1460	1261	56	14.5115
AT3G45740.2	1554	1355	0	0
AT2G40600.1	1137	938	79	27.5209
AT1G08550.2	1764	1565	104.847	21.8916
AT1G08550.1	2289	2090	9.55322	1.49363
AT1G08550.3	2584	2385	0	0
AT2G37240.1	1262	1063	172	52.8729
AT2G14050.2	2638	2439	26	3.48337
AT2G14050.1	2096	1897	0	0
AT3G44960.2	1237	1038	0	0
AT3G44960.5	755	556	1.25441	0.737229
AT3G44960.1	1142	943	9.49784	3.29118
AT3G44960.3	1145	946	0.247756	0.0855797
AT3G44960.4	770	571	0	0
AT3G26370.2	2172	1973	54.8968	9.09197
AT3G26370.1	2084	1885	95.1032	16.4863
AT1G76705.1	811	612	1.34551	0.718414
AT1G31410.1	2094	1895	101	17.4161
AT5G45710.3	1907	1708	19.3403	3.70009
AT5G45710.4	1901	1702	0	0
AT5G45710.1	1700	1501	14.7157	3.2036
AT5G45710.2	1598	1399	17.9441	4.19123
AT2G47890.1	2059	1860	10.6911	1.87823
AT2G47890.3	1701	1502	45.4282	9.88312
AT2G47890.2	1461	1262	25.8806	6.70122
AT1G70160.1	2023	1824	243	43.5331
AT2G18690.1	1974	1775	23.7723	4.37635
AT2G18690.2	1302	1103	50.2277	14.8801
AT3G59550.1	2533	2334	37	5.18011
AT4G15870.1	1797	1598	0	0
AT5G17650.1	1138	939	30	10.4398
AT2G21550.2	1778	1579	17	3.51808
AT2G21550.1	1479	1280	0	0
AT5G65070.4	1249	1050	0	0
AT5G65070.3	1010	811	0	0
AT5G65070.5	1217	1018	0	0
AT5G65070.1	992	793	0	0
AT5G65070.2	950	751	0	0
AT5G65070.6	761	562	2	1.16287
AT5G47360.1	1434	1235	21	5.55636
AT1G63080.2	3112	2913	0	0
AT1G63080.1	2175	1976	11.0548	1.82811
AT1G63080.3	3193	2994	5.88212	0.641979
AT2G44620.1	758	559	266	155.492
AT2G26130.1	1302	1103	0	0
AT5G27350.1	2125	1926	192.045	32.5825
AT2G31005.1	246	47.5399	0	0
AT2G20840.3	1368	1169	0	0
AT2G20840.2	1585	1386	0	0
AT2G20840.1	1217	1018	58	18.6174
AT4G20740.1	2777	2578	30	3.80257
AT1G80230.1	1179	980	207	69.0212
AT1G44478.1	582	383	1	0.853178
AT5G46390.1	1766	1567	38.0381	7.93211
AT5G46390.2	1811	1612	37.9619	7.69522
AT2G38060.1	2020	1821	9	1.61499
AT2G38060.2	2100	1901	0	0
AT2G36110.1	1089	890	1	0.367154
AT3G01260.1	1699	1500	89	19.3882
AT5G13680.1	4319	4120	189	14.99
AT2G14289.1	108	4.54805	0	0
AT2G41180.1	920	721	26	11.7836
AT1G79480.2	1706	1507	8.87776	1.92499
AT1G79480.1	1839	1640	0	0
AT2G23960.2	1129	930	0	0
AT2G23960.1	1036	837	5	1.95201
AT4G26510.3	4031	3832	11.8621	1.01152
AT4G26510.2	4105	3906	0.0436524	0.00365186
AT4G26510.4	2035	1836	100.466	17.8807
AT4G26510.1	2093	1894	0	0
AT3G52880.2	1753	1554	545.71	114.749
AT3G52880.1	1846	1647	531.29	105.409
AT1G17440.2	2406	2207	22.1079	3.27328
AT1G17440.1	2647	2448	121.892	16.2706
AT2G33620.1	1629	1430	32.9031	7.51863
AT2G33620.4	1389	1190	46.1309	12.6673
AT2G33620.2	2060	1861	17.966	3.1546
AT2G33620.3	1696	1497	0	0
AT5G25160.1	1228	1029	17	5.39848
AT5G19790.1	933	734	11	4.89705
AT5G25590.1	2694	2495	100	13.0969
AT1G02067.1	222	27.8721	0	0
AT1G69940.1	1447	1248	0	0
AT4G14530.1	961	762	0	0
AT1G01070.1	1692	1493	61.9502	13.5588
AT1G01070.2	1451	1252	3.4458	0.89934
AT2G27410.1	993	794	0	0
AT1G48120.1	4558	4359	119	8.92069
AT4G23770.2	981	782	21.6293	9.03804
AT4G23770.1	1213	1014	4.37069	1.40848
AT1G01590.1	2624	2425	1.00241	0.135075
AT3G53890.2	550	351	0	0
AT3G53890.1	672	473	608	420.03
AT5G27520.1	1456	1257	53	13.7778
AT3G05680.2	7041	6842	124.401	5.94125
AT3G05680.1	6931	6732	169.599	8.23225
AT4G23630.1	1950	1751	998	186.244
AT4G23630.2	2027	1828	0	0
AT5G08360.1	980	781	15.8568	6.63443
AT5G08360.2	584	385	8.14317	6.91148
AT1G48190.1	384	185	0	0
AT2G16770.2	1291	1092	11.7961	3.52984
AT2G16770.1	1497	1298	25.2039	6.34499
AT1G64570.1	3975	3776	101	8.74033
AT1G77855.1	1358	1159	4	1.12776
AT5G16000.1	2532	2333	190	26.612
AT3G62990.1	786	587	1	0.556673
AT3G18750.1	1973	1774	60.7049	11.1817
AT3G18750.3	2183	1984	40.1603	6.61446
AT3G18750.6	1883	1684	0.00582783	0.00113084
AT3G18750.4	2357	2158	0	0
AT3G18750.2	2058	1859	0	0
AT3G18750.5	1943	1744	21.129	3.95886
AT1G30240.2	3051	2852	34.1557	3.91338
AT1G30240.1	2717	2518	39.8443	5.1707
AT5G06360.1	1136	937	355	123.802
AT3G22370.1	1764	1565	207	43.221
AT5G01790.1	1236	1037	113	35.6072
AT5G36080.1	462	263	0	0
AT4G21770.2	1528	1329	9.45143	2.32386
AT4G21770.1	1821	1622	124.952	25.1728
AT5G55850.2	915	716	0	0
AT5G55850.3	1005	806	181.058	73.4042
AT5G55850.1	867	668	93.942	45.9538
AT4G35190.1	1587	1388	3.66711	0.863321
AT4G35190.2	830	631	3.33289	1.72596
AT5G19120.1	1420	1221	101	27.0299
AT1G70450.1	1307	1108	1.07867	0.318117
AT3G26147.1	293	94.0001	0	0
AT2G04039.3	932	733	90.2776	40.2452
AT2G04039.1	1059	860	93.511	35.5306
AT2G04039.2	995	796	96.5751	39.6452
AT1G08645.1	429	230	0	0
AT1G03495.1	1311	1112	18.8803	5.54808
AT1G54300.1	1042	843	0	0
AT4G18823.1	225	29.9375	0	0
AT1G55120.2	2040	1841	25.7483	4.57017
AT1G55120.3	1897	1698	27.2517	5.24439
AT1G55120.1	2074	1875	0	0
AT1G55120.4	2230	2031	0	0
AT3G26640.1	1696	1497	44	9.60438
AT2G44760.1	1734	1535	96	20.4362
AT4G23540.1	3596	3397	88.4823	8.51136
AT5G35590.1	1202	1003	335.132	109.183
AT2G10550.1	513	314	0	0
AT1G48400.2	1464	1265	0	0
AT1G48400.1	1822	1623	0	0
AT5G56470.1	759	560	0	0
AT4G10570.1	3476	3277	103.851	10.3555
AT5G41660.1	1551	1352	0	0
AT2G33880.2	1963	1764	0	0
AT2G33880.1	1620	1421	0	0
AT5G22410.1	1275	1076	12	3.64424
AT3G62330.2	2231	2032	9.0949	1.46256
AT3G62330.1	2082	1883	75.9051	13.1722
AT5G57260.1	1659	1460	1	0.223813
AT1G21510.1	1434	1235	2	0.529178
AT3G55515.1	1139	940	2	0.695249
AT5G06970.1	4152	3953	421	34.8012
AT5G54270.1	1242	1043	13953.2	4371.49
AT5G48540.1	957	758	112	48.2822
AT4G14360.1	2433	2234	341.424	49.9401
AT4G14360.2	2849	2650	36.3583	4.48328
AT1G31920.1	2003	1804	0	0
AT3G46210.1	1062	863	8.4611	3.20372
AT3G46210.5	1111	912	6.10067	2.18585
AT3G46210.7	940	741	5.54822	2.44666
AT3G46210.3	1262	1063	31.89	9.80301
AT3G46210.6	1344	1145	0	0
AT3G46210.4	1093	894	0	0
AT3G46210.2	1023	824	0	0
AT1G13805.1	69	3.46281	0	0
AT4G05590.3	788	589	8.88178	4.92746
AT4G05590.2	766	567	0	0
AT4G05590.1	825	626	12.1182	6.32562
AT5G34883.1	384	185	0	0
AT5G66960.1	2446	2247	12	1.74508
AT1G55335.1	364	165	0	0
AT1G10890.3	2106	1907	60.3875	10.3475
AT1G10890.4	843	644	7.52494	3.81817
AT1G10890.1	1339	1140	29.8562	8.55792
AT1G10890.2	2240	2041	15.2313	2.43856
AT3G57300.1	5132	4933	0.621043	0.0411385
AT3G57300.3	4128	3929	0	0
AT3G57300.2	4997	4798	204.105	13.9005
AT3G57300.4	5114	4915	41.2742	2.74406
AT5G54280.2	4403	4204	65.8652	5.11955
AT5G54280.1	3533	3334	66.1348	6.4819
AT2G24450.1	1190	991	0	0
AT2G18130.1	1326	1127	0	0
AT1G65060.1	2047	1848	231.104	40.8643
AT1G65060.2	2081	1882	26.8959	4.66987
AT1G29660.1	1756	1557	990	207.771
AT3G09960.1	1120	921	4	1.41918
AT2G42080.1	1195	996	39	12.7951
AT3G50240.4	3397	3198	76.998	7.86755
AT3G50240.1	3404	3205	6.25703	0.637938
AT3G50240.3	3454	3255	0	0
AT3G50240.2	3507	3308	44.7449	4.41994
AT4G29510.1	1539	1340	155	37.7977
AT3G43220.2	3014	2815	0	0
AT3G43220.1	3254	3055	0	0
AT3G43220.3	3166	2967	166	18.2822
AT1G34340.1	1989	1790	47	8.57992
ATCG00530.1	690	491	26	17.3034
AT4G31580.2	968	769	186.861	79.4019
AT4G31580.1	1810	1611	63.139	12.8068
AT5G27130.1	1007	808	0	0
ATMG00690.1	723	524	1	0.623601
AT4G25830.1	1349	1150	117	33.245
AT1G30800.1	1177	978	1	0.334118
AT3G58030.4	2036	1837	10.4817	1.8645
AT3G58030.2	2122	1923	0	0
AT3G58030.1	2337	2138	116.777	17.848
AT3G58030.3	1957	1758	71.7408	13.3348
AT5G66590.1	996	797	22	9.01992
AT1G27461.1	1292	1093	0	0
AT3G61440.3	1605	1406	102.829	23.8985
AT3G61440.2	1272	1073	655.638	199.665
AT3G61440.4	1523	1324	673.721	166.276
AT3G61440.1	1652	1453	518.812	116.676
AT1G15870.1	982	783	3	1.25198
AT1G20180.2	1080	881	0	0
AT1G20180.1	1515	1316	0	0
AT4G37440.3	1919	1720	0	0
AT4G37440.1	1865	1666	100	19.6139
AT4G37440.2	1827	1628	0	0
AT3G51660.1	819	620	15	7.90566
AT2G27150.1	4409	4210	0	0
AT2G27150.4	4475	4276	0	0
AT2G27150.5	4375	4176	0	0
AT2G27150.3	4309	4110	80	6.36043
AT2G27150.2	5158	4959	0	0
AT2G27150.6	5058	4859	0	0
AT2G19830.2	1221	1022	138.186	44.1826
AT2G19830.1	866	667	48.3343	23.6793
AT1G02720.1	1947	1748	60.5984	11.3281
AT1G02720.2	2062	1863	3.40159	0.596634
AT5G20390.1	1403	1204	0	0
AT1G47490.1	1920	1721	270.259	51.3143
AT1G47490.2	2033	1834	94.444	16.8273
AT5G25210.2	879	680	0	0
AT5G25210.1	1024	825	6	2.37649
AT1G08060.1	6592	6393	83.5685	4.27146
AT1G08060.2	6286	6087	27.4315	1.4726
AT1G08060.3	6557	6358	2.7982e-05	1.43813e-06
AT3G10140.1	1629	1430	64	14.6245
AT1G07520.2	2593	2394	0	0
AT1G07520.4	2217	2018	0	0
AT1G07520.1	2242	2043	0	0
AT1G07520.3	2850	2651	0	0
AT1G29870.1	1392	1193	0	0
AT1G29490.1	671	472	1	0.692303
AT1G26200.2	1618	1419	0	0
AT1G26200.3	1543	1344	5.19354	1.26271
AT1G26200.1	1510	1311	5.80646	1.44726
AT5G20070.1	1562	1363	418	100.212
AT3G44490.1	690	491	0	0
AT3G13290.1	4791	4592	157.318	11.1948
AT4G27020.1	1923	1724	63	11.941
AT2G16810.1	1534	1335	0	0
AT1G79350.1	4347	4148	209	16.4644
AT2G22690.1	1521	1322	0	0
AT2G22690.2	1553	1354	21	5.06803
AT2G03640.4	1724	1525	0	0
AT2G03640.2	1565	1366	42.2055	10.0962
AT2G03640.5	1756	1557	10.0943	2.11848
AT2G03640.1	1676	1477	128.172	28.3564
AT2G03640.3	1447	1248	18.528	4.85124
AT1G18170.1	1168	969	80	26.9777
AT1G21500.1	877	678	478	230.376
AT4G38260.1	1044	845	47	18.1752
AT3G45610.1	1215	1016	10	3.21621
AT1G15280.1	2345	2146	170.922	26.0259
AT1G15280.2	2447	2248	44.0784	6.4072
AT2G45960.2	1383	1184	225.524	62.2414
AT2G45960.1	1509	1310	1368.06	341.251
AT2G45960.3	1299	1100	3110.07	923.88
AT3G43410.1	369	170	0	0
AT1G13608.1	636	437	2	1.4955
AT3G25120.1	1093	894	43	15.717
AT1G31772.1	623	424	0	0
AT1G31772.2	388	189	1	1.72893
AT5G15120.1	1438	1239	30	7.91204
AT5G57100.3	1979	1780	0	0
AT5G57100.2	1986	1787	0	0
AT5G57100.1	1881	1682	38	7.38237
AT5G57100.4	1975	1776	0	0
AT4G16830.3	1591	1392	0.000482028	0.000113154
AT4G16830.2	1486	1287	71.8069	18.2317
AT4G16830.1	1605	1406	307.193	71.3943
AT1G09750.1	1578	1379	470	111.371
AT3G61160.6	1473	1274	0	0
AT3G61160.5	1548	1349	0	0
AT3G61160.3	1465	1266	0	0
AT3G61160.1	1913	1714	17	3.24098
AT3G61160.2	1934	1735	1.44233e-05	2.71646e-06
AT3G61160.4	1659	1460	0	0
AT3G43980.1	576	377	104.386	90.4773
AT2G12550.1	2033	1834	30	5.34515
AT5G62840.1	1117	918	78.7633	28.0362
AT5G62840.2	779	580	10.2367	5.76726
AT1G27610.1	738	539	0	0
AT1G27610.2	901	702	0	0
AT1G27610.3	820	621	0	0
AT1G33840.2	624	425	0	0
AT1G33840.1	1027	828	7	2.76252
AT1G66540.1	1823	1624	24	4.82907
AT1G66540.2	2102	1903	0	0
AT3G45030.1	717	518	448.38	282.849
AT1G06680.1	1351	1152	3205.66	909.291
AT1G06680.2	1069	870	5664.34	2127.5
AT3G19100.1	2500	2301	220	31.2424
AT5G12090.1	1110	911	0	0
AT3G11130.1	5942	5743	1588.88	90.4046
AT4G36140.1	5265	5066	97.2984	6.27594
AT4G36140.2	5341	5142	0	0
AT2G18969.1	575	376	5.11793	4.4478
AT4G21090.1	1101	902	19.1915	6.95249
AT4G21090.2	1124	925	0	0
AT4G21090.3	960	761	36.8085	15.8053
AT1G02980.1	2444	2245	0	0
AT1G02980.2	2395	2196	0	0
AT1G59670.1	865	666	0	0
AT3G01480.1	1780	1581	886.385	183.202
AT3G01480.2	1762	1563	97.6146	20.4077
AT1G09794.1	672	473	6	4.14504
AT1G51060.1	839	640	443.578	226.479
AT1G80410.2	3183	2984	0	0
AT1G80410.1	3427	3228	655	66.305
AT5G12150.1	3111	2912	645.015	72.3797
AT5G12150.2	3030	2831	75.9847	8.77051
AT2G15450.1	1215	1016	0	0
AT2G35935.1	466	267	0	0
AT2G16070.3	1509	1310	7.10339	1.77187
AT2G16070.1	1413	1214	23.0195	6.19606
AT2G16070.2	1414	1215	135.877	36.5434
AT1G80070.1	7522	7323	1452.99	64.8356
AT2G28010.1	1320	1121	0	0
AT1G69650.1	885	686	0	0
AT1G49310.1	717	518	50	31.5412
AT3G23920.1	2519	2320	404	56.9026
AT2G34210.1	2970	2771	6.04385e-07	7.12715e-08
AT2G34210.2	2934	2735	2	0.238952
AT1G75460.1	2067	1868	151	26.4143
AT2G17820.1	4376	4177	235	18.3841
AT5G64230.1	1515	1316	24	5.95928
AT4G10465.1	884	685	0	0
AT4G14310.2	3058	2859	0	0
AT4G14310.1	3077	2878	92	10.4456
AT5G37970.1	1089	890	0	0
AT4G28020.2	1545	1346	0	0
AT4G28020.3	1151	952	3.21918	1.10496
AT4G28020.1	1443	1244	12.7808	3.3572
AT4G28020.4	1041	842	0	0
AT3G14120.3	3688	3489	58.5934	5.48764
AT3G14120.2	3739	3540	69.4066	6.40672
AT3G14120.1	3697	3498	0	0
AT4G09510.1	2205	2006	158.368	25.7974
AT4G09510.2	1977	1778	18.6316	3.42418
AT2G26660.1	1291	1092	78	23.3405
AT3G27160.1	1065	866	837	315.825
AT3G27160.2	1035	836	0	0
AT4G29120.1	1202	1003	116	37.7916
AT5G36130.1	739	540	2	1.21025
AT5G35330.3	1324	1125	11.9838	3.48081
AT5G35330.1	1271	1072	52.4504	15.9879
AT5G35330.4	1632	1433	3.56577	0.813103
AT5G35330.2	1292	1093	0	0
AT1G61660.6	2143	1944	0	0
AT1G61660.5	2173	1974	0	0
AT1G61660.2	1689	1490	0	0
AT1G61660.7	2059	1860	27.4051	4.81456
AT1G61660.4	1521	1322	0	0
AT1G61660.3	1578	1379	75.9584	17.9991
AT1G61660.1	1774	1575	62.6365	12.9953
AT5G04238.1	195	14.9308	0	0
AT3G63255.1	590	391	23.8495	19.9316
AT5G35890.1	864	665	0	0
AT1G15625.1	978	779	2	0.83894
AT2G22650.2	1571	1372	0	0
AT2G22650.3	1505	1306	19.2747	4.82263
AT2G22650.1	1521	1322	8.72526	2.15668
AT5G41840.1	1623	1424	0	0
AT5G44560.3	605	406	2.595	2.08857
AT5G44560.2	999	800	0	0
AT5G44560.1	1005	806	54.405	22.0568
AT5G44560.4	694	495	0	0
AT5G05630.1	2204	2005	14	2.28167
AT4G35370.1	1342	1143	0	0
AT3G17390.1	1697	1498	4002	872.979
AT2G40110.2	905	706	4.54023	2.10141
AT2G40110.4	953	754	0	0
AT2G40110.3	1111	912	0	0
AT2G40110.1	954	755	18.4598	7.98947
AT4G10160.1	959	760	3	1.28987
AT1G28450.1	702	503	0	0
AT3G57390.1	1452	1253	49	12.7786
AT3G57390.2	1657	1458	0	0
AT3G57390.3	1476	1277	0	0
AT3G29080.1	1338	1139	0	0
AT5G51430.1	3022	2823	235	27.2017
AT5G67300.1	1985	1786	261	47.7526
AT2G17510.1	3080	2881	176.396	20.007
AT2G17510.2	3196	2997	16.6044	1.8104
AT3G51350.1	2101	1902	83	14.2596
AT5G60160.1	1805	1606	163	33.165
AT1G28710.1	1935	1736	4.38248	0.824913
AT1G28710.4	1581	1382	43.2671	10.2303
AT1G28710.3	1952	1753	28.3504	5.28464
AT4G23885.1	539	340	51	49.0151
AT3G24520.1	1725	1526	58	12.4197
AT5G43401.1	270	71.016	0	0
AT1G54740.1	1218	1019	64	20.5232
AT1G27750.1	3724	3525	107	9.91889
AT2G28220.1	1330	1131	0	0
AT1G18950.3	3180	2981	51.6516	5.66187
AT1G18950.1	2763	2564	57.3484	7.30873
AT1G18950.2	3192	2993	0	0
AT1G51350.1	2609	2410	128	17.3553
AT1G20570.1	2931	2732	0	0
AT1G20570.4	2278	2079	0	0
AT1G20570.3	3005	2806	8.36853	0.974541
AT1G20570.2	3117	2918	0	0
AT5G26100.1	528	329	0	0
AT4G05555.1	408	209	0	0
AT1G08530.2	1326	1127	8.88356	2.57574
AT1G08530.3	1266	1067	0	0
AT1G08530.1	1255	1056	23.1164	7.15312
AT1G04300.5	3758	3559	0	0
AT1G04300.2	3783	3584	0	0
AT1G04300.4	3535	3336	138.833	13.599
AT1G04300.1	3688	3489	68.4115	6.40718
AT1G04300.6	2800	2601	51.7551	6.50206
AT1G04300.3	3610	3411	0.000148634	1.42388e-05
AT5G64390.3	2969	2770	41.0364	4.84092
AT5G64390.2	4406	4207	39.4328	3.06283
AT5G64390.1	3867	3668	0	0
AT2G29263.1	261	62.0706	1	5.26444
AT3G09320.1	1773	1574	54	11.2106
AT1G16610.4	1983	1784	0	0
AT1G16610.5	1908	1709	0	0
AT1G16610.1	1830	1631	148.105	29.6724
AT1G16610.3	1521	1322	64.9209	16.0469
AT1G16610.2	1809	1610	18.549	3.76472
AT1G16610.7	1895	1696	8.31341e-05	1.60174e-05
AT1G16610.6	1996	1797	15.2976	2.78171
AT2G33705.1	210	20.9285	0	0
AT2G47090.1	2566	2367	0	0
AT2G47090.4	2457	2258	5.7375e-06	8.30303e-07
AT2G47090.3	2517	2318	0	0
AT2G47090.2	2469	2270	54	7.77331
AT2G47090.5	2406	2207	0	0
AT1G66450.2	2343	2144	4	0.60964
AT1G66450.1	2103	1904	0	0
AT1G05510.1	980	781	0	0
AT4G21060.1	2226	2027	0	0
AT4G21060.2	2721	2522	33	4.2757
AT4G14820.1	2770	2571	8	1.01678
AT1G05500.1	2211	2012	115.522	18.7617
AT1G05500.2	1793	1594	66.4785	13.628
AT1G15410.1	2306	2107	112	17.3697
AT1G15410.2	2013	1814	0	0
AT1G69700.1	909	710	93	42.8019
AT1G06520.1	2313	2114	5	0.772865
AT1G67865.2	792	593	22	12.1229
AT1G67865.1	959	760	0	0
AT3G07060.1	2779	2580	45	5.69943
AT1G17060.1	1980	1781	57	10.458
AT2G31680.1	975	776	76	32.003
AT2G20030.1	1505	1306	13	3.25266
AT5G52130.1	492	293	0	0
AT5G17320.1	2398	2199	0	0
AT2G32550.2	1284	1085	0	0
AT2G32550.1	1095	896	4.22993e-06	1.54264e-06
AT2G32550.3	1234	1035	7	2.21002
AT3G19050.1	8663	8464	137	5.28912
AT5G06240.1	1021	822	21	8.34807
AT1G62630.1	3465	3266	80.5	8.05412
AT5G50423.1	512	313	0	0
AT1G20120.1	1518	1319	2	0.495477
AT2G20130.1	1348	1149	47.6555	13.5529
AT2G45980.1	1434	1235	126	33.3382
AT4G23600.2	1677	1478	0	0
AT4G23600.1	1874	1675	54.7897	10.6886
AT4G23600.3	1660	1461	30.2103	6.75683
AT3G23100.1	991	792	10.7101	4.41881
AT3G23100.2	1116	917	22.008	7.84241
AT4G38320.1	1432	1233	74.9351	19.8591
AT3G47610.1	1610	1411	58	13.432
AT3G55550.1	2152	1953	1	0.167315
AT3G52050.5	1732	1533	0	0
AT3G52050.8	1463	1264	22.6594	5.85787
AT3G52050.7	1588	1389	0	0
AT3G52050.2	1696	1497	11.8208	2.58026
AT3G52050.1	1750	1551	0	0
AT3G52050.3	1873	1674	15.5198	3.02948
AT3G52050.6	1819	1620	0	0
AT3G52050.4	1478	1279	2.97512e-05	7.60103e-06
AT3G51450.1	1300	1101	19	5.63903
AT3G49180.1	1510	1311	53	13.2103
AT4G13210.2	1650	1451	13	2.92762
AT4G13210.1	1309	1110	0	0
AT1G73040.1	815	616	1	0.530466
AT5G50380.1	2761	2562	166	21.1723
AT2G38020.1	2876	2677	135	16.4787
AT2G38020.2	2926	2727	0	0
AT5G52910.1	3663	3464	6.76794	0.638435
AT5G52910.2	3900	3701	31.2321	2.75753
AT1G59540.1	2718	2519	67.9699	8.81712
AT1G59540.2	2735	2536	0.0301241	0.00388154
AT2G18300.1	1597	1398	0.0227092	0.00530802
AT2G18300.3	1530	1331	0	0
AT2G18300.2	1755	1556	75.9773	15.9556
AT5G45320.1	968	769	4	1.6997
AT4G12190.1	216	24.1385	0	0
AT4G14760.4	5417	5218	253.942	15.9027
AT4G14760.2	5707	5508	5.12424	0.304
AT4G14760.3	5587	5388	0.00121888	7.39217e-05
AT4G14760.1	5547	5348	61.2678	3.74351
AT5G17670.1	1179	980	213	71.0218
AT4G01170.1	1335	1136	1	0.287647
AT4G38090.2	926	727	0	0
AT4G38090.1	857	658	29.2432	14.5224
AT4G38090.3	1055	856	2.7568	1.05237
AT1G01670.2	1352	1153	9	2.55065
AT1G01670.3	989	790	0	0
AT1G01670.1	1607	1408	0	0
AT5G42210.2	1263	1064	5.4602	1.67689
AT5G42210.1	1954	1755	2.5398	0.47289
AT1G07930.2	1576	1377	0	0
AT1G07930.1	1894	1695	1939.42	373.887
AT3G26550.1	2273	2074	5	0.78777
AT3G28700.1	1830	1631	9.42775	1.88883
AT3G28700.3	1844	1645	0	0
AT3G28700.2	1657	1458	29.5723	6.62774
AT3G02990.1	1933	1734	17	3.2036
AT1G06143.1	1869	1670	7	1.36968
AT1G06840.1	3268	3069	118	12.5639
AT2G43270.2	1238	1039	0	0
AT2G43270.1	1164	965	0	0
AT3G19840.1	3031	2832	86	9.92301
AT4G28060.1	645	446	159	116.493
AT3G49055.1	1500	1301	5	1.25583
AT5G53990.1	1758	1559	14	2.93441
AT1G06780.1	2391	2192	86.3784	12.8766
AT1G06780.2	2465	2266	30.6216	4.41577
AT5G05610.2	1238	1039	67.783	21.3178
AT5G05610.1	1333	1134	40.217	11.5887
AT1G27930.1	2042	1843	147	26.0634
AT5G55720.1	1460	1261	5	1.29567
AT5G53120.1	1521	1322	103.384	25.554
AT5G53120.4	1422	1223	18.8798	5.04439
AT5G53120.6	1596	1397	9.2114	2.1546
AT5G53120.2	1508	1309	0	0
AT5G53120.5	1327	1128	2.14001e-06	6.19934e-07
AT5G53120.7	1292	1093	0	0
AT5G53120.3	1461	1262	13.525	3.502
AT5G49210.2	899	700	49.9565	23.3202
AT5G49210.1	1083	884	48.0435	17.7591
AT5G49210.3	1465	1266	0	0
AT4G11960.2	1433	1234	0	0
AT4G11960.1	1487	1288	40	10.148
ATCG00890.1	1170	971	5	1.68263
AT3G12340.3	1971	1772	0	0
AT3G12340.2	1782	1583	0	0
AT3G12340.1	1849	1650	26	5.14906
AT5G35080.1	1404	1205	59	15.9994
AT1G79220.1	1721	1522	15	3.22044
AT1G69510.3	775	576	230.716	130.886
AT1G69510.2	937	738	0	0
AT1G69510.1	933	734	138.284	61.5622
AT4G15510.4	1179	980	0	0
AT4G15510.5	1137	938	0	0
AT4G15510.1	1193	994	128.459	42.2297
AT4G15510.2	1547	1348	0	0
AT4G15510.3	1229	1030	7.5407	2.39228
AT3G20930.1	1938	1739	16.7565	3.14863
AT3G20930.2	1451	1252	39.2435	10.2424
AT2G29640.1	1117	918	14	4.98338
AT3G61630.1	1530	1331	46	11.2932
AT1G60350.1	963	764	0	0
AT1G62150.1	1942	1743	30	5.62422
AT1G65735.1	195	14.9308	0	0
AT1G59840.2	1971	1772	33.5951	6.19513
AT1G59840.1	1246	1047	50.35	15.7142
AT1G59840.3	912	713	5.19434	2.38056
AT2G28426.1	132	5.68809	0	0
AT3G12430.1	945	746	0	0
AT5G58290.1	2068	1869	519	90.7395
AT1G11700.1	1174	975	90	30.1631
AT3G60410.1	1613	1414	71.5511	16.535
AT3G60410.2	1972	1773	4.44891	0.819943
AT3G60410.3	1741	1542	0	0
AT4G17550.1	2126	1927	139	23.5706
AT1G43815.2	674	475	0	0
AT1G43815.1	923	724	0	0
AT1G32361.1	1218	1019	0	0
AT2G34170.4	2049	1850	0	0
AT2G34170.6	1892	1693	4.22478	0.815427
AT2G34170.2	2220	2021	9.16837	1.4824
AT2G34170.1	2116	1917	29.765	5.07367
AT2G34170.5	1976	1777	41.8784	7.70089
AT2G34170.3	2637	2438	24.9634	3.34587
AT4G26820.1	740	541	0	0
AT5G05790.2	1353	1154	0.0148904	0.00421637
AT5G05790.1	1550	1351	66.9851	16.2017
AT3G56410.2	4828	4629	36.153	2.55209
AT3G56410.1	5076	4877	64.847	4.34486
AT3G56410.3	4200	4001	0	0
AT1G11900.1	1207	1008	7	2.26922
AT4G25070.1	2600	2401	35.1064	4.77784
AT4G25070.2	2673	2474	8.89364	1.17468
AT3G23110.1	2508	2309	23.9563	3.39026
AT3G49250.1	4111	3912	100.522	8.39659
AT1G30950.1	1517	1318	1	0.247926
AT3G07770.1	2906	2707	28.258	3.41108
AT3G07770.3	3053	2854	19.4149	2.2229
AT3G07770.2	2848	2649	277.327	34.2097
AT1G56145.2	3280	3081	0	0
AT1G56145.3	3238	3039	10.8836	1.17025
AT1G56145.1	3368	3169	73.1164	7.5393
AT5G62780.1	624	425	1	0.768864
AT5G44690.1	2358	2159	0	0
AT1G03550.7	609	410	0	0
AT1G03550.3	903	704	4.31025	2.00064
AT1G03550.5	747	548	0.543277	0.323951
AT1G03550.4	807	608	3.29246	1.76952
AT1G03550.6	654	455	0	0
AT1G03550.2	903	704	4.31025	2.00064
AT1G03550.1	1258	1059	16.5438	5.10478
AT3G06530.4	7044	6845	273.101	13.0373
AT3G06530.3	6884	6685	0.00569638	0.000278443
AT3G06530.5	6843	6644	111.675	5.49241
AT3G06530.2	6917	6718	0.0121797	0.000592426
AT3G06530.1	6748	6549	4.20623	0.209873
AT3G52520.1	1268	1069	12	3.66811
AT1G52245.1	928	729	10	4.4824
AT1G64930.1	2054	1855	7.26324	1.27945
AT2G47690.3	1003	804	0	0
AT2G47690.2	667	468	29.5625	20.6411
AT2G47690.1	731	532	91.4375	56.1631
AT2G47230.2	2459	2260	0	0
AT2G47230.1	2487	2288	28	3.9989
AT4G24680.2	4969	4770	86.5812	5.93121
AT4G24680.3	5004	4805	129.524	8.80836
AT4G24680.1	4763	4564	22.3941	1.60334
AT4G24680.5	4239	4040	51.8028	4.18996
AT4G24680.4	4892	4693	36.6981	2.55524
AT3G21465.1	1499	1300	56	14.0761
AT3G21465.2	1494	1295	2.13347e-06	5.38339e-07
AT5G50370.2	1268	1069	0	0
AT5G50370.1	1193	994	109	35.8326
AT5G39440.1	1485	1286	0	0
AT3G51644.1	343	144	0	0
AT5G03180.2	1984	1785	16.3855	2.99958
AT5G03180.5	2021	1822	0	0
AT5G03180.3	2080	1881	0	0
AT5G03180.1	1985	1786	8.61446	1.5761
AT5G03180.4	1977	1778	0	0
AT5G02040.1	1335	1136	46.5632	13.3938
AT5G02040.2	1211	1012	28.4368	9.18202
AT2G13680.1	6250	6051	5	0.270011
AT2G46850.1	2090	1891	5	0.864006
AT2G31081.1	608	409	2	1.59788
AT3G24880.2	6918	6719	21.8325	1.06179
AT3G24880.3	6261	6062	167.328	9.01965
AT3G24880.1	6181	5982	0	0
AT1G51500.1	2612	2413	663.94	89.9104
AT4G00925.1	344	145	0	0
AT1G65113.1	515	316	0	0
AT4G25500.7	1722	1523	0	0
AT4G25500.1	1435	1236	115.175	30.4494
AT4G25500.6	1797	1598	0	0
AT4G25500.2	1694	1495	23.4394	5.12322
AT4G25500.5	2020	1821	23.4079	4.20041
AT4G25500.3	1692	1493	0.296709	0.0649395
AT4G25500.4	1446	1247	54.6807	14.3287
AT4G25500.8	1169	970	0	0
AT2G14500.1	1044	845	0	0
AT1G58200.2	2749	2550	8.76068	1.12263
AT1G58200.1	2517	2318	39.2393	5.53154
AT4G39130.1	531	332	0	0
AT1G62886.1	219	25.9389	1	12.5976
AT3G21400.1	1041	842	22	8.53786
AT1G77630.1	1831	1632	49	9.81102
AT5G53370.2	1947	1748	17.4246	3.25731
AT5G53370.1	2011	1812	231.575	41.7612
AT2G28610.1	1146	947	0	0
AT2G41830.1	3873	3674	42.0687	3.74161
AT2G41830.2	3087	2888	34.9313	3.95235
AT5G01240.1	2375	2176	99.787	14.9849
AT5G01240.2	1699	1500	61.213	13.3349
AT3G18770.1	2453	2254	13	1.88464
AT5G41080.1	1516	1317	12.1944	3.02562
AT5G41080.2	1408	1209	8.80556	2.37996
AT4G12950.1	531	332	0	0
AT5G17900.1	2161	1962	104.251	17.3628
AT5G53550.3	2803	2604	0	0
AT5G53550.1	2529	2330	4.31262	0.604817
AT5G53550.6	2261	2062	27.9162	4.42391
AT5G53550.4	2710	2511	0	0
AT5G53550.5	2860	2661	0	0
AT5G53550.2	2636	2437	22.7712	3.05329
AT5G12260.1	2224	2025	57	9.19789
ATMG00900.1	771	572	0	0
AT3G32180.1	308	109	0	0
AT2G41730.1	965	766	23	9.81155
AT5G63700.1	2168	1969	51.4867	8.54453
AT5G63700.2	2196	1997	15.5133	2.53842
AT5G35300.1	309	110	0	0
AT4G36440.1	1674	1475	75	16.6153
AT5G56420.1	1686	1487	23	5.05423
AT5G56420.2	1839	1640	0	0
AT5G56420.3	1654	1455	0	0
AT5G59580.1	1870	1671	0	0
AT4G38940.1	1441	1242	17	4.47266
AT5G63920.1	3098	2899	35	3.9451
AT1G13290.1	1215	1016	0	0
AT2G33760.1	1752	1553	1	0.21041
AT3G48580.2	969	770	0	0
AT3G48580.3	1124	925	2.58694	0.913868
AT3G48580.1	1168	969	2.41306	0.813734
AT1G13510.1	1533	1334	10	2.44953
AT3G54910.3	1671	1472	5.13435	1.13977
AT3G54910.1	1754	1555	18.7349	3.93695
AT3G54910.2	2454	2255	12.4557	1.80493
AT5G27540.1	2461	2262	196.194	28.3421
AT5G27540.2	2502	2303	41.8057	5.93171
AT2G33500.1	1662	1463	5.28415e-07	1.18024e-07
AT2G33500.2	1683	1484	35	7.70677
AT1G09980.2	3156	2957	156.122	17.2525
AT1G09980.1	3307	3108	15.3348	1.61226
AT1G09980.3	3513	3314	27.5429	2.71578
AT2G05915.1	351	152	0	0
AT2G26670.2	1015	816	158.94	63.6476
AT2G26670.1	1416	1217	179.06	48.078
AT3G29830.1	1395	1196	0	0
AT3G29830.2	1392	1193	0	0
AT2G34790.1	1918	1719	41	7.79375
AT5G07950.1	1247	1048	23	7.17142
AT1G01930.1	2101	1902	50	8.59009
AT5G11130.2	1108	909	0	0
AT5G11130.1	1624	1425	0	0
AT3G25190.1	1019	820	207	82.4888
AT2G39030.1	1096	897	0	0
AT5G36657.1	300	101	0	0
AT1G47310.1	1741	1542	59	12.5028
AT1G04330.1	694	495	7	4.62095
AT4G11745.1	855	656	0	0
AT3G58440.1	1806	1607	0	0
AT1G23730.2	1406	1207	1.72055	0.465799
AT1G23730.1	1287	1088	37.1924	11.1703
AT5G59200.1	1639	1440	3	0.680765
AT1G73065.1	342	143	0	0
AT2G42380.5	1884	1685	0	0
AT2G42380.2	1688	1489	0	0
AT2G42380.1	1523	1324	39.5824	9.76906
AT2G42380.3	1748	1549	50.5194	10.6572
AT2G42380.4	1931	1732	5.89821	1.11278
AT1G52790.1	933	734	0	0
AT1G08420.2	4020	3821	131.358	11.2336
AT1G08420.1	4103	3904	188.144	15.7477
AT3G58390.1	1305	1106	0	0
AT3G20970.1	1244	1045	75	23.4522
AT3G20970.2	1166	967	0	0
AT2G37160.1	2390	2191	43.8389	6.53816
AT2G37160.3	2359	2160	18.1611	2.74743
AT2G37160.4	2681	2482	0	0
AT2G37160.2	2346	2147	0	0
AT1G16290.2	1749	1550	0	0
AT1G16290.1	1445	1246	1	0.262253
AT3G57980.2	2108	1909	55	9.41445
AT3G57980.1	2173	1974	0	0
AT3G47620.1	2467	2268	119	17.1452
AT1G06500.3	798	599	10.1525	5.53843
AT1G06500.1	680	481	10.8475	7.36922
AT1G06500.2	739	540	0	0
AT1G06500.4	577	378	0	0
ATMG00260.1	306	107	0	0
AT5G56370.1	1683	1484	0	0
AT5G56370.3	1766	1567	0	0
AT5G56370.2	1654	1455	5	1.12291
AT2G34110.1	597	398	0	0
AT1G53130.1	822	623	8	4.19605
AT3G06730.1	984	785	104	43.2914
AT3G21680.1	1010	811	9	3.62627
AT2G07673.1	701	502	0	0
AT1G04910.1	2097	1898	119	20.4875
AT4G22160.2	902	703	37	17.1983
AT4G22160.1	803	604	0	0
AT2G38100.2	1760	1561	0	0
AT2G38100.1	1566	1367	1	0.23904
AT2G38100.3	1779	1580	0	0
AT2G13100.3	1508	1309	6.21403	1.55122
AT2G13100.2	1500	1301	5.61141	1.4094
AT2G13100.4	2481	2282	0.00113139	0.000162007
AT2G13100.1	2273	2074	83.1734	13.1043
AT3G55140.1	1415	1216	87	23.3789
AT3G55140.2	1403	1204	0	0
AT3G18130.1	1392	1193	527.779	144.561
AT2G44745.1	1025	826	3	1.18681
AT4G32210.1	1103	904	487.269	176.132
AT3G30842.1	4406	4207	5	0.388361
AT5G35090.1	967	768	0	0
AT5G52580.3	2349	2150	16.3607	2.48658
AT5G52580.2	2401	2202	10.7683	1.59797
AT5G52580.1	2264	2065	167.871	26.564
AT2G29690.1	2331	2132	115.984	17.7766
AT2G29690.2	2270	2071	0.0160346	0.00252997
AT4G18570.1	2309	2110	165	25.5529
AT4G18570.2	2009	1810	0	0
AT1G45000.2	1366	1167	2.03892e-05	5.70911e-06
AT1G45000.1	1691	1492	436	95.4896
AT1G29310.1	1855	1656	205.147	40.4802
AT1G29310.2	1898	1699	0	0
AT5G14960.1	1482	1283	6.3358	1.61366
AT5G14960.2	1077	878	3.6642	1.36371
AT4G14390.4	2113	1914	0	0
AT4G14390.1	2085	1886	0	0
AT4G14390.2	2267	2068	16	2.52818
AT4G14390.3	2096	1897	0	0
AT3G07980.1	4658	4459	73.7025	5.40111
AT3G07980.3	4174	3975	38.8362	3.19255
AT3G07980.2	4554	4355	0	0
AT1G30060.1	531	332	0	0
AT1G57590.1	1670	1471	21	4.66493
AT5G47229.1	156	7.59116	0	0
AT5G28810.1	2529	2330	0	0
AT4G11680.2	1773	1574	0	0
AT4G11680.1	1697	1498	92	20.0685
AT2G03020.1	1133	934	0	0
AT2G03020.2	1051	852	2	0.767059
AT5G08410.1	797	598	0	0
AT5G08410.2	789	590	87	48.1843
AT1G03390.1	1386	1187	0	0
AT1G63170.1	1703	1504	143	31.0689
AT1G61590.1	1766	1567	21	4.37914
AT4G40045.1	781	582	46	25.827
ATCG00550.1	123	5.19716	0	0
AT1G32583.2	723	524	2.15416	1.34334
AT1G32583.1	1962	1763	2.84584	0.527469
AT3G20910.1	1264	1065	26	7.97741
AT5G14270.3	2797	2598	55.5724	6.98969
AT5G14270.2	2935	2736	44.4276	5.3061
AT5G14270.1	3036	2837	0	0
AT2G04030.1	2807	2608	508.226	63.6777
AT2G04030.2	2612	2413	710.774	96.2527
AT1G31940.1	1041	842	60	23.2851
AT1G09940.1	2201	2002	59	9.63
AT1G13900.1	2468	2269	97	13.9693
AT4G14272.1	243	44.7603	0	0
AT5G39024.1	96	4.14046	0	0
AT4G21500.1	1026	827	2	0.790247
AT4G22640.1	508	309	4.08491	4.31978
AT4G22640.2	720	521	4.91509	3.08271
AT1G59077.1	1998	1799	0	0
AT1G24530.1	2076	1877	72	12.5345
AT5G03120.2	1403	1204	13.1484	3.56849
AT5G03120.1	1104	905	96.8516	34.9701
AT3G59150.1	1428	1229	21	5.58349
AT1G30220.1	2122	1923	2	0.339851
AT4G18050.1	3856	3657	38.0747	3.40212
AT4G18050.2	4265	4066	0	0
AT4G03443.1	342	143	3	6.85525
AT4G35610.1	1013	814	0	0
AT5G55700.2	1752	1553	11.0337	2.32161
AT5G55700.1	1997	1798	27.9663	5.08257
AT3G50000.1	1579	1380	282	66.7742
AT3G01660.1	1360	1161	42	11.821
AT3G49360.1	1145	946	55	18.9981
AT3G15840.3	1020	821	60.0049	23.8826
AT3G15840.4	1053	854	0	0
AT3G15840.5	1179	980	7.89326	2.63189
AT3G15840.2	966	767	78.4278	33.4128
AT3G15840.1	1180	981	39.6741	13.2153
AT3G25670.1	1770	1571	15	3.11999
AT1G52160.1	2924	2725	66	7.91436
AT2G14910.2	1957	1758	0	0
AT2G14910.1	1881	1682	543	105.49
AT4G38405.1	141	6.28195	0	0
AT2G43030.1	1087	888	1274	468.808
AT1G32310.1	717	518	30	18.9247
AT2G35670.1	2622	2423	0	0
AT1G72480.1	2018	1819	148	26.5869
AT3G58420.1	885	686	0	0
AT3G57950.1	877	678	4	1.92783
AT1G74470.1	2087	1888	5048	873.687
ATCG00800.1	657	458	27	19.2636
AT3G12920.1	1605	1406	198	46.017
AT5G26180.2	2713	2514	0	0
AT5G26180.1	2267	2068	51.291	8.10455
AT5G26180.3	2721	2522	28.5509	3.69925
AT5G26180.4	2581	2382	2.22861e-07	3.05725e-08
AT5G26180.5	2456	2257	34.1581	4.94538
AT3G04360.1	1563	1364	1	0.239565
AT5G23470.1	909	710	0	0
AT1G09520.1	1160	961	60	20.4017
AT1G80940.1	1362	1163	26.3583	7.40588
AT1G80940.3	1487	1288	4.56123	1.15719
AT1G80940.4	1011	812	4.09454	1.64773
AT1G80940.2	1300	1101	56.9859	16.9129
AT3G09200.1	1460	1261	3041.89	788.254
AT3G09200.2	1232	1033	674.114	213.241
AT5G37690.1	1442	1243	51.6597	13.5806
AT5G37690.2	1418	1219	11.3403	3.03989
AT3G19430.1	1934	1735	23.1961	4.36871
AT3G19430.2	2189	1990	7.80392	1.28144
AT3G55590.1	1162	963	0	0
AT5G42940.2	2770	2571	69.1136	8.78415
AT5G42940.1	2794	2595	107.886	13.5853
AT5G49690.1	1950	1751	4	0.74647
AT1G79740.3	2549	2350	12.7046	1.76658
AT1G79740.1	2521	2322	0	0
AT1G79740.4	2462	2263	69.2954	10.0059
AT1G79740.2	2608	2409	0	0
AT5G09940.1	642	443	0	0
AT4G09990.1	1298	1099	18	5.35196
AT2G17860.1	902	703	0	0
AT5G64130.2	761	562	23.5715	13.7053
AT5G64130.3	785	586	91.8984	51.2447
AT5G64130.1	919	720	222.53	100.994
AT5G25400.1	1464	1265	0	0
AT3G21260.3	1190	991	3.23862	1.06789
AT3G21260.2	917	718	12.6728	5.76747
AT3G21260.1	1075	876	11.0886	4.13629
ATMG00710.1	363	164	0	0
AT3G49950.1	1469	1270	9	2.31567
AT4G02280.1	3142	2943	57	6.32882
AT5G14800.1	1439	1240	457.772	120.633
AT5G14800.2	1284	1085	83.8228	25.2447
AT4G34419.1	751	552	4	2.36788
AT4G20610.1	771	572	0	0
AT5G26930.1	670	471	0	0
AT1G62160.1	663	464	0	0
AT2G04495.1	1082	883	1	0.370065
AT4G18230.2	1591	1392	0	0
AT4G18230.1	1414	1215	14.6357	3.9362
AT4G18230.4	1286	1087	0	0
AT4G18230.3	1572	1373	8.68987	2.06815
AT1G49400.1	903	704	96	44.5592
AT1G19115.4	872	673	0	0
AT1G19115.1	1033	834	0	0
AT1G19115.2	915	716	0	0
AT1G19115.3	791	592	1	0.551971
AT4G06599.1	1229	1030	109	34.5802
AT1G60200.1	3008	2809	126.05	14.6632
AT1G60200.4	3892	3693	2.04616	0.18105
AT1G60200.3	4112	3913	42.0238	3.50933
AT1G60200.2	3851	3652	140.88	12.6054
AT5G36710.1	845	646	20.2711	10.2538
AT5G36710.2	1483	1284	0	0
AT5G28420.1	855	656	0	0
AT5G58340.2	1678	1479	24.3135	5.37178
AT5G58340.1	1684	1485	6.48882e-08	1.42783e-08
AT3G53540.1	3308	3109	166	17.4472
AT3G53540.2	3282	3083	0	0
AT5G52620.1	1128	929	0	0
AT5G50860.1	2316	2117	93.3904	14.4152
AT5G50860.2	2558	2359	7.60956	1.05407
AT1G01470.1	1348	1149	94	26.7329
AT1G56200.2	706	507	139.203	89.7182
AT1G56200.1	878	679	90.7965	43.6956
AT2G02455.1	663	464	0	0
AT1G78390.1	2171	1972	3	0.49711
AT1G26290.1	1246	1047	6	1.87259
AT5G10740.1	1641	1442	56	12.69
AT5G10740.2	1502	1303	0	0
AT1G21480.1	1685	1486	47.9852	10.5518
AT1G21480.2	1690	1491	1.01477	0.222396
AT3G06760.1	1119	920	86.6133	30.7635
AT3G06760.2	1119	920	9.6237	3.41816
AT3G26060.2	1020	821	534.693	212.814
AT3G26060.1	1246	1047	465.976	145.43
AT3G26060.3	725	526	40.3313	25.055
AT5G51910.1	1156	957	15	5.12174
AT5G51910.2	1125	926	0	0
AT5G48400.2	3044	2845	4	0.459427
AT5G48400.1	3134	2935	0	0
AT1G23960.1	1312	1113	88	25.836
AT1G23960.2	1365	1166	0	0
AT1G70710.1	2081	1882	175	30.3848
AT2G20550.1	1203	1004	11.8557	3.85862
AT2G20550.2	1302	1103	12.0097	3.55791
AT1G66240.2	502	303	89.7652	96.8063
AT1G66240.1	742	543	198.735	119.595
AT1G66240.3	439	240	36.4997	49.6954
AT5G49580.2	2902	2703	21.624	2.61414
AT5G49580.3	2159	1960	38.6278	6.43995
AT5G49580.1	2777	2578	12.7482	1.61586
AT2G22170.1	1194	995	445	146.142
AT4G21000.1	783	584	0	0
AT3G14680.1	1869	1670	69.0812	13.5171
AT3G17890.1	1156	957	0.00158543	0.000541344
AT3G17890.2	1149	950	7.25024	2.49383
AT3G17890.3	1018	819	8.74817	3.49037
AT1G28760.1	1803	1604	29	5.90788
AT4G35770.3	894	695	6	2.82101
AT4G35770.1	1002	803	0	0
AT4G35770.4	1160	961	0	0
AT4G35770.6	1060	861	0	0
AT4G35770.2	1068	869	0	0
AT4G35770.5	1070	871	0	0
AT2G32280.1	1296	1097	0	0
AT2G32280.2	1246	1047	14.6392	4.56886
AT1G47370.1	1092	893	2	0.731841
AT4G37200.1	1135	936	152	53.0647
AT3G66652.3	3372	3173	0	0
AT3G66652.1	3070	2871	28.7308	3.27004
AT3G66652.2	3304	3105	13.2692	1.39644
AT3G55280.1	903	704	172.89	80.2482
AT3G55280.2	710	511	295.514	188.971
AT3G55280.3	755	556	67.5958	39.7268
AT5G51960.2	915	716	2.10617	0.96121
AT5G51960.1	711	512	33.8938	21.6316
AT3G20110.1	1951	1752	28	5.22231
AT3G16350.1	1965	1766	35	6.47613
AT1G03800.1	1280	1081	5	1.51141
AT5G60615.1	684	485	0	0
AT5G16570.1	1604	1405	25.6628	5.96851
AT5G16570.2	1551	1352	0.337225	0.0815044
AT1G78980.1	2553	2354	0	0
AT1G63210.1	3594	3395	0	0
AT1G20550.1	2334	2135	22	3.36716
AT3G49130.1	924	725	0	0
AT3G48120.1	1256	1057	22.0668	6.82186
AT3G48120.2	777	578	4.93319	2.78894
AT4G00830.2	2165	1966	35.7726	5.94573
AT4G00830.1	1999	1800	133.732	24.2773
AT4G00830.6	1783	1584	66.4846	13.7153
AT4G00830.4	2159	1960	0	0
AT4G00830.3	1952	1753	0.0110593	0.0020615
AT4G00830.5	2121	1922	0	0
AT2G47440.1	2227	2028	233	37.5428
AT2G47440.2	2235	2036	0	0
AT4G33950.1	1876	1677	19.7294	3.84432
AT4G33950.2	1791	1592	71.2706	14.6287
AT4G10450.2	1498	1299	8.4946	2.13684
AT4G10450.1	968	769	329.505	140.015
AT4G10960.1	1343	1144	22	6.28398
AT2G28050.1	1783	1584	18	3.71326
AT4G19670.2	2216	2017	46.387	7.515
AT4G19670.3	2157	1958	6.39138e-05	1.06665e-05
AT4G19670.5	2475	2276	0	0
AT4G19670.7	2133	1934	90.0602	15.2165
AT4G19670.4	2527	2328	0	0
AT4G19670.1	2606	2407	5.55271	0.753819
AT4G19670.6	2276	2077	0	0
AT1G13110.1	1869	1670	289.807	56.7062
AT1G34420.1	3351	3152	15	1.55505
AT1G02130.1	1110	911	138	49.4993
AT3G03773.3	1324	1125	0	0
AT3G03773.2	965	766	13.2025	5.63202
AT3G03773.1	1128	929	22.7975	8.01883
AT1G44414.1	660	461	0	0
AT2G25450.1	1604	1405	594	138.149
AT4G21380.1	3081	2882	0	0
AT4G21380.2	3172	2973	13	1.42885
AT2G03590.2	1650	1451	6	1.35121
AT2G03590.1	1865	1666	0	0
AT1G14870.2	859	660	29.0814	14.3982
AT1G14870.1	979	780	174.919	73.279
AT1G45249.1	1734	1535	79.7432	16.9755
AT1G45249.10	1543	1344	0	0
AT1G45249.7	1696	1497	0.679772	0.148381
AT1G45249.4	2293	2094	4.2659	0.665691
AT1G45249.3	1697	1498	0	0
AT1G45249.5	2021	1822	10.8863	1.9524
AT1G45249.8	1715	1516	0	0
AT1G45249.2	2141	1942	17.4621	2.93822
AT1G45249.9	1815	1616	0	0
AT1G45249.6	1872	1673	7.9628	1.55528
AT1G21866.1	461	262	0	0
AT5G04380.2	1407	1208	0	0
AT5G04380.3	1308	1109	0	0
AT5G04380.1	1142	943	0	0
AT3G57590.2	1375	1176	7.58592	2.10785
AT3G57590.1	1584	1385	11.4141	2.69296
AT2G04425.1	306	107	0	0
AT4G18260.1	855	656	5	2.4906
AT3G15420.1	673	474	2	1.37876
AT1G29770.1	1339	1140	5	1.43319
AT5G19780.1	1780	1581	959.205	198.252
AT4G36950.1	1416	1217	0	0
AT3G01020.1	783	584	0	0
AT2G33550.1	1349	1150	56	15.9121
AT2G39700.1	1500	1301	451	113.276
AT3G44580.1	1148	949	0	0
AT3G50590.2	5354	5155	510.998	32.3914
AT3G50590.1	5231	5032	0.0016724	0.000108602
AT1G54730.10	2003	1804	9.40659	1.70386
AT1G54730.6	3027	2828	0	0
AT1G54730.2	1726	1527	0	0
AT1G54730.1	936	737	1.9228	0.852521
AT1G54730.9	2015	1816	0	0
AT1G54730.5	1656	1457	0	0
AT1G54730.3	1799	1600	23.6293	4.8258
AT1G54730.4	1714	1515	0.35566	0.0767115
AT1G54730.8	2032	1833	4.33638e-07	7.73043e-08
AT1G54730.11	1298	1099	0	0
AT1G54730.7	2095	1896	15.6857	2.70335
AT4G34540.1	2805	2606	40.1191	5.03055
AT3G23970.1	1242	1043	0	0
AT2G28305.2	1499	1300	16.4826	4.14307
AT2G28305.3	1157	958	18.0243	6.14796
AT2G28305.1	1176	977	83.4931	27.9251
AT1G78630.1	1391	1192	1708	468.22
AT2G04350.2	2406	2207	156.72	23.2039
AT2G04350.1	2605	2406	148.28	20.1384
AT5G36661.1	357	158	0	0
AT1G24360.1	1418	1219	541.896	145.262
AT1G36095.1	906	707	0	0
AT5G38600.3	2193	1994	28.5034	4.671
AT5G38600.1	2079	1880	67.4966	11.7317
AT5G38600.2	1844	1645	0	0
AT1G64640.1	1046	847	141	54.3969
AT2G35170.1	1949	1750	15	2.80086
AT3G15750.1	903	704	0	0
AT3G15750.3	808	609	3.71712	1.99447
AT3G15750.2	1153	954	0	0
AT1G57610.3	1243	1044	26.0806	8.16311
AT1G57610.4	1588	1389	0	0
AT1G57610.2	1680	1481	60.8103	13.4171
AT1G57610.1	1826	1627	8.10912	1.62864
AT5G46020.1	1044	845	492	190.26
AT5G37478.3	959	760	0	0
AT5G37478.4	814	615	1	0.531329
AT5G37478.2	1093	894	0	0
AT5G37478.1	876	677	0	0
AT3G23900.3	3446	3247	69.952	7.03974
AT3G23900.2	3024	2825	0	0
AT3G23900.4	3571	3372	16.2698	1.57664
AT3G23900.1	3562	3363	101.778	9.88931
AT3G60350.1	3488	3289	0	0
AT3G60350.2	3401	3202	122	12.4502
AT4G30270.1	1210	1011	289	93.4082
AT5G24155.1	872	673	7.48437	3.63395
AT5G24155.3	936	737	2.21594	0.982493
AT5G24155.2	1253	1054	13.2997	4.12324
AT5G36805.1	264	65.044	0	0
AT4G05230.1	621	422	0	0
AT4G20160.2	4117	3918	0	0
AT4G20160.3	3722	3523	0	0
AT4G20160.1	3567	3368	1	0.0970211
AT5G63690.1	677	478	2	1.36723
AT5G63690.2	612	413	0	0
AT1G26550.1	842	643	232	117.9
AT4G09100.1	732	533	1	0.613072
AT1G62440.1	2361	2162	37	5.59222
AT1G77280.2	2980	2781	158.998	18.6823
AT1G77280.1	2898	2699	0.001581	0.000191411
AT3G01390.4	1066	867	0	0
AT3G01390.2	1172	973	27.7349	9.31435
AT3G01390.1	770	571	306.265	175.267
AT3G01390.3	1196	997	0	0
AT4G33980.2	1404	1205	0	0
AT4G33980.1	1369	1170	2	0.558576
AT1G40087.1	1320	1121	0	0
AT4G28160.1	686	487	4	2.68392
AT3G49330.1	839	640	7	3.57402
AT3G49330.2	889	690	0	0
AT4G20760.1	1176	977	62.2115	20.8073
AT4G20760.2	1228	1029	19.7885	6.28398
AT2G19365.1	262	63.0604	0	0
AT1G80500.2	1177	978	0	0
AT1G80500.1	982	783	138	57.5911
AT3G50770.1	926	727	3	1.34842
AT2G47520.1	843	644	8	4.05922
AT5G39650.1	992	793	0	0
AT5G48110.1	2126	1927	35	5.93505
AT3G27180.1	1908	1709	113.78	21.7551
AT2G02700.1	1565	1366	0	0
AT5G23350.1	657	458	9	6.42119
AT1G70770.2	2418	2219	50.2631	7.40168
AT1G70770.1	2321	2122	620.588	95.5645
AT3G23605.1	911	712	12	5.50731
AT1G73140.1	1445	1246	2	0.524506
AT1G61430.4	3040	2841	13.8873	1.59729
AT1G61430.11	2841	2642	0	0
AT1G61430.3	3137	2938	0	0
AT1G61430.2	3360	3161	0	0
AT1G61430.8	3375	3176	0	0
AT1G61430.12	2763	2564	0	0
AT1G61430.5	3147	2948	0	0
AT1G61430.1	3058	2859	0	0
AT1G61430.13	2751	2552	5.98725e-07	7.66628e-08
AT1G61430.10	3055	2856	0	0
AT1G61430.9	3286	3087	13.7025	1.45044
AT1G61430.7	3400	3201	0	0
AT1G61430.6	3453	3254	0	0
AT1G75760.2	1569	1370	0	0
AT1G75760.1	1441	1242	68	17.8906
AT1G75760.3	1423	1224	0	0
AT5G38530.1	1920	1721	275	52.2144
AT1G01200.1	1207	1008	13	4.21426
AT3G15356.1	1122	923	118.768	42.0471
AT2G38760.1	1287	1088	15	4.50506
AT1G10270.1	3062	2863	105	11.9841
AT4G14105.1	201	17.0167	0	0
AT3G19180.2	2972	2773	0	0
AT3G19180.1	2972	2773	92	10.8412
AT1G10850.1	3000	2801	301	35.1149
AT3G10560.1	1812	1613	1	0.202583
AT5G54760.2	679	480	0	0
AT5G54760.4	806	607	49.2001	26.486
AT5G54760.3	836	637	3.21869	1.65112
AT5G54760.1	803	604	251.581	136.107
AT1G27960.2	2282	2083	10.8367	1.69999
AT1G27960.3	2132	1933	19.2167	3.24852
AT1G27960.1	1990	1791	20.9466	3.82169
AT2G04900.1	776	577	115.702	65.5245
AT2G04900.2	586	387	7.29793	6.16208
AT5G64940.1	2855	2656	1700.51	209.213
AT5G64940.2	2801	2602	337.489	42.383
AT5G56700.1	1639	1440	0	0
AT5G56700.2	1532	1333	2	0.490273
AT3G50950.2	2750	2551	0.110103	0.0141034
AT3G50950.1	2898	2699	220.89	26.7431
AT4G21430.1	2935	2736	41	4.89673
AT1G31190.1	1335	1136	134	38.5447
AT1G18480.1	1476	1277	102	26.1004
AT2G21010.1	771	572	0	0
AT3G20000.2	1750	1551	17.6324	3.71482
AT3G20000.1	1558	1359	321.368	77.2718
AT2G15025.1	579	380	0	0
AT3G26110.1	682	483	0	0
AT3G28170.1	808	609	3	1.60969
AT3G49140.1	2010	1811	237	42.763
AT1G02930.2	866	667	146.576	71.8086
AT1G02930.1	1186	987	188.147	62.29
AT1G06137.1	416	217	0	0
AT4G20990.1	826	627	1	0.52116
AT1G20290.1	1149	950	0	0
AT5G03870.1	1793	1594	51	10.4549
AT4G26290.1	228	32.1317	0.934037	9.49882
AT3G29670.1	1665	1466	14	3.12056
AT4G11260.1	1601	1402	370	86.2367
AT4G01060.3	646	447	5	3.65511
AT4G01060.2	405	206	0	0
AT4G01060.1	396	197	0	0
AT1G28280.1	1402	1203	125.236	34.0174
AT1G28280.2	1712	1513	0	0
AT5G60520.1	1331	1132	19	5.48461
AT4G19600.1	2233	2034	105	16.8685
AT5G15060.1	1171	972	0	0
AT3G17225.1	848	649	6	3.02096
AT3G54740.8	1779	1580	0	0
AT3G54740.1	1911	1712	0	0
AT3G54740.3	2218	2019	13.2371	2.14238
AT3G54740.6	1970	1771	2.66058	0.490903
AT3G54740.2	2102	1903	1.94007	0.333132
AT3G54740.7	1895	1696	0	0
AT3G54740.4	2027	1828	0	0
AT3G54740.5	2086	1887	20.1622	3.49144
AT2G43640.1	746	547	42.6961	25.5058
AT2G43640.3	731	532	5.30391	3.25779
AT2G43640.2	681	482	0	0
AT4G38120.4	3774	3575	0	0
AT4G38120.2	1631	1432	0	0
AT4G38120.1	3705	3506	0	0
AT4G38120.3	3869	3670	115	10.2393
AT3G52900.1	726	527	36	22.3219
AT2G41950.1	1068	869	96	36.0986
AT5G26210.1	1288	1089	131	39.3081
AT3G27320.1	2034	1835	37.9739	6.76219
AT3G27320.2	1938	1739	71.0261	13.3462
AT2G05330.2	753	554	0	0
AT2G05330.1	689	490	0	0
AT5G64140.1	965	766	364	155.278
AT3G16930.1	210	20.9285	0	0
AT1G60280.1	1044	845	0	0
AT2G02795.1	687	488	0	0
AT4G11420.1	3485	3286	1102	109.585
AT3G01500.2	1758	1559	125.243	26.251
AT3G01500.1	1272	1073	5094.24	1551.38
AT3G01500.3	2251	2052	3043.5	484.657
AT3G01500.4	1971	1772	309.098	56.9995
AT5G41430.1	486	287	0	0
AT3G18250.1	367	168	8	15.5603
AT4G36600.2	1368	1169	0	0
AT4G36600.1	1238	1039	0	0
AT5G36910.1	905	706	269	124.505
AT3G46700.1	1833	1634	42.7646	8.55207
AT1G03360.1	1325	1126	73	21.1847
AT3G45275.1	458	259	0	0
AT2G36854.1	186	12.4336	0	0
AT5G10660.3	1618	1419	0	0
AT5G10660.2	1436	1237	3.00079	0.792691
AT5G10660.1	1734	1535	0	0
AT2G09990.1	1008	809	431.426	174.259
AT3G06400.1	3607	3408	64.5876	6.19281
AT3G06400.2	3610	3411	67.3972	6.45652
AT3G06400.3	3452	3253	280.015	28.1278
AT3G52260.3	1397	1198	5.06572	1.38173
AT3G52260.1	1336	1137	0	0
AT3G52260.4	1175	976	0	0
AT3G52260.2	1339	1140	31.9343	9.15357
AT5G64400.1	2149	1950	176.501	29.5767
AT5G64400.2	980	781	450.234	188.376
AT5G64400.3	1159	960	47.7956	16.2688
AT3G29645.1	417	218	0	0
AT3G17910.1	1614	1415	53	12.2393
AT4G33590.1	1528	1329	1	0.245874
AT4G34710.1	3015	2816	1210.18	140.429
AT4G34710.2	2773	2574	614.305	77.9855
AT5G64010.1	959	760	18	7.73922
AT2G43510.1	761	562	17	9.88441
AT1G60160.1	2932	2733	66	7.89119
AT4G09020.1	2746	2547	70	8.98064
AT3G07720.1	1431	1232	638	169.219
AT3G09770.2	1732	1533	52.0273	11.0899
AT3G09770.1	1810	1611	44.9727	9.12203
AT4G38825.1	485	286	0	0
AT1G56430.1	1443	1244	301	79.065
AT4G16330.2	1310	1111	52.3876	15.4082
AT4G16330.1	2084	1885	14.6124	2.53308
AT4G23920.1	1618	1419	34	7.82952
AT1G28490.2	1021	822	51.1017	20.3143
AT1G28490.1	1139	940	23.8983	8.30764
AT1G28490.3	893	694	1.4391e-06	6.77594e-07
AT1G54100.2	2370	2171	36.0117	5.42028
AT1G54100.1	2001	1802	271.988	49.3212
AT3G14890.2	2269	2070	0.0513633	0.00810813
AT3G14890.1	2365	2166	102.949	15.531
AT4G21780.1	755	556	1	0.587711
AT4G21780.3	815	616	0	0
AT4G21780.2	978	779	0	0
AT3G26120.1	2195	1996	1	0.163711
AT5G15320.2	487	288	75.2667	85.3982
AT5G15320.1	757	558	146.733	85.9277
AT5G04500.1	2743	2544	0	0
AT5G64690.1	1560	1361	5	1.20047
AT2G30020.1	1813	1614	53	10.7303
AT4G30580.1	1520	1321	186	46.0096
AT1G56080.1	1386	1187	22	6.05634
AT5G51790.2	1972	1773	0	0
AT5G51790.4	1124	925	0	0
AT5G51790.3	1868	1669	0	0
AT5G51790.1	1020	821	0	0
AT1G68260.1	891	692	44.7621	21.137
AT3G12470.1	867	668	0	0
AT1G72860.2	4089	3890	28	2.35205
AT1G72860.1	4360	4161	0	0
AT1G72860.3	3567	3368	0	0
AT1G73510.1	910	711	0	0
AT5G43513.1	356	157	0	0
AT3G04630.2	1329	1130	32.7908	9.48227
AT3G04630.1	1305	1106	90.924	26.8634
AT3G04630.3	1265	1066	7.28517	2.23316
AT5G44574.1	1022	823	2	0.794088
AT5G15537.2	1776	1577	4.80941e-07	9.96548e-08
AT5G15537.1	1928	1729	20	3.77984
AT3G18240.2	2477	2278	63.2625	9.07467
AT3G18240.1	2542	2343	44.3385	6.18368
AT5G17450.1	874	675	18.8143	9.10802
AT5G17450.2	1440	1241	6.18565	1.62874
AT3G49820.1	795	596	2	1.09653
AT4G36580.1	2291	2092	20.1685	3.15029
AT5G40153.1	288	89.0004	1.79631	6.59521
AT4G37500.1	375	176	0	0
AT3G55720.1	1655	1456	16	3.59085
AT1G68800.2	4163	3964	0	0
AT1G68800.1	4145	3946	0	0
AT4G06655.1	327	128	0	0
AT1G04950.3	2362	2163	9.74324	1.47192
AT1G04950.2	2140	1941	40.2304	6.77279
AT1G04950.1	2254	2055	18.0263	2.86638
AT4G13960.2	1860	1661	0	0
AT4G13960.4	1568	1369	0	0
AT4G13960.1	1760	1561	0	0
AT4G13960.3	1668	1469	0	0
AT2G15610.1	540	341	0	0
AT1G36920.3	573	374	0	0
AT1G36920.1	901	702	0	0
AT1G36920.2	739	540	0	0
AT4G05091.1	307	108	0	0
AT3G16240.1	1189	990	3247	1071.73
AT1G29965.1	774	575	107.799	61.2609
AT5G10420.1	1700	1501	0	0
AT4G23190.2	2422	2223	0	0
AT4G23190.3	2202	2003	0	0
AT4G23190.1	2425	2226	42.535	6.24396
AT4G23190.4	1954	1755	33.7952	6.29239
AT4G11280.1	1871	1672	103	20.1298
AT5G27290.2	1244	1045	0	0
AT5G27290.1	1339	1140	113	32.3901
AT4G31875.1	751	552	9.21383	5.4543
AT1G68010.3	1291	1092	0	0
AT1G68010.2	1449	1250	608.407	159.046
AT1G68010.1	1719	1520	1632.59	350.972
AT1G68190.1	1355	1156	7	1.97869
AT1G68190.3	1814	1615	0	0
AT1G68190.2	1828	1629	0	0
AT4G37240.1	834	635	9	4.63135
AT1G29700.2	1839	1640	47.4541	9.45514
AT1G29700.1	1392	1193	129.546	35.4831
AT3G57670.1	1801	1602	13	2.65167
AT1G68030.1	1102	903	0	0
AT1G68030.3	847	648	3.92712	1.98033
AT1G68030.2	915	716	3.07288	1.4024
AT3G12580.1	2520	2321	296	41.673
AT5G37474.1	345	146	0	0
AT2G30840.2	1604	1405	0	0
AT2G30840.1	1527	1328	21	5.16725
AT2G30840.3	1509	1310	0	0
AT4G01580.1	912	713	24.1815	11.0824
AT5G39610.1	1312	1113	12	3.5231
AT1G63840.1	1205	1006	81	26.3103
AT2G43230.1	1669	1470	8	1.77832
AT2G43230.2	1736	1537	0	0
AT5G60450.1	3267	3068	199	21.1951
AT5G60450.2	3195	2996	0	0
AT5G11330.1	1483	1284	70.0715	17.8326
AT5G11330.2	1582	1383	35.9285	8.48898
AT3G43590.1	2201	2002	97.8246	15.967
AT3G23320.1	576	377	0	0
AT1G01030.1	1905	1706	0	0
AT1G01030.2	1836	1637	21	4.19188
AT5G67270.1	1347	1148	53	15.0859
AT2G02970.1	2351	2152	109	16.5509
AT2G40030.2	6509	6310	7.141	0.369801
AT2G40030.1	6517	6318	70.859	3.66483
AT1G14040.1	2996	2797	27	3.15435
AT5G48530.1	1250	1051	56	17.411
AT5G25810.1	1357	1158	39	11.0051
AT5G47380.5	2012	1813	0	0
AT5G47380.2	2452	2253	0	0
AT5G47380.3	2384	2185	4.86424	0.727447
AT5G47380.4	2312	2113	0	0
AT5G47380.1	1977	1778	42.1358	7.74386
AT5G38960.1	916	717	0	0
AT1G58807.1	4090	3891	148.23	12.4484
AT1G58807.2	4002	3803	126.481	10.8677
AT1G80190.6	1472	1273	29.6092	7.60041
AT1G80190.1	1662	1463	0	0
AT1G80190.3	1504	1305	0	0
AT1G80190.5	1498	1299	5.39078	1.35607
AT1G80190.4	1769	1570	0	0
AT1G80190.2	1840	1641	0	0
AT5G61605.1	539	340	0	0
AT2G02050.1	724	525	232	144.4
AT5G49540.1	978	779	104.256	43.7322
AT5G49540.2	1231	1032	31.7442	10.0513
AT2G21960.1	1280	1081	241	72.85
AT1G68765.1	865	666	0	0
AT5G08200.1	2055	1856	71	12.5003
AT5G24320.1	2952	2753	32.5799	3.86707
AT5G24320.2	2783	2584	64.4201	8.14643
AT5G40230.1	1437	1238	12	3.16737
AT3G27230.1	1764	1565	164	34.2427
AT3G02730.1	943	744	623	273.624
AT2G13800.4	1792	1593	14.2936	2.932
AT2G13800.3	2267	2068	11.2391	1.77591
AT2G13800.1	2083	1884	15.6578	2.71574
AT2G13800.2	2333	2134	0	0
AT5G16100.2	1700	1501	0	0
AT5G16100.1	1074	875	0	0
AT1G04230.1	1999	1800	25.3177	4.59612
AT1G04230.2	1373	1174	22.4872	6.25901
AT3G02810.1	2323	2124	0	0
AT4G03175.1	603	404	0	0
AT3G54010.2	2298	2099	0.000145731	2.26871e-05
AT3G54010.1	2346	2147	152	23.1339
AT3G04000.1	1318	1119	10.4295	3.04561
AT1G06980.1	1039	840	17	6.61314
AT1G65490.3	515	316	44.158	45.6626
AT1G65490.1	464	265	61.0392	75.2664
AT1G65490.2	728	529	29.8028	18.4094
AT3G49540.1	886	687	0	0
AT3G50340.1	1854	1655	77	15.2031
AT3G47930.1	2227	2028	140	22.5579
AT3G47930.2	2443	2244	0	0
AT1G62750.1	2666	2467	2734	362.133
AT4G01535.1	414	215	1	1.51985
AT2G20618.1	346	147	0	0
AT4G18890.2	2045	1846	0	0
AT4G18890.1	1539	1340	62	15.1191
AT1G17090.1	1316	1117	0	0
AT1G17090.3	840	641	0	0
AT1G17090.5	757	558	20	11.7121
AT1G17090.4	1150	951	0	0
AT1G17090.2	964	765	0	0
AT3G50530.2	2477	2278	187.986	26.9655
AT3G50530.1	2960	2761	40.0145	4.73576
AT2G17480.1	2473	2274	111	15.9504
AT4G29103.1	213	22.4695	0	0
AT5G45290.2	2276	2077	27.8145	4.37595
AT5G45290.1	2497	2298	83.1855	11.8287
AT5G39770.1	3819	3620	0	0
AT5G07700.1	1297	1098	0.221451	0.0659042
AT5G07700.2	1487	1288	6.77855	1.71973
AT3G47170.1	1407	1208	0	0
AT2G11005.1	513	314	0	0
AT2G26280.3	2520	2321	157.801	22.2164
AT2G26280.5	2504	2305	147.497	20.9098
AT2G26280.1	2379	2180	31.3925	4.70552
AT2G26280.6	2220	2021	9.70883e-06	1.56978e-06
AT2G26280.2	2663	2464	0.137469	0.0182306
AT2G26280.4	2739	2540	27.2118	3.50076
AT2G26280.7	2082	1883	25.96	4.50497
AT2G13790.1	2502	2303	105.81	15.0131
AT3G15220.1	2605	2406	78	10.5934
AT4G39000.1	1658	1459	0	0
AT4G12610.2	2092	1893	76.5929	13.2214
AT4G12610.1	2711	2512	28.4071	3.69527
AT3G54240.1	1338	1139	0	0
AT1G31160.1	954	755	88	38.0868
AT1G31160.2	1001	802	0	0
AT3G28570.2	1624	1425	0	0
AT3G28570.1	1356	1157	1	0.282426
AT2G30440.1	2100	1901	356.722	61.3178
AT2G40400.2	2688	2489	79.0756	10.3814
AT2G40400.3	2000	1801	68.9586	12.5116
AT2G40400.1	2719	2520	417.578	54.1471
AT1G71860.1	1544	1345	143.835	34.9447
AT1G71860.2	1468	1269	0.0151153	0.00389219
AT1G71860.3	1504	1305	36.1498	9.05178
AT4G16060.1	1098	899	53	19.2644
AT5G57800.1	2589	2390	377	51.5444
AT1G45230.1	1189	990	156.316	51.5948
AT1G45230.2	1075	876	32.6842	12.1919
AT2G16620.1	402	203	0	0
AT5G51180.2	2918	2719	53.5603	6.43684
AT5G51180.1	3034	2835	24.4397	2.81696
AT1G26590.4	1216	1017	0	0
AT1G26590.3	1137	938	0	0
AT1G26590.1	1369	1170	0	0
AT1G26590.2	1829	1630	0	0
AT1G77180.1	2260	2061	444.864	70.5323
AT1G77180.3	1923	1724	0	0
AT1G77180.2	2413	2214	25.1356	3.7098
AT1G47786.1	561	362	0	0
AT3G49440.1	603	404	0	0
AT3G44700.2	713	514	0	0
AT3G44700.1	802	603	0	0
AT5G60590.1	1250	1051	0	0
AT5G60590.3	1316	1117	0	0
AT5G60590.2	1237	1038	32	10.0737
AT2G31440.2	1100	901	46.95	17.0274
AT2G31440.1	1120	921	46.05	16.3384
AT3G11940.1	1017	818	463.952	185.335
AT3G11940.2	1081	882	1491.05	552.41
AT5G54220.1	384	185	0	0
AT3G42950.1	2605	2406	119	16.1618
AT2G37810.1	702	503	0	0
AT1G55880.2	1756	1557	24.1552	5.06944
AT1G55880.1	1872	1673	28.8448	5.63392
AT5G62810.1	1918	1719	325	61.7797
AT3G29160.1	2112	1913	86.5458	14.7832
AT3G29160.3	1799	1600	31.6685	6.46763
AT3G29160.2	1964	1765	27.7857	5.14417
AT4G11820.2	1828	1629	169.498	34.0003
AT4G11820.3	1570	1371	112.783	26.8811
AT4G11820.1	1917	1718	5.71836	1.08764
AT5G06590.1	1292	1093	16.2327	4.85298
AT5G06590.2	1090	891	0.767333	0.281413
AT4G14615.1	781	582	63	35.3717
AT5G14570.1	1917	1718	85	16.1672
AT2G33730.1	2723	2524	389	50.3615
AT1G29500.1	968	769	20	8.49849
AT2G26380.1	1636	1437	0	0
AT2G21810.1	387	188	0	0
AT4G36640.2	1347	1148	94.5109	26.9016
AT4G36640.1	1537	1338	74.8078	18.2696
AT4G36640.3	1981	1782	6.6813	1.22516
AT2G05510.2	615	416	0.00735843	0.00578004
AT2G05510.5	629	430	0	0
AT2G05510.1	812	613	6.5286	3.48015
AT2G05510.3	572	373	72.3279	63.3629
AT2G05510.6	605	406	0	0
AT2G05510.4	679	480	18.2471	12.422
AT1G25490.1	2203	2004	463	75.4956
AT2G35410.1	1172	973	254	85.302
AT2G42450.1	2210	2011	36	5.84964
AT1G50770.1	1999	1800	0	0
AT2G35330.1	2856	2657	58.3722	7.17882
AT2G35330.2	2691	2492	79.6278	10.4413
AT3G57830.3	2382	2183	25.1029	3.75759
AT3G57830.1	2600	2401	0.000357864	4.8704e-05
AT3G57830.2	2983	2784	13.8967	1.6311
AT4G17980.1	1084	885	0	0
AT4G17980.2	1570	1371	2	0.476684
AT1G76150.1	1489	1290	78.1262	19.79
AT5G07410.1	1469	1270	0	0
AT3G61740.2	3739	3540	74.5266	6.87933
AT3G61740.1	3777	3578	0	0
AT4G35570.1	703	504	107.271	69.5487
AT4G35570.2	678	479	8.7293	5.955
AT2G46700.2	2569	2370	18.6801	2.57554
AT2G46700.3	2680	2481	0	0
AT2G46700.1	2485	2286	53.3199	7.6217
AT3G59320.1	1257	1058	28	8.6479
AT3G59320.2	1395	1196	0	0
AT4G22700.1	590	391	0	0
AT3G13845.2	739	540	0	0
AT3G13845.1	669	470	29	20.1622
AT1G12663.1	410	211	0	0
AT2G26640.1	1974	1775	94	17.3049
AT4G11170.1	3521	3322	2	0.196729
AT1G33102.1	768	569	4	2.29713
AT2G22050.2	1087	888	0	0
AT2G22050.1	1090	891	0	0
AT1G13550.1	1270	1071	4	1.22042
AT4G28270.1	1212	1013	20	6.45147
AT3G24670.1	1589	1390	132	31.0311
AT4G31500.1	1900	1701	727	139.659
AT3G15130.1	2970	2771	7	0.825467
AT1G48285.1	459	260	0	0
AT4G28660.2	890	691	70.2378	33.2148
AT4G28660.1	941	742	523.762	230.658
AT2G23360.1	3257	3058	58	6.19768
AT3G10380.2	3945	3746	58.2327	5.0797
AT3G10380.1	3931	3732	370.767	32.4637
AT5G06030.1	453	254	0	0
AT4G18220.1	1556	1357	28.6744	6.90482
AT3G57140.2	3105	2906	43	4.83516
AT3G57140.1	3146	2947	0	0
AT1G70910.1	617	418	0	0
AT2G07739.1	888	689	1	0.474263
AT5G53240.1	1259	1060	0	0
AT1G04645.1	494	295	0	0
AT4G39780.1	1352	1153	71	20.1218
AT4G03360.1	1100	901	0	0
AT2G05970.1	1134	935	0	0
AT5G23760.1	690	491	49.2601	32.7833
AT5G23760.2	767	568	7.73987	4.4527
AT3G21060.1	2346	2147	42	6.39228
AT5G24318.3	1927	1728	0	0
AT5G24318.4	1873	1674	7.80282e-05	1.52312e-05
AT5G24318.1	1856	1657	9.57795	1.88881
AT5G24318.2	1510	1311	1.42197	0.354426
AT1G74830.1	1992	1793	1	0.182246
AT1G09483.1	410	211	0	0
AT5G25260.1	1699	1500	7.14702	1.55694
AT1G47813.1	195	14.9308	0	0
AT2G15590.2	843	644	1	0.507402
AT2G15590.1	623	424	0	0
AT2G18080.1	1797	1598	0	0
AT1G12030.1	1179	980	17	5.66841
AT2G22530.1	3255	3056	56	5.98788
AT4G30480.3	1176	977	33.0232	11.0449
AT4G30480.1	1210	1011	0	0
AT4G30480.2	1165	966	51.9768	17.5821
AT2G25210.1	402	203	291.508	469.238
AT3G49530.1	1848	1649	71	14.0694
AT3G49530.2	1963	1764	0	0
AT1G72600.1	830	631	1.09327	0.566154
AT1G72600.2	1846	1647	241.917	47.9967
AT4G36150.1	3888	3689	23	2.03731
AT2G02790.2	2552	2353	13.4158	1.86308
AT2G02790.3	2328	2129	67.1709	10.3096
AT2G02790.1	2067	1868	4.41332	0.772018
AT4G36530.2	1744	1545	55.3583	11.7083
AT4G36530.1	1437	1238	148.642	39.2336
AT1G51760.1	1817	1618	107	21.6094
AT2G40520.1	1917	1718	0	0
AT2G40520.4	2300	2101	4.47974	0.696732
AT2G40520.2	2188	1989	0	0
AT2G40520.6	1831	1632	35.5203	7.11204
AT2G40520.3	2237	2038	0	0
AT2G40520.5	1944	1745	0	0
AT3G09720.2	2078	1879	86	14.9558
AT3G09720.1	2498	2299	0	0
AT4G33010.2	3474	3275	506.844	50.5709
AT4G33010.1	3586	3387	9288.92	896.166
AT5G24820.1	1299	1100	0	0
AT2G15670.1	582	383	0	0
AT5G54690.1	2018	1819	13	2.33533
AT2G38905.1	381	182	0	0
AT1G40390.1	1281	1082	0	0
AT4G21865.1	989	790	9	3.72266
AT3G10195.1	360	161	0	0
AT4G13450.1	1158	959	0	0
AT4G13450.2	973	774	1	0.42218
AT5G45140.3	3026	2827	4.67785	0.540703
AT5G45140.2	4013	3814	0	0
AT5G45140.1	3931	3732	106.322	9.30937
AT4G27540.1	1117	918	35	12.4584
AT4G27540.2	779	580	0	0
AT2G03170.1	464	265	0	0
AT5G22980.1	1746	1547	0	0
AT3G56480.1	2164	1965	141	23.4474
AT2G18750.3	2816	2617	0	0
AT2G18750.2	2907	2708	42.4886	5.12699
AT2G18750.1	2700	2501	156.511	20.4489
AT4G35030.8	2080	1881	0	0
AT4G35030.7	2240	2041	0	0
AT4G35030.1	1684	1485	2.30044	0.506202
AT4G35030.3	2052	1853	31.2088	5.50352
AT4G35030.2	1837	1638	0	0
AT4G35030.4	2482	2283	0	0
AT4G35030.9	1519	1320	6.73038	1.66611
AT4G35030.6	2304	2105	6.76035	1.04944
AT4G35030.5	2415	2216	0	0
AT5G14510.1	1307	1108	17	5.01357
AT3G15410.1	2225	2026	96.4762	15.5603
AT3G15410.2	2141	1942	94.5238	15.9049
AT3G44006.1	705	506	0	0
AT1G07240.1	1900	1701	74	14.2156
AT4G05140.1	1260	1061	0	0
AT2G31980.1	782	583	1	0.560492
AT4G17220.1	2069	1870	17	2.97061
AT3G23800.2	1604	1405	6.81963	1.58607
AT3G23800.1	1981	1782	14.1804	2.60027
AT3G29033.1	504	305	0	0
AT3G06250.2	3550	3351	0	0
AT3G06250.1	3070	2871	97.0198	11.0425
AT3G06250.3	3260	3061	10.9802	1.17215
AT3G14270.2	5936	5737	39.756	2.26442
AT3G14270.1	6234	6035	259.244	14.0369
AT2G17470.1	1836	1637	3	0.59884
AT2G17470.2	1918	1719	0	0
AT3G03847.1	396	197	0	0
AT1G08820.1	1716	1517	74.116	15.9648
AT1G08820.5	2371	2172	0	0
AT1G08820.3	2589	2390	0	0
AT1G08820.4	2435	2236	0	0
AT1G08820.2	1996	1797	35.884	6.52516
AT5G11410.2	1441	1242	0	0
AT5G11410.1	1333	1134	5	1.44077
AT1G01460.1	1837	1638	0	0
AT5G47740.2	1010	811	0	0
AT5G47740.1	1004	805	9	3.6533
AT3G14650.1	2143	1944	511.463	85.9718
AT1G24490.1	1974	1775	106.5	19.606
AT1G24490.2	1824	1625	14.5	2.91578
AT2G37330.1	896	697	21	9.84521
AT5G45730.1	2099	1900	3	0.515948
AT4G37480.1	1730	1531	33	7.04331
AT2G45910.2	2919	2720	39.8571	4.78824
AT2G45910.1	3157	2958	62.1429	6.86486
AT2G12480.4	1842	1643	0	0
AT2G12480.2	1670	1471	0.175143	0.0389061
AT2G12480.3	1914	1715	0	0
AT2G12480.1	1667	1468	1.82486	0.406201
AT4G31410.1	1431	1232	55.3293	14.6752
AT4G31410.2	1500	1301	0	0
AT4G31410.3	1097	898	9.67066	3.51899
AT1G43720.1	945	746	0	0
AT5G46890.1	643	444	46.5768	34.2788
AT2G39940.1	2512	2313	196	27.6897
AT1G29620.1	441	242	0	0
AT4G30020.3	3097	2898	0	0
AT4G30020.1	3109	2910	160.097	17.9775
AT4G30020.4	2800	2601	189.903	23.8578
AT4G30020.2	2898	2699	7.74533e-07	9.37725e-08
AT5G44005.1	951	752	4	1.73812
AT4G15885.1	342	143	0	0
AT1G58602.2	5116	4917	409.538	27.2165
AT1G58602.1	4404	4205	97.3757	7.56698
AT3G09430.3	1168	969	6.65729	2.24498
AT3G09430.2	1268	1069	0	0
AT3G09430.1	1311	1112	0	0
AT3G13040.3	1735	1536	183.339	39.0033
AT3G13040.1	2116	1917	105.661	18.0108
AT3G13040.2	1880	1681	0	0
AT1G63700.1	3764	3565	116.646	10.6918
AT1G63700.2	3275	3076	120.354	12.7853
AT4G12300.1	2033	1834	53	9.44311
ATCG00220.1	105	4.43819	0	0
AT2G41060.1	2793	2594	29.7077	3.74229
AT2G41060.3	3199	3000	28.5939	3.11451
AT2G41060.2	2503	2304	38.6984	5.48844
AT1G51805.1	3813	3614	136.377	12.3308
AT1G51805.2	2806	2607	333.143	41.7569
AT5G23190.1	2326	2127	33	5.06973
AT1G23250.1	724	525	0	0
AT1G23250.2	742	543	0	0
AT5G48655.1	1132	933	77.3665	27.0963
AT5G48655.5	1830	1631	0	0
AT5G48655.4	2217	2018	0	0
AT5G48655.2	2001	1802	7.51774	1.36323
AT5G48655.3	1818	1619	8.02823	1.62036
AT5G48655.6	1407	1208	5.08753	1.37619
AT4G29680.1	2205	2006	152	24.76
AT2G11225.1	963	764	171	73.1377
AT4G16265.2	633	434	6.01227	4.52676
AT4G16265.1	796	597	10.9877	6.01412
AT5G67530.1	2242	2043	85	13.5953
AT5G56170.1	911	712	217	99.5905
AT2G17170.1	987	788	0	0
AT2G24280.1	3867	3668	231.117	20.5893
AT2G24280.2	3938	3739	139.883	12.2249
AT1G63750.3	3616	3417	45.1433	4.31704
AT1G63750.1	4378	4179	0	0
AT1G63750.2	3927	3728	13.8567	1.21457
AT2G07667.1	657	458	0	0
AT2G07667.2	1226	1027	1	0.318176
AT5G41390.1	1298	1099	0	0
AT5G41390.2	932	733	0	0
AT3G09830.2	2014	1815	0.000463862	8.35122e-05
AT3G09830.3	2373	2174	5.79252	0.870656
AT3G09830.1	2035	1836	49.207	8.75775
AT5G27360.2	1998	1799	25.1792	4.57351
AT5G27360.4	1675	1476	7.48816e-07	1.65778e-07
AT5G27360.5	1746	1547	0	0
AT5G27360.3	1845	1646	30.0592	5.96742
AT5G27360.1	1783	1584	22.717	4.68635
AT5G50550.1	1673	1474	27.5	6.0964
AT2G34390.3	819	620	0	0
AT2G34390.2	1189	990	6.28457	2.07433
AT2G34390.4	876	677	0	0
AT2G34390.1	1162	963	16.7154	5.67191
AT4G21860.4	838	639	310.134	158.594
AT4G21860.2	902	703	0	0
AT4G21860.1	1403	1204	60.3707	16.3847
AT4G21860.3	1180	981	4.49542	1.49741
AT2G41520.2	3721	3522	0	0
AT2G41520.1	3873	3674	126.887	11.2854
AT2G41520.3	3833	3634	0.113059	0.0101662
AT3G61140.1	1976	1777	178	32.7319
AT5G33898.1	747	548	0	0
AT3G13380.1	4517	4318	57	4.31351
AT5G39830.1	1687	1488	172.082	37.7894
AT5G39830.2	1540	1341	31.9184	7.77768
AT4G09830.1	949	750	163	71.0174
AT5G44540.1	360	161	0	0
AT2G32780.1	3273	3074	0	0
AT1G04140.1	3123	2924	362.844	40.549
AT1G04140.2	3138	2939	67.1563	7.46665
AT5G54680.1	1322	1123	326	94.8585
AT2G02660.1	1331	1132	0	0
AT3G52510.1	752	553	0	0
AT3G52510.2	835	636	0	0
AT5G66053.1	147	6.75012	0	0
AT5G24150.1	1975	1776	190.258	35.0056
AT5G24150.2	1863	1664	16.7421	3.28773
AT1G08200.1	1846	1647	1180	234.114
AT1G35240.1	1933	1734	3	0.565341
AT5G57140.1	1547	1348	15	3.63613
AT1G16300.1	1655	1456	81.546	18.3012
AT1G09280.1	1964	1765	62	11.4785
AT4G21590.1	1279	1080	6	1.81537
AT4G21590.2	1137	938	0	0
AT1G73770.1	855	656	6.94847e-08	3.46118e-08
AT1G73770.2	899	700	13	6.06853
AT1G73770.3	812	613	0	0
AT3G61710.1	1992	1793	64.916	11.8307
AT3G61710.2	2062	1863	19.0835	3.34722
AT3G61710.3	1991	1792	0.000485588	8.85458e-05
AT3G61710.4	2100	1901	0	0
AT3G24160.1	1684	1485	625	137.528
AT4G20060.1	3902	3703	29	2.55907
AT4G25630.1	1339	1140	652.887	187.142
AT1G10050.3	3493	3294	0.427473	0.0424056
AT1G10050.2	3753	3554	26.9521	2.47807
AT1G10050.1	3230	3031	40.6204	4.37922
AT2G40890.1	1885	1686	734	142.258
AT5G16470.2	801	602	276.357	150.007
AT5G16470.1	1154	955	21.6431	7.40549
AT5G13850.1	969	770	397	168.476
AT5G25415.1	1118	919	0	0
AT2G05117.1	273	74.0093	0	0
AT5G18640.1	1834	1635	29.7273	5.94122
AT5G18640.5	1282	1083	0	0
AT5G18640.4	1824	1625	0	0
AT5G18640.2	1953	1754	0	0
AT5G18640.3	1724	1525	12.2705	2.62923
AT4G04770.1	2100	1901	309	53.1147
AT1G30845.1	766	567	9	5.18678
AT1G65700.3	763	564	0	0
AT1G65700.2	578	379	10.0787	8.68971
AT1G65700.1	832	633	24.9213	12.8648
AT4G19230.1	2113	1914	51	8.70696
AT4G19230.2	1995	1796	0	0
AT2G27980.1	4070	3871	154	12.9998
AT1G54650.3	1182	983	17.8201	5.92372
AT1G54650.1	1274	1075	0	0
AT1G54650.2	1472	1273	3.17992	0.816255
AT1G35460.2	1805	1606	0	0
AT1G35460.1	1464	1265	39	10.0742
AT5G62350.1	1234	1035	161	50.8304
AT3G20015.1	2047	1848	91	16.0908
AT4G35900.1	1438	1239	10	2.63735
AT4G35900.2	1867	1668	0	0
AT1G19230.2	3106	2907	12.5628	1.41214
AT1G19230.1	3007	2808	15.4372	1.79643
AT2G18685.1	204	18.2087	0	0
AT1G77940.1	714	515	984	624.347
AT3G57850.1	303	104	0	0
AT2G38410.1	2641	2442	81	10.8387
AT3G22770.1	984	785	0	0
AT1G75420.1	1874	1675	57.062	11.1319
AT1G75420.2	1961	1762	12.5259	2.32296
AT1G75420.3	1704	1505	4.81437	1.0453
AT3G06320.1	504	305	44.639	47.8248
AT1G15170.2	1701	1502	0	0
AT1G15170.1	1950	1751	56.8264	10.6048
AT2G19310.1	1108	909	72	25.8825
AT4G09355.1	27	2.79611	0	0
AT3G51830.2	958	759	2.27081	0.977636
AT3G51830.1	2071	1872	73.7292	12.8698
AT5G40910.6	3683	3484	0.000517957	4.85796e-05
AT5G40910.2	4903	4704	0	0
AT5G40910.3	4013	3814	38.8656	3.32984
AT5G40910.1	3882	3683	0	0
AT5G40910.5	3752	3553	28.6599	2.63584
AT5G40910.4	3944	3745	0.00151853	0.000132498
AT5G40910.7	4161	3962	20.8868	1.72264
AT5G40910.8	4706	4507	22.8225	1.65468
AT5G40910.9	3315	3116	97.7631	10.2522
AT1G43950.1	669	470	0	0
AT2G05786.1	135	5.87326	0	0
AT5G19080.1	1706	1507	34	7.37232
AT4G23340.2	1341	1142	0	0
AT4G23340.1	1274	1075	4	1.21588
AT5G34870.1	1551	1352	0	0
AT3G15040.1	1722	1523	38	8.15309
AT1G28200.1	1305	1106	96	28.3631
AT1G28200.2	1228	1029	5.36037e-07	1.70223e-07
AT4G18430.1	1046	847	13	5.01532
AT2G20300.1	3311	3112	212	22.2605
AT4G01140.1	1670	1471	8	1.77712
AT4G11370.1	955	756	2	0.864463
AT1G22882.1	2805	2606	128	16.05
AT2G30933.2	2001	1802	2.41555	0.438026
AT2G30933.1	1255	1056	8.58445	2.65636
AT2G30933.3	1672	1473	0	0
AT1G56410.1	1854	1655	2.00364	0.395604
AT1G61980.3	1671	1472	37.0503	8.22475
AT1G61980.2	1812	1613	0	0
AT1G61980.1	2426	2227	2.94967	0.432804
AT3G05180.1	1436	1237	101	26.6803
AT4G26710.2	705	506	46.162	29.8107
AT4G26710.1	765	566	249.838	144.238
AT5G04590.1	3325	3126	1641	171.537
AT4G33580.2	1361	1162	204.704	57.5651
AT4G33580.3	1114	915	105.529	37.6868
AT4G33580.1	1467	1268	53.7667	13.8558
AT1G71865.1	711	512	22	14.0408
AT5G24275.3	2256	2057	0	0
AT5G24275.2	2352	2153	0	0
AT5G24275.1	2895	2696	0	0
AT5G24275.4	2033	1834	0	0
AT1G09660.1	1396	1197	148.942	40.6595
AT1G09660.3	1462	1263	11.0576	2.86086
AT1G09660.2	1459	1260	0	0
AT1G79485.1	348	149	0.122239	0.268078
AT4G40000.1	2561	2362	39.642	5.4842
AT4G40000.2	1846	1647	2.35804	0.467839
AT2G28250.2	2624	2425	16.0331	2.16044
AT2G28250.5	2409	2210	0	0
AT2G28250.4	2019	1820	34.9423	6.27363
AT2G28250.1	2519	2320	4.64	0.653534
AT2G28250.6	2327	2128	0	0
AT2G28250.3	2357	2158	6.38462	0.966767
AT2G18350.1	1380	1181	17	4.70368
AT2G14120.1	2881	2682	121.909	14.8531
AT2G14120.2	2749	2550	110.091	14.1075
AT2G14120.4	2336	2137	0	0
AT2G14120.3	2836	2637	0	0
AT3G18715.1	769	570	0	0
AT1G71280.1	1567	1368	0	0
AT1G71280.2	1508	1309	0	0
AT5G05680.1	2712	2513	71	9.23218
AT4G22350.1	2099	1900	32.9557	5.6678
AT4G22350.3	2663	2464	0	0
AT4G22350.4	2552	2353	0	0
AT4G22350.2	2340	2141	14.3377	2.18827
AT3G27040.1	1048	849	0	0
AT1G33730.1	1529	1330	0	0
AT1G33730.2	1122	923	0	0
AT3G11510.1	857	658	1350	670.419
AT4G05080.1	1176	977	0	0
AT2G03530.5	1716	1517	0	0
AT2G03530.2	1497	1298	0	0
AT2G03530.1	1509	1310	17.3099	4.31778
AT2G03530.4	1864	1665	4.69014	0.920471
AT2G03530.3	1542	1343	0	0
AT5G23405.3	813	614	16.1548	8.59749
AT5G23405.1	1052	853	17.8452	6.83613
AT5G23405.2	1040	841	0	0
AT5G46230.1	806	607	36	19.3799
AT2G22600.1	2167	1968	2	0.33208
AT3G07350.1	1606	1407	6	1.39346
AT5G25300.1	1434	1235	0	0
AT3G48100.1	1450	1251	51	13.3214
AT3G62870.1	1196	997	1760	576.841
AT5G64650.1	1029	830	34	13.3856
AT4G02425.1	1426	1227	12	3.19577
AT1G12380.1	3155	2956	69	7.62751
AT5G18090.1	1301	1102	2	0.593044
AT5G28210.1	1878	1679	0	0
AT1G01950.2	2944	2745	0	0
AT1G01950.3	3058	2859	0	0
AT1G01950.1	3058	2859	145	16.5727
AT1G01950.4	2921	2722	0	0
AT2G27330.1	905	706	43	19.9022
AT5G43270.3	2297	2098	3.00959	0.468749
AT5G43270.1	2381	2182	0	0
AT5G43270.2	1740	1541	98.9904	20.9908
AT2G38290.1	1900	1701	63	12.1025
AT2G38290.2	1792	1593	22	4.51279
AT3G05730.1	1393	1194	1318	360.703
AT1G36340.2	673	474	0	0
AT1G36340.1	630	431	0	0
AT1G64740.1	1652	1453	150	33.7337
AT2G31230.1	1142	943	17	5.89082
AT5G61300.1	2194	1995	17.6549	2.89174
AT5G61300.2	2081	1882	4.34514	0.754436
AT5G53360.2	820	621	4.16901	2.19371
AT5G53360.1	1459	1260	11.831	3.06824
AT5G53360.3	811	612	2.40097e-08	1.28196e-08
AT2G43465.6	1429	1230	9.83471	2.61273
AT2G43465.1	1446	1247	1.40975e-06	3.69413e-07
AT2G43465.3	1550	1351	11.1653	2.70055
AT2G43465.2	1560	1361	0	0
AT2G43465.5	1503	1304	0	0
AT2G43465.4	1514	1315	0	0
AT4G38930.2	1198	999	47.5541	15.5547
AT4G38930.4	1210	1011	22.5334	7.28305
AT4G38930.3	1222	1023	5.27236	1.6841
AT4G38930.1	1203	1004	6.7059e-07	2.18254e-07
AT4G28300.2	2310	2111	44.7031	6.91971
AT4G28300.1	1979	1780	228.297	41.9101
AT3G46590.4	2498	2299	29.2065	4.15126
AT3G46590.1	2274	2075	39.7667	6.26238
AT3G46590.2	2647	2448	0	0
AT3G46590.3	2240	2041	6.35387	1.01726
AT3G46590.5	1871	1672	73.6729	14.3983
AT2G43945.1	1253	1054	232	71.926
AT1G32640.1	3289	3090	85.7544	9.06852
AT1G03670.1	1851	1652	0	0
AT2G16930.1	837	638	0	0
AT2G16930.3	766	567	0	0
AT2G16930.4	1039	840	6.18615	2.40646
AT2G16930.2	800	601	73.8002	40.1256
AT5G55410.2	701	502	0	0
AT5G55410.1	755	556	0	0
AT5G65760.1	1763	1564	81	16.9234
AT2G37025.2	2213	2014	6.22566	1.0101
AT2G37025.3	1566	1367	6.77434	1.61934
AT2G37025.1	1644	1445	0	0
AT5G56100.1	933	734	23	10.2393
AT5G09320.1	1425	1226	1	0.266531
AT1G33560.1	2929	2730	67	8.01956
AT5G56970.1	1724	1525	3	0.642821
AT5G56970.2	1401	1202	0	0
AT1G01250.1	891	692	6	2.83324
AT3G53140.1	1316	1117	0	0
AT4G34940.1	2425	2226	1	0.146796
AT1G10747.1	446	247	0	0
AT5G53910.1	693	494	0	0
AT5G59910.1	1286	1087	736.473	221.394
AT2G03840.1	976	777	0	0
AT3G19615.1	438	239	0	0
AT4G16024.1	285	86.0009	0	0
AT1G73940.1	911	712	142	65.1698
AT1G26795.1	574	375	0	0
AT1G10190.1	1311	1112	0	0
AT4G19420.1	2877	2678	0	0
AT4G19420.3	2852	2653	0	0
AT4G19420.2	3142	2943	7.73795	0.85916
AT4G19420.4	2001	1802	59.2621	10.7463
AT5G53430.1	4565	4366	61.754	4.62189
AT1G05880.1	1705	1506	1	0.216977
AT1G05880.3	1827	1628	0	0
AT1G05880.2	1726	1527	1.24696e-07	2.66841e-08
AT1G79470.1	1979	1780	87	15.9712
AT1G61460.1	2250	2051	1.31226	0.209071
AT5G11630.2	659	460	14.4872	10.2912
AT5G11630.1	724	525	24.5128	15.2571
AT5G11630.3	701	502	0	0
AT2G06960.1	447	248	0	0
AT5G64816.2	682	483	0.234198	0.158443
AT5G64816.4	795	596	12.1677	6.67113
AT5G64816.1	634	435	19.5981	14.7219
AT5G64816.3	827	628	0	0
AT5G62090.1	3338	3139	33.0421	3.43965
AT5G62090.2	2958	2759	96.9579	11.4834
AT5G62090.3	3112	2913	0	0
AT3G11310.1	1620	1421	0	0
AT2G43620.1	1180	981	241	80.2761
AT5G64970.2	1539	1340	15.8856	3.87381
AT5G64970.3	1435	1236	0	0
AT5G64970.1	2288	2089	4.0636	0.635639
AT5G24960.2	1972	1773	0	0
AT5G24960.1	1874	1675	13	2.5361
AT3G63530.2	1628	1429	30.2434	6.91571
AT3G63530.1	1250	1051	37.7566	11.7389
AT5G61090.2	2304	2105	0	0
AT5G61090.1	2353	2154	0	0
AT1G74680.1	1952	1753	29	5.40573
AT4G19006.1	1482	1283	158	40.241
AT4G19006.2	1641	1442	0	0
AT2G18170.1	1842	1643	44	8.75091
AT5G24810.2	3273	3074	0.0100091	0.00106397
AT5G24810.1	3481	3282	399.99	39.8244
AT2G11851.1	1393	1194	0	0
AT2G11851.2	991	792	0	0
AT5G66816.1	600	401	2	1.62976
AT3G14395.1	594	395	9	7.44533
AT3G16750.2	1297	1098	0	0
AT3G16750.1	1206	1007	17	5.51643
AT3G02180.3	667	468	90.1126	62.9185
AT3G02180.1	976	777	11.6338	4.8926
AT3G02180.2	844	645	54.2535	27.4857
AT3G63093.1	1531	1332	1.71208	0.420009
AT1G68270.1	1608	1409	0	0
AT3G32410.1	699	500	0	0
AT1G65032.1	694	495	12	7.92163
AT4G05310.1	1248	1049	0	0
AT5G65360.1	723	524	382.807	238.719
AT5G55880.1	1101	902	0	0
AT3G48360.2	2419	2220	4.1573	0.611923
AT3G48360.3	1885	1686	20.8427	4.03957
AT3G48360.1	2077	1878	0	0
AT3G48310.1	1862	1663	46.317	9.10094
AT5G59390.1	1733	1534	0	0
AT5G59390.5	1686	1487	0	0
AT5G59390.2	1996	1797	0	0
AT5G59390.4	1983	1784	0	0
AT5G59390.3	2014	1815	0	0
AT4G28490.1	3710	3511	50	4.65348
AT3G61290.1	1503	1304	0	0
AT5G22690.1	3692	3493	7.32088	0.684862
AT5G22690.4	3259	3060	27.2385	2.90871
AT5G22690.2	3808	3609	17.4406	1.57911
AT5G22690.3	3459	3260	5.74479e-06	5.75831e-07
AT1G02310.2	1415	1216	0	0
AT1G02310.1	1390	1191	3	0.823091
AT1G29840.1	1239	1040	31.6147	9.93333
AT5G06300.1	1277	1078	34	10.3062
AT1G25083.1	794	595	0	0
AT5G03860.1	2025	1826	6	1.07371
AT5G03860.2	1904	1705	0	0
AT2G07702.1	561	362	0	0
AT3G50440.1	828	629	28	14.5461
AT5G25510.1	2157	1958	177	29.5392
AT3G04550.1	1518	1319	240	59.4572
AT5G51210.1	767	568	1	0.575294
AT3G45170.1	688	489	0	0
AT5G01290.1	2374	2175	86	12.9204
AT1G68100.1	1853	1654	73	14.422
AT1G68100.2	1527	1328	0	0
AT4G15640.1	1592	1393	103	24.1615
AT4G15640.2	1476	1277	0	0
AT2G04220.1	1423	1224	0	0
AT1G21870.1	1172	973	0	0
AT2G34430.1	1312	1113	9528.4	2797.46
AT1G13980.2	4799	4600	45.3845	3.22395
AT1G13980.1	4844	4645	201.616	14.1833
AT2G41420.1	948	749	171	74.6024
AT4G39795.1	657	458	3	2.1404
AT1G68810.1	1954	1755	71	13.2196
AT3G54850.1	2242	2043	60	9.59668
AT4G17170.1	1158	959	277	94.3842
AT5G44790.1	3633	3434	336	31.9726
ATMG00130.1	366	167	0	0
AT1G18720.1	1393	1194	126.531	34.6283
AT1G18720.2	1538	1339	18.469	4.50713
AT2G05520.6	644	445	828.555	608.415
AT2G05520.3	668	469	44.1397	30.7535
AT2G05520.5	626	427	46.1177	35.2921
AT2G05520.1	1065	866	560.317	211.424
AT2G05520.2	1044	845	2.93637	1.13551
AT2G05520.4	665	466	1.59937	1.1215
AT1G76540.1	1367	1168	92	25.7385
AT3G13650.1	1115	916	43	15.3395
AT2G32350.1	763	564	0	0
AT1G23120.1	826	627	11	5.73276
AT1G23120.2	906	707	0	0
AT5G38570.1	1140	941	0	0
AT1G29330.1	1306	1107	64	18.8917
AT1G29330.2	804	605	0	0
AT2G45240.2	1665	1466	0	0
AT2G45240.1	1696	1497	112.063	24.4613
AT1G55770.1	688	489	1	0.668235
AT1G53290.1	1751	1552	66	13.896
AT3G59540.1	595	396	594	490.151
AT1G76320.1	3082	2883	21.6547	2.45441
AT1G76320.4	2974	2775	4.27613e-08	5.03531e-09
AT1G76320.2	2566	2367	17.5653	2.42492
AT1G76320.3	3260	3061	13.7799	1.47103
AT1G23840.1	1244	1045	3	0.938087
AT3G48230.1	1660	1461	1	0.22366
AT5G42580.1	1776	1577	0	0
AT5G38770.1	511	312	3	3.14199
AT5G19430.5	1334	1135	6.65063	1.91472
AT5G19430.3	1836	1637	17.6496	3.5231
AT5G19430.1	1400	1201	0	0
AT5G19430.6	1192	993	43.0211	14.157
AT5G19430.4	1543	1344	0	0
AT5G19430.2	1465	1266	5.67865	1.46572
AT3G23430.1	2994	2795	703	82.1887
AT1G79930.1	3069	2870	944.568	107.545
AT1G79930.2	3016	2817	67.2884	7.80534
AT5G51270.2	2613	2414	6.38605	0.864437
AT5G51270.1	3043	2844	6.61395	0.759924
AT3G01311.1	931	732	0	0
AT3G01311.2	1137	938	0	0
AT2G19690.1	928	729	0	0
AT2G19690.3	828	629	9	4.67552
AT2G19690.2	699	500	0	0
AT5G16350.3	1652	1453	0	0
AT5G16350.2	1776	1577	0	0
AT5G16350.1	1691	1492	13	2.84717
AT5G04045.1	463	264	0	0
AT1G52380.3	2438	2239	0	0
AT1G52380.2	2022	1823	8.70213	1.55983
AT1G52380.1	1858	1659	145.881	28.7337
AT1G52380.4	2229	2030	4.41654	0.710926
AT4G24790.5	3151	2952	25.5891	2.83254
AT4G24790.3	3550	3351	0	0
AT4G24790.2	3480	3281	0.195749	0.0194954
AT4G24790.1	3357	3158	39.2151	4.0577
AT4G24790.4	3455	3256	4.90106e-05	4.91862e-06
AT4G26090.1	3535	3336	43.1355	4.2252
AT5G27140.2	1353	1154	0	0
AT5G27140.1	1338	1139	0	0
AT2G35920.3	3625	3426	13.8145	1.31761
AT2G35920.1	3377	3178	154.185	15.8536
AT2G35920.2	3653	3454	0	0
AT4G14910.1	1305	1106	83.7274	24.7372
AT4G14910.3	1412	1213	8.2726	2.22854
AT4G14910.2	1284	1085	1.94737e-07	5.86484e-08
AT1G60710.1	1661	1462	603.836	134.962
AT4G29660.1	811	612	18	9.6108
AT2G41220.1	5733	5534	823	48.5958
AT5G37230.1	806	607	0	0
AT4G21630.1	2318	2119	0	0
AT3G04060.1	1526	1327	15	3.69368
AT5G43560.2	3537	3338	196.306	19.217
AT5G43560.1	3800	3601	20.6942	1.87786
AT2G23430.1	1175	976	62	20.7577
AT2G38230.1	1283	1084	1692.37	510.156
AT2G05180.1	1329	1130	2	0.578349
AT4G34160.1	1874	1675	152	29.6529
AT4G19910.1	726	527	0	0
AT5G04000.2	762	563	2	1.16081
AT5G04000.1	790	591	0	0
AT1G48110.2	3008	2809	0	0
AT1G48110.1	2607	2408	305	41.3887
AT4G01883.2	1267	1068	0	0
AT4G01883.1	1159	960	81	27.571
AT4G01883.3	1213	1014	0	0
AT3G50060.1	1720	1521	42	9.02316
AT4G03298.1	725	526	0	0
AT3G53420.1	1573	1374	232.881	55.3843
AT3G53420.2	1278	1079	3273.32	991.3
AT1G53710.1	1890	1691	49.9913	9.66027
AT1G53710.2	1797	1598	0.00870149	0.00177932
AT1G24880.2	650	451	350.035	253.614
AT1G24880.3	737	538	285.131	173.181
AT5G36970.1	1031	832	1	0.392749
AT1G21690.3	1232	1033	17.2026	5.44166
AT1G21690.4	1169	970	35.3243	11.8998
AT1G21690.1	1456	1257	13.4434	3.49473
AT1G21690.2	1258	1059	15.0297	4.63759
AT5G52260.1	1006	807	3	1.21475
AT3G13790.5	1802	1603	23.0715	4.70307
AT3G13790.2	1953	1754	102.437	19.0838
AT3G13790.1	2115	1916	141.927	24.2051
AT3G13790.4	2282	2083	2.42372e-06	3.80216e-07
AT3G13790.3	2408	2209	14.5649	2.15451
AT1G34830.1	488	289	0	0
AT1G45207.2	2020	1821	23.2213	4.16692
AT1G45207.3	2264	2065	50.7787	8.03526
AT3G18720.1	1266	1067	0	0
AT4G39980.1	2011	1812	536	96.6596
AT1G28305.1	807	608	0	0
AT1G02190.1	2195	1996	0	0
AT1G02190.2	2161	1962	0	0
AT3G51310.1	2809	2610	227	28.42
AT4G29670.2	1431	1232	21.826	5.78898
AT4G29670.1	1321	1122	170.174	49.5608
AT1G05010.1	1529	1330	749	184.021
AT3G44620.2	1229	1030	67.1395	21.3
AT3G44620.1	1315	1116	77.8605	22.7977
AT3G08580.2	1687	1488	4319.79	948.632
AT3G08580.1	1460	1261	2091.2	541.899
AT2G21640.1	735	536	7	4.26748
AT5G57567.1	253	54.2236	0	0
AT5G57567.2	774	575	1	0.568291
AT3G23685.1	993	794	0	0
AT1G13940.2	3578	3379	56.5285	5.4666
AT1G13940.1	3701	3502	28.4715	2.65664
AT3G15170.1	1236	1037	2	0.630216
AT3G47340.2	2299	2100	23	3.57888
AT3G47340.4	1906	1707	0	0
AT3G47340.1	2439	2240	32	4.6681
AT3G47340.3	2380	2181	0	0
AT4G31250.1	2493	2294	37	5.27044
AT3G50700.1	2117	1918	20	3.40737
AT3G09180.3	1489	1290	52.8541	13.3884
AT3G09180.1	1722	1523	26.1459	5.60974
AT3G09180.2	1870	1671	0	0
AT2G25530.2	2266	2067	58.7908	9.2941
AT2G25530.1	2281	2082	73.2092	11.4901
AT3G46230.1	750	551	0	0
AT2G27960.1	857	658	66	32.776
AT3G18370.1	3794	3595	139	12.6344
AT4G24770.1	1739	1540	9.80892	2.08132
AT4G24770.2	1425	1226	2802.19	746.871
AT2G29730.1	1738	1539	47.9412	10.1791
AT5G46310.1	1119	920	0	0
AT3G04080.1	2447	2248	161	23.4028
AT5G25040.4	1749	1550	0.315406	0.066493
AT5G25040.1	1837	1638	16.9741	3.38619
AT5G25040.2	2017	1818	6.22098	1.11816
AT5G25040.5	2118	1919	0.0339026	0.00577292
AT5G25040.3	2058	1859	0	0
AT1G13970.1	2226	2027	21	3.38535
AT3G21990.1	1120	921	0	0
AT5G12235.1	609	410	1	0.796993
AT3G25850.1	777	578	0	0
AT4G30110.1	3202	3003	26.5752	2.89174
AT4G30110.2	2976	2777	21.4248	2.52103
AT3G52640.2	2502	2303	17.8936	2.53887
AT3G52640.3	2786	2587	0	0
AT3G52640.1	2503	2304	142.106	20.1544
AT1G57770.1	2048	1849	164	28.9831
AT5G18940.1	1733	1534	62.5515	13.3245
AT5G18940.2	1218	1019	41.4485	13.2915
AT1G19240.1	696	497	22	14.4645
AT2G31240.1	2195	1996	62	10.1501
AT2G40435.3	796	597	0	0
AT2G40435.1	989	790	30.7266	12.7094
AT2G40435.2	1306	1107	5.27341	1.55662
AT3G17712.2	2653	2454	0	0
AT3G17712.3	2506	2307	15.3192	2.16983
AT3G17712.1	2797	2598	0	0
AT4G30670.1	787	588	14	7.78017
AT5G46874.1	240	42.049	0	0
AT1G77405.1	1396	1197	4	1.09195
AT1G72760.3	2427	2228	0	0
AT1G72760.2	2494	2295	0	0
AT1G72760.1	2094	1895	1	0.172436
AT4G37800.1	1288	1089	534	160.233
AT2G18640.1	1443	1244	1	0.262675
AT5G02490.1	2485	2286	158.03	22.5892
AT4G08300.1	1522	1323	130	32.1086
AT5G54910.1	2575	2376	100	13.7528
AT1G34810.1	279	80.003	0	0
AT5G60730.1	1516	1317	24	5.95475
AT1G20930.1	1393	1194	49	13.41
AT5G26310.1	1809	1610	21	4.26218
AT4G09250.1	1159	960	3.0527	1.03909
AT4G12740.1	1893	1694	0	0
AT4G12740.2	1977	1778	9	1.65405
AT4G12740.3	1836	1637	0	0
AT2G32660.1	2355	2156	5	0.757809
AT2G32660.2	2599	2400	0	0
AT1G04270.2	795	596	88.8675	48.7231
AT1G04270.1	923	724	1696.87	765.86
AT5G08640.2	1323	1124	95.0314	27.6274
AT5G08640.1	1514	1315	240.969	59.8788
AT4G09120.1	1122	923	1	0.354027
AT4G19360.2	797	598	0	0
AT4G19360.1	807	608	0	0
AT5G27893.1	1300	1101	3	0.890374
AT5G08590.2	1907	1708	5.43733	1.04025
AT5G08590.1	1675	1476	287.563	63.6626
AT3G44290.1	1317	1118	2	0.584557
AT3G44290.2	1495	1296	0	0
AT4G22750.1	1184	985	123	40.8044
AT3G58400.1	882	683	0	0
AT1G34180.4	2120	1921	0	0
AT1G34180.3	1520	1321	5	1.23682
AT1G34180.1	2045	1846	0	0
AT1G34180.2	1898	1699	0	0
AT4G34490.2	2057	1858	8.27829e-06	1.45591e-06
AT4G34490.1	2035	1836	319	56.7749
AT4G34670.1	1240	1041	1661	521.383
AT3G50500.2	1574	1375	145.298	34.5299
AT3G50500.1	1720	1521	58.702	12.6114
AT2G46765.1	393	194	5	8.42183
AT5G65840.1	1263	1064	145	44.5312
AT5G55320.1	1337	1138	0	0
AT1G74360.1	3694	3495	27	2.52438
AT1G01560.2	1595	1396	3	0.702222
AT1G01560.3	1636	1437	0	0
AT1G01560.4	1625	1426	0	0
AT1G01560.1	1710	1511	0	0
AT3G59970.2	1708	1509	0	0
AT3G59970.1	2116	1917	48.1231	8.20295
AT3G59970.3	2078	1879	1544.59	268.611
AT2G01379.1	375	176	0	0
AT1G65483.2	655	456	0	0
AT1G65483.1	1609	1410	0	0
AT3G25480.1	1188	989	134	44.2738
AT4G31520.1	2561	2362	4	0.553374
AT4G31520.2	2371	2172	0	0
AT4G13870.2	1243	1044	24.5704	7.69044
AT4G13870.1	1137	938	0.315422	0.109882
AT5G40860.2	1147	948	2.99286	1.03161
AT5G40860.1	1152	953	0.00713524	0.00244655
AT4G19970.1	1349	1150	10	2.84145
AT5G47090.1	1780	1581	14.2432	2.94385
AT5G47090.2	1336	1137	26.7568	7.68973
AT2G15910.2	891	692	69.9655	33.0382
AT2G15910.1	1706	1507	2.81671	0.610756
AT2G15910.3	1234	1035	4.38952	1.38585
AT2G40930.1	3416	3217	133	13.5095
AT2G40930.2	3455	3256	0	0
AT5G35170.2	2150	1951	154.14	25.8164
AT5G35170.1	2365	2166	251.86	37.9962
AT4G37380.1	2123	1924	20	3.39675
AT4G26720.1	1617	1418	82	18.8963
AT2G41500.1	2060	1861	74	12.9934
AT2G41500.2	1890	1691	0	0
AT1G07990.1	3167	2968	159.733	17.586
AT1G07990.2	3313	3114	28.2674	2.96624
AT1G02670.7	2321	2122	0	0
AT1G02670.5	2393	2194	0	0
AT1G02670.4	1928	1729	0	0
AT1G02670.1	2161	1962	0	0
AT1G02670.6	2311	2112	4	0.618877
AT1G02670.2	2653	2454	0	0
AT1G02670.3	2571	2372	0	0
AT5G27450.2	2010	1811	13.1984	2.38144
AT5G27450.1	1477	1278	61.6856	15.7722
AT5G27450.3	1423	1224	18.1161	4.83638
AT1G65240.1	1698	1499	1	0.21799
AT1G25360.1	2745	2546	9	1.15511
AT1G24793.1	1364	1165	16.6552	4.67156
AT1G24793.2	1163	964	7.18532e-08	2.43561e-08
AT3G61898.1	305	106	3	9.24813
AT4G29070.1	1156	957	94.6469	32.3171
AT4G29070.2	1303	1104	22.3531	6.61618
AT5G12200.1	1907	1708	118	22.5752
AT4G19740.1	954	755	0	0
AT5G64020.1	1818	1619	97	19.5778
AT2G03810.5	2166	1967	23.6046	3.92131
AT2G03810.7	2167	1968	4.68752	0.778316
AT2G03810.3	1876	1677	38.7079	7.54231
AT2G03810.4	2544	2345	0	0
AT2G03810.6	2327	2128	0	0
AT2G03810.2	2111	1912	9.9396e-08	1.69871e-08
AT2G03810.1	2171	1972	0	0
AT2G44020.1	2001	1802	36	6.52809
AT1G68000.1	1132	933	99	34.673
AT2G11010.1	2082	1883	0	0
AT5G27660.2	1882	1683	32	6.21304
AT5G27660.1	1275	1076	0	0
AT3G15760.1	1010	811	10	4.02919
AT3G01910.3	1108	909	61.4275	22.0819
AT3G01910.1	1565	1366	337.257	80.6769
AT3G01910.2	1191	992	17.3152	5.70367
AT2G46735.1	952	753	58	25.1693
AT1G52940.1	1267	1068	0	0
AT1G47250.1	1237	1038	65.1295	20.5031
AT2G21370.3	1919	1720	13.9109	2.6428
AT2G21370.2	1647	1448	117.089	26.4233
AT2G21370.4	1328	1129	0	0
AT2G21370.1	1638	1439	1.19649e-07	2.71699e-08
AT3G46580.1	983	784	20	8.3359
AT5G09300.2	1491	1292	0	0
AT5G09300.3	1166	967	1.27499e-06	4.30844e-07
AT5G09300.1	1605	1406	25	5.81023
AT5G09300.4	1107	908	0	0
AT3G57700.1	1023	824	0	0
AT5G57030.1	2131	1932	263	44.4823
AT5G56340.1	1788	1589	75	15.4232
AT1G12260.2	1794	1595	0	0
AT1G12260.1	1953	1754	12	2.23558
AT2G24762.1	1067	868	54	20.3288
AT2G25880.4	2225	2026	0	0
AT2G25880.3	2379	2180	1.88256	0.282182
AT2G25880.1	1221	1022	54.1174	17.3031
AT2G25880.2	1076	877	0	0
AT3G48250.1	2518	2319	42	5.91816
AT4G33585.1	811	612	0	0
AT1G48230.2	1889	1690	17.8449	3.45038
AT1G48230.1	1868	1669	181.155	35.4677
AT4G02210.1	1807	1608	28.471	5.78568
AT4G02210.2	1953	1754	0	0
AT1G67148.1	498	299	1	1.09287
AT1G14930.1	739	540	0	0
AT5G62920.1	1459	1260	52	13.4856
AT2G15220.1	1121	922	30	10.6323
AT1G59980.3	1834	1635	0	0
AT1G59980.2	5067	4868	5.72249	0.384126
AT1G59980.1	1785	1586	26.2775	5.41401
AT5G13690.2	1923	1724	0	0
AT5G13690.1	2687	2488	104.227	13.6888
AT5G66850.1	2815	2616	127.751	15.9576
AT5G66850.2	2844	2645	29.2486	3.61341
AT2G35810.2	911	712	67.6056	31.0271
AT2G35810.1	1019	820	0	0
AT1G49980.3	3082	2883	0	0
AT1G49980.4	3078	2879	0	0
AT1G49980.5	2982	2783	0	0
AT1G49980.9	2840	2641	20.028	2.47804
AT1G49980.2	3178	2979	0	0
AT1G49980.6	2996	2797	14.9589	1.74761
AT1G49980.1	2951	2752	0.0574704	0.00682392
AT1G49980.7	2835	2636	0	0
AT1G49980.8	2809	2610	11.9556	1.49682
AT4G00630.2	4006	3807	125.131	10.7404
AT4G00630.1	4242	4043	171.314	13.8461
AT2G28190.1	1053	854	2653	1015.12
AT2G44330.1	600	401	0	0
AT3G02210.1	1913	1714	39	7.43519
AT2G38240.1	1575	1376	0	0
AT5G66550.1	884	685	19.1348	9.12793
AT5G66550.4	667	468	27.8652	19.456
AT5G66550.3	1035	836	0	0
AT5G66550.2	1098	899	0	0
AT4G13270.1	1038	839	88	34.2735
AT3G17180.1	1698	1499	0	0
AT3G17180.2	1351	1152	2	0.567304
AT1G53420.1	2862	2663	0	0
AT1G12710.1	1409	1210	0.16976	0.0458447
AT1G12710.2	1465	1266	21.8302	5.6346
AT1G61280.1	698	499	3	1.96453
AT1G61280.2	977	778	0	0
AT1G58725.1	1287	1088	0	0
AT4G25010.1	1281	1082	3	0.906009
AT1G32560.1	859	660	0	0
AT3G05770.1	1548	1349	0	0
AT3G05770.2	1251	1052	1	0.310615
AT5G54350.1	1213	1014	0	0
AT1G48070.1	604	405	0	0
AT1G48070.2	515	316	1	1.03407
AT1G53325.1	507	308	0	0
AT1G47560.1	3111	2912	13.3518	1.49826
AT3G50430.1	2350	2151	20.4961	3.11364
AT3G50430.2	1480	1281	4.50395	1.1489
AT5G24610.1	801	602	99	53.7375
AT1G11080.1	2322	2123	26.2099	4.03416
AT1G11080.2	1674	1475	60.7901	13.4673
AT1G58525.1	1029	830	0	0
AT4G19080.1	1173	974	1	0.33549
AT3G47940.1	1741	1542	28	5.93351
AT5G57630.2	1909	1710	6.54494e-05	1.25068e-05
AT5G57630.1	1943	1744	6.84623	1.28275
AT5G57630.3	1369	1170	18.5817	5.18965
AT3G03960.1	2225	2026	648	104.514
AT5G35475.1	486	287	0	0
AT1G53370.1	1068	869	0	0
AT1G53370.2	1131	932	0	0
AT1G34440.1	1316	1117	0	0
AT2G29200.1	3812	3613	44.018	3.98108
AT2G29200.2	3540	3341	134.856	13.1896
AT1G43245.2	1919	1720	25	4.74952
AT1G43245.1	2321	2122	0	0
AT2G20110.1	2646	2447	3.6908	0.492861
AT2G20110.3	1983	1784	12.3092	2.25462
AT2G20110.2	2464	2265	0	0
AT3G28810.2	1415	1216	0	0
AT3G28810.1	1639	1440	0	0
AT3G10290.1	1279	1080	13	3.93331
AT1G11755.1	1402	1203	30	8.14881
AT3G19610.1	2358	2159	0	0
AT5G45370.1	1332	1133	1.91078	0.551085
AT5G45370.3	1224	1025	3.38176	1.0781
AT5G45370.6	1108	909	9.75522	3.5068
AT5G45370.2	2634	2435	6.95224	0.932963
AT5G45370.4	1830	1631	0	0
AT5G45370.5	1507	1308	0	0
AT1G70730.2	1818	1619	1.54968e-05	3.12775e-06
AT1G70730.1	1966	1767	453.04	83.7797
AT1G70730.3	2363	2164	59.9597	9.054
AT1G14642.1	132	5.68809	0	0
AT3G53210.2	1395	1196	0	0
AT3G53210.1	1354	1155	10.6944	3.02562
AT3G53210.3	814	615	4.30556	2.28767
AT5G52290.1	4914	4715	5	0.346519
AT1G23860.3	1363	1164	2.19243e-07	6.15476e-08
AT1G23860.1	1643	1444	45.6	10.319
AT1G23860.4	1541	1342	1.42983e-05	3.48152e-06
AT1G23860.2	1358	1159	32.4	9.13482
AT5G14490.3	1182	983	0	0
AT5G14490.4	1162	963	0	0
AT5G14490.1	1080	881	0	0
AT5G14490.2	1563	1364	0	0
AT3G43083.1	413	214	0	0
AT4G35260.1	1594	1395	364	85.264
AT2G27390.1	405	206	0	0
AT5G27260.1	912	713	1	0.458299
AT1G74320.1	1664	1465	74	16.5056
AT3G59680.1	1235	1036	11.0615	3.48894
AT3G59680.2	1170	971	7.93847	2.6715
AT2G23660.2	1303	1104	0	0
AT2G23660.3	1279	1080	0	0
AT2G23660.1	1274	1075	0	0
AT5G52040.3	1655	1456	13.0385	2.92621
AT5G52040.5	2481	2282	43.5691	6.2388
AT5G52040.6	2282	2083	0.987977	0.154987
AT5G52040.4	1752	1553	1.59165	0.3349
AT5G52040.2	1426	1227	220.362	58.6855
AT5G52040.7	2106	1907	40.0889	6.86929
AT5G52040.1	1581	1382	24.3616	5.76019
AT5G09880.1	1953	1754	206	38.3774
AT2G44420.1	1405	1206	28.7143	7.78017
AT2G44420.2	1498	1299	0	0
AT2G44420.3	1237	1038	18.2857	5.75643
AT5G14280.1	1400	1201	4	1.08832
AT4G20390.1	1054	855	77	29.4282
AT1G34130.1	2613	2414	179	24.23
AT1G55810.3	1991	1792	29.6198	5.40111
AT1G55810.1	1870	1671	49.3802	9.65638
AT1G55810.5	2365	2166	0	0
AT1G55810.2	2415	2216	0	0
AT1G55810.4	2002	1803	1.70502e-08	3.09009e-09
AT1G55810.6	2299	2100	0	0
AT1G55810.7	2149	1950	0	0
AT1G44030.1	2407	2208	0	0
AT1G44030.2	2516	2317	0	0
AT1G43415.1	354	155	0	0
AT1G20690.1	1940	1741	13	2.43996
AT5G22680.1	1016	817	0	0
AT1G05740.1	519	320	0	0
AT5G08139.2	1559	1360	0	0
AT5G08139.1	1755	1556	34	7.14016
AT2G18250.1	931	732	42	18.7489
AT3G43505.1	423	224	0	0
AT1G76060.1	751	552	23	13.6153
AT4G22930.1	1891	1692	0	0
AT4G22930.2	1783	1584	188	38.783
AT5G51780.2	1105	906	9.19797	3.31743
AT5G51780.1	908	709	1.80203	0.830528
AT4G03960.1	1063	864	26	9.83327
AT3G01324.1	363	164	0	0
AT1G69485.1	864	665	1	0.491379
AT5G09420.1	2226	2027	36	5.80346
AT3G48980.2	2144	1945	11.8237	1.98643
AT3G48980.1	1815	1616	35.1763	7.11291
AT1G09250.1	1287	1088	49	14.7165
AT1G65370.1	1392	1193	65	17.8037
AT5G60080.1	1134	935	0	0
AT5G56130.1	1255	1056	50	15.4719
AT3G11400.2	1317	1118	0.738207	0.215762
AT3G11400.1	1390	1191	468.262	128.474
AT5G03510.1	1200	1001	15	4.89661
AT5G03980.1	972	773	0	0
AT3G53460.1	1783	1584	125.756	25.9425
AT3G53460.3	1569	1370	682.081	162.687
AT3G53460.2	1181	982	539.53	179.532
AT3G53460.4	1599	1400	1154.63	269.497
AT5G62790.2	1727	1528	0	0
AT5G62790.1	1844	1645	433	86.0123
AT5G25050.1	2260	2061	24.1559	3.82986
AT1G09970.2	3251	3052	456.4	48.8652
AT1G09970.1	3595	3396	459.105	44.1757
AT2G28580.5	1825	1626	0	0
AT2G28580.3	1907	1708	0	0
AT2G28580.1	1894	1695	0	0
AT2G28580.6	1707	1508	4	0.866756
AT2G28580.2	1936	1737	0	0
AT2G28580.4	1867	1668	0	0
AT5G61060.1	2491	2292	174.863	24.93
AT5G61060.2	2423	2224	0	0
AT2G34250.2	1961	1762	9.3376e-07	1.73168e-07
AT2G34250.3	2068	1869	0	0
AT2G34250.1	1965	1766	1270.85	235.149
AT2G28920.1	560	361	0	0
AT1G07615.1	1675	1476	38	8.4127
AT5G57540.1	1110	911	8	2.86952
AT1G55710.1	219	25.9389	0	0
AT4G31200.3	2942	2743	83.1414	9.90444
AT4G31200.1	2728	2529	0.00210673	0.000272206
AT4G31200.2	2711	2512	4.8565	0.631745
AT5G22020.3	1541	1342	168	40.9068
AT5G22020.1	1571	1372	0	0
AT5G22020.2	1610	1411	0	0
AT3G15240.2	1561	1362	44	10.5564
AT2G45290.1	3328	3129	77.6515	8.10929
AT2G45290.2	2776	2577	212.348	26.9261
AT4G38280.1	990	791	49.4318	20.4206
AT5G09470.1	1305	1106	14	4.13629
AT5G07120.3	1905	1706	0	0
AT5G07120.1	2091	1892	51.541	8.90165
AT5G07120.2	1840	1641	38.459	7.65821
AT1G75260.1	1845	1646	10	1.98522
AT5G35525.1	730	531	10	6.15381
AT5G20200.1	2660	2461	155	20.5806
AT1G61900.2	1919	1720	0	0
AT1G61900.3	1913	1714	2.14946	0.409786
AT1G61900.1	2037	1838	175.851	31.2634
AT2G44400.1	935	736	0	0
AT1G51405.1	1956	1757	6.15412	1.14454
AT1G51405.2	1385	1186	3.84588	1.05962
AT3G28050.1	1695	1496	121	26.4297
AT2G22475.1	1555	1356	81	19.5193
AT2G22475.2	1636	1437	0	0
AT3G10540.1	2180	1981	82	13.5259
AT1G19470.1	1239	1040	0	0
AT5G37200.1	654	455	0	0
AT4G24420.2	868	669	0	0
AT4G24420.3	632	433	0	0
AT4G24420.1	572	373	0	0
AT1G30280.3	1683	1484	21.999	4.84404
AT1G30280.2	1699	1500	0	0
AT1G30280.1	1696	1497	0.00098604	0.000215234
AT3G28150.1	1580	1381	6	1.4197
AT5G47790.1	2130	1931	64	10.8302
AT5G09980.1	580	381	6	5.14594
AT5G33320.1	1776	1577	837	173.433
AT5G46871.1	663	464	3	2.11272
AT4G14400.2	2271	2072	9.92354e-05	1.565e-05
AT4G14400.1	3228	3029	6.78387	0.731841
AT4G14400.3	2335	2136	70.216	10.7417
AT3G59280.1	1281	1082	83.2308	25.1359
AT3G59280.2	930	731	23.7692	10.6252
AT1G13750.1	2116	1917	31	5.28418
AT3G09860.1	694	495	172	113.543
AT4G00970.2	2208	2009	56.2226	9.1447
AT4G00970.1	2299	2100	38.7774	6.03389
AT1G23600.1	1160	961	0	0
AT1G23600.2	996	797	0	0
AT3G14560.1	1153	954	27	9.24813
AT4G08470.1	2083	1884	46.2589	8.0233
AT4G08470.3	1635	1436	4.36597	0.993493
AT4G08470.2	2282	2083	0	0
AT1G35365.1	540	341	0	0
AT1G19780.2	1701	1502	0	0
AT1G19780.1	2533	2334	6	0.840018
AT2G44980.3	2806	2607	0.216603	0.0271494
AT2G44980.1	2556	2357	0	0
AT2G44980.2	2795	2596	27.7834	3.49719
AT3G12620.2	2080	1881	0	0
AT3G12620.1	1992	1793	163	29.7061
AT2G20362.1	1149	950	3.90947	1.34472
AT2G20362.3	906	707	4.09053	1.8906
AT2G20362.2	953	754	0	0
AT5G22090.1	2050	1851	741	130.813
AT5G22090.2	2079	1880	0	0
AT3G05850.1	2572	2373	81	11.1539
AT2G01060.2	1452	1253	0	0
AT2G01060.1	1434	1235	133	35.1903
AT1G26600.1	899	700	4	1.86724
AT1G26600.2	1088	889	0	0
AT4G09647.1	420	221	0	0
AT3G50020.1	399	200	0	0
AT5G60040.1	4622	4423	56	4.13723
AT5G60040.2	4428	4229	0	0
AT5G18020.1	603	404	14.9285	12.0746
AT5G05200.1	1947	1748	333	62.2503
AT1G36060.1	1841	1642	94	18.7065
AT1G76910.1	420	221	0	0
AT5G58970.2	1798	1599	6.76553	1.38258
AT5G58970.1	1373	1174	49.2345	13.7038
AT1G61240.7	1791	1592	0	0
AT1G61240.4	1977	1778	1.5221	0.279737
AT1G61240.5	1722	1523	12.5801	2.69913
AT1G61240.6	2009	1810	0	0
AT1G61240.2	1788	1589	0	0
AT1G61240.1	1896	1697	0	0
AT1G61240.3	1867	1668	11.6694	2.28607
AT1G61240.8	1302	1103	8.2284	2.43769
AT5G17200.1	1266	1067	0	0
AT4G36460.1	438	239	0	0
AT2G19470.1	1918	1719	93	17.6785
AT5G10625.1	1031	832	40	15.71
AT2G15490.1	1672	1473	131.252	29.1167
AT2G15490.3	1637	1438	0	0
AT2G15490.2	1004	805	0	0
AT4G10700.1	744	545	0	0
AT1G52320.1	2353	2154	0.0241228	0.00365949
AT1G52320.3	1851	1652	0	0
AT1G52320.4	1521	1322	13.0227	3.21891
AT1G52320.2	2588	2389	49.1468	6.72229
AT1G52320.5	2939	2740	7.80636	0.930972
AT3G45050.2	817	618	0	0
AT3G45050.3	960	761	0.93788	0.402718
AT3G45050.1	870	671	35.8295	17.4484
AT3G45050.4	789	590	48.2327	26.7133
AT3G44766.1	241	42.9444	0	0
AT3G17980.1	1511	1312	0	0
AT2G29860.1	723	524	0	0
AT4G32260.1	1117	918	2761	982.793
AT1G14400.1	1642	1443	181.678	41.141
AT1G14400.2	834	635	269.052	138.452
AT3G25870.1	1372	1173	23	6.4072
AT5G66220.1	696	497	0	0
AT3G12800.1	1142	943	366	126.826
AT4G20325.2	875	676	3.72928	1.80267
AT4G20325.1	1238	1039	36.2707	11.4072
AT3G62680.1	1221	1022	114	36.4496
AT4G34240.2	1453	1254	45.6528	11.8962
AT4G34240.4	2021	1822	103.549	18.571
AT4G34240.3	2166	1967	155.798	25.8819
AT4G34240.1	2235	2036	0	0
AT1G12830.1	999	800	0	0
AT1G36070.4	1978	1779	27.5865	5.0671
AT1G36070.3	1546	1347	0.00186736	0.000453001
AT1G36070.1	2095	1896	10.447	1.80049
AT1G36070.2	2159	1960	0	0
AT1G36070.5	1957	1758	7.96462	1.48042
AT5G67385.1	2713	2514	81.6755	10.6161
AT5G67385.4	2690	2491	38.5181	5.05277
AT5G67385.5	2587	2388	310.918	42.5451
AT5G67385.2	2352	2153	225.365	34.2043
AT5G67385.3	2816	2617	11.5233	1.43883
AT3G07090.2	1051	852	42.5182	16.307
AT3G07090.1	1054	855	256.482	98.0232
AT1G28070.1	993	794	10	4.11545
AT3G54840.2	1031	832	0.91009	0.357437
AT3G54840.3	1036	837	0	0
AT3G54840.1	1118	919	115.185	40.956
AT3G54020.1	1634	1435	23	5.23738
AT1G16670.1	1929	1730	38	7.17754
AT1G16800.2	7925	7726	78.6878	3.32806
AT1G16800.1	6610	6411	3.70635	0.188912
AT1G16800.3	6626	6427	0	0
AT2G05320.1	1925	1726	51	9.65534
AT4G08150.1	2016	1817	84	15.1065
AT5G46850.3	1061	862	18.2113	6.90353
AT5G46850.2	1112	913	0	0
AT5G46850.1	919	720	3.78873	1.71949
AT1G10390.3	3666	3467	218.771	20.6193
AT1G10390.1	3875	3676	147.221	13.0867
AT1G10390.2	3776	3577	52.0086	4.7511
AT5G03750.1	510	311	0	0
AT2G47940.2	2294	2095	236.233	36.8465
AT2G47940.1	2347	2148	798.532	121.478
AT3G51642.1	541	342	5	4.7773
AT2G46050.1	1773	1574	2	0.415206
AT1G62200.2	3098	2899	8.24053	0.92885
AT1G62200.3	2150	1951	36.3339	6.08545
AT1G62200.1	1909	1710	32.4256	6.19626
AT1G49950.3	1530	1331	0	0
AT1G49950.1	1527	1328	30.205	7.43222
AT1G49950.2	1498	1299	86.795	21.8335
AT1G73177.3	349	150	1.3142	2.86293
AT1G73177.2	641	442	4.46881	3.30375
AT1G73177.1	460	261	11.217	14.0435
AT4G28420.1	1226	1027	3	0.954529
AT4G28420.2	1559	1360	0	0
AT1G55190.1	803	604	36	19.4762
AT4G20470.1	423	224	0	0
AT2G42320.2	2507	2308	0	0
AT2G42320.1	2290	2091	76.1591	11.9016
AT2G42320.4	1687	1488	0	0
AT2G42320.3	1700	1501	19.8409	4.31936
AT4G10300.1	811	612	236	126.008
AT4G03090.1	3233	3034	0	0
AT4G03090.5	2937	2738	34.7147	4.14303
AT4G03090.2	3318	3119	0	0
AT4G03090.3	3409	3210	45.1961	4.60081
AT4G03090.4	3275	3076	16.0892	1.70917
AT3G26570.2	2461	2262	1715.3	247.791
AT3G26570.1	2384	2185	590.699	88.3392
AT5G04640.1	1164	965	0	0
AT3G58270.3	1506	1307	0	0
AT3G58270.2	1375	1176	10.9999	3.05647
AT3G58270.1	1387	1188	9.54378e-05	2.62508e-05
AT5G36820.1	1233	1034	0	0
AT1G68820.2	2329	2130	0	0
AT1G68820.4	1880	1681	1.94488	0.378061
AT1G68820.3	2311	2112	0	0
AT1G68820.1	2016	1817	40.0551	7.20347
AT3G62950.1	864	665	2	0.982758
AT1G79100.1	304	105	0	0
AT2G17700.1	2232	2033	80	12.8585
AT1G79985.3	1103	904	23.2327	8.39786
AT1G79985.2	1106	907	43.2825	15.5935
AT1G79985.1	1274	1075	20.4849	6.22678
AT2G18600.1	906	707	12	5.54626
AT2G18600.2	866	667	0	0
AT1G25275.3	511	312	49.653	52.0031
AT1G25275.2	456	257	67.0044	85.1939
AT1G25275.1	783	584	43.3426	24.2516
AT5G23870.2	2125	1926	0	0
AT5G23870.3	2036	1837	6.93663	1.23389
AT5G23870.1	2266	2067	25.0634	3.96221
AT5G23870.4	2413	2214	0	0
AT4G37020.1	1116	917	30	10.6903
AT4G37020.2	1135	936	0	0
AT2G07715.1	2170	1971	16.8652	2.79603
AT1G53930.1	609	410	0	0
AT5G59845.1	701	502	3	1.95279
ATMG01200.1	885	686	0	0
AT5G48490.1	579	380	133	114.368
AT3G54580.1	3347	3148	992.06	102.977
AT1G15680.1	1233	1034	0	0
AT1G64030.1	1242	1043	0	0
AT5G63000.1	934	735	44	19.5616
AT1G60700.1	1955	1756	15	2.79129
AT1G60700.2	2052	1853	0	0
AT2G36720.1	3654	3455	139.946	13.2358
AT2G36720.2	3537	3338	1.05368	0.103148
AT3G62170.1	2260	2061	0	0
AT2G04062.1	477	278	0	0
AT5G04440.1	1384	1185	191.25	52.7376
AT5G04440.2	1705	1506	3.75047	0.813766
AT4G32700.2	7232	7033	81	3.76342
AT4G08500.1	2591	2392	124.552	17.0148
AT3G07190.1	1302	1103	24	7.11007
AT5G67020.1	1514	1315	7	1.73944
AT2G39310.2	1520	1321	9.01907	2.23099
AT2G39310.4	2018	1819	18.8652	3.38896
AT2G39310.3	1601	1402	0.000259084	6.03853e-05
AT2G39310.1	1679	1480	180.106	39.7654
AT2G03567.1	429	230	0	0
AT1G49050.2	2031	1832	38.3948	6.84833
AT1G49050.1	2101	1902	17.8211	3.06169
AT1G49050.3	1579	1380	6.78417	1.60641
AT5G13181.1	347	148	0	0
AT5G13181.2	228	32.1317	0	0
AT3G08950.1	1464	1265	42	10.8492
AT5G26570.2	3783	3584	4.28541	0.390718
AT5G26570.1	3898	3699	217.715	19.2328
AT4G04200.1	720	521	29	18.1886
AT3G15880.1	3874	3675	469.459	41.7425
AT3G15880.2	3975	3776	0	0
AT3G15880.4	3832	3633	43.5413	3.91629
AT3G15880.3	3750	3551	8.81257e-08	8.10943e-09
AT1G69320.1	763	564	3	1.73812
AT5G47880.2	1817	1618	20.128	4.065
AT5G47880.1	1847	1648	238.872	47.3638
AT1G60090.1	1632	1433	1.01268	0.230921
AT1G60090.2	1748	1549	0	0
AT3G15120.1	6221	6022	51.5662	2.7981
AT3G15120.2	6772	6573	95.4338	4.74435
AT5G55640.1	841	642	32	16.2875
AT5G40270.1	1931	1732	30	5.65994
AT5G40270.2	1973	1774	0	0
AT4G34560.1	1209	1010	26	8.41183
AT1G16160.1	2575	2376	16	2.20045
AT5G18705.1	919	720	6.84158	3.10501
AT5G07860.1	1657	1458	44	9.86128
AT1G52343.1	998	799	0	0
AT3G28620.1	891	692	0	0
AT1G08400.1	2787	2588	41	5.17676
AT2G38450.2	980	781	0	0
AT2G38450.1	822	623	44	23.0783
AT2G07827.2	540	341	0	0
AT2G07827.1	534	335	0	0
AT1G10450.3	3522	3323	0	0
AT1G10450.2	4126	3927	0	0
AT1G10450.1	4040	3841	117	9.95359
AT3G42170.2	2386	2187	1.36168	0.203453
AT3G42170.1	2461	2262	309.312	44.683
AT2G36100.1	904	705	62	28.737
AT5G19320.1	2141	1942	16.887	2.84145
AT5G19320.2	2026	1827	94.113	16.8325
AT3G03640.1	1765	1566	100	20.8664
AT5G12470.1	1649	1450	707	159.327
AT2G44100.2	1685	1486	263.536	57.9508
AT2G44100.1	1817	1618	379.985	76.7408
AT1G77350.1	877	678	77	37.1107
AT1G77350.2	850	651	0	0
AT3G14520.1	2124	1925	0	0
AT3G03570.1	2325	2126	89	13.6793
AT1G55500.2	2514	2315	0	0
AT1G55500.4	2599	2400	0	0
AT1G55500.1	2484	2285	0	0
AT1G55500.5	2498	2299	73.1771	10.401
AT1G55500.3	2459	2260	94.8229	13.7102
AT1G55500.6	2557	2358	0	0
AT1G27435.1	765	566	110	63.506
AT5G67070.1	1358	1159	276	77.8151
AT5G60780.1	1922	1723	45	8.53425
AT1G57670.1	1164	965	0	0
AT1G04470.1	3611	3412	1	0.09577
AT2G13905.1	369	170	0.78947	1.51749
AT2G44870.1	1306	1107	238	70.2535
AT3G04854.1	716	517	4	2.52818
AT2G04515.1	872	673	1	0.485538
AT3G10030.1	2084	1885	65.174	11.298
AT3G10030.2	2272	2073	6.82603	1.07599
AT5G08335.2	840	641	12	6.11733
AT5G08335.1	1293	1094	0	0
AT2G25190.1	1358	1159	41	11.5595
AT3G01329.1	330	131	1	2.49441
AT2G38150.1	1293	1094	0	0
AT5G14200.2	1379	1180	424.644	117.593
AT5G14200.3	1463	1264	0	0
AT5G14200.1	1618	1419	302.799	69.7285
AT2G42955.1	642	443	1	0.737623
AT2G34600.1	823	624	1	0.523665
AT2G33310.2	1244	1045	90.1728	28.1966
AT2G33310.3	1820	1621	0	0
AT2G33310.1	1435	1236	38.8272	10.2649
AT1G27430.2	5078	4879	45.558	3.05121
AT1G27430.3	4831	4632	2.22869	0.157224
AT1G27430.1	5051	4852	179.174	12.0668
AT4G29240.2	1559	1360	1.94916	0.468323
AT4G29240.1	1795	1596	27.0508	5.53843
AT3G56250.3	837	638	0	0
AT3G56250.4	784	585	3	1.67573
AT3G56250.1	669	470	0	0
AT3G56250.2	876	677	0	0
AT4G28200.1	2342	2143	202	30.8012
AT2G33385.3	1581	1382	0	0
AT2G33385.4	1488	1289	0.00157304	0.000398773
AT2G33385.1	1199	1000	0	0
AT2G33385.2	1480	1281	1.99843	0.509774
AT5G27580.1	798	599	0	0
AT4G02680.1	3630	3431	327	31.1434
AT4G19950.1	1366	1167	8.05326	2.25496
AT2G47000.3	4573	4374	2.97273e-05	2.22083e-06
AT2G47000.6	4464	4265	68.5993	5.2558
AT2G47000.4	4571	4372	0	0
AT2G47000.2	4583	4384	0	0
AT2G47000.7	4329	4130	90.5996	7.16827
AT2G47000.5	4283	4084	270.581	21.6496
AT2G47000.1	4488	4289	64.0396	4.879
AT4G26540.1	3781	3582	171	15.5994
AT1G69070.2	2808	2609	119.133	14.9209
AT1G69070.1	2968	2769	61.8673	7.3009
AT3G17090.1	2126	1927	46.5272	7.88975
AT3G17090.2	1629	1430	223.473	51.0654
AT5G42050.1	1784	1585	461	95.0408
AT1G12050.1	1686	1487	159	34.9401
AT5G39360.1	1321	1122	55	16.018
AT3G47120.2	1429	1230	3.32255e-05	8.82683e-06
AT3G47120.1	1501	1302	46	11.5448
AT5G10750.1	1492	1293	68	17.185
AT4G40090.1	870	671	83	40.4198
AT5G26610.1	1200	1001	16.9661	5.53843
AT5G26610.3	1141	942	32.0845	11.1297
AT5G26610.2	1378	1179	9.94937	2.75753
AT5G06490.1	1212	1013	2	0.645147
AT5G34930.2	2310	2111	16.754	2.59339
AT5G34930.1	1985	1786	0	0
AT5G34930.3	2184	1985	47.246	7.77756
AT4G36040.1	1457	1258	236	61.3013
AT4G26450.2	3063	2864	137.315	15.6669
AT4G26450.1	2771	2572	82.6849	10.5049
AT5G43020.1	2566	2367	108	14.9095
AT2G31050.1	603	404	0	0
AT1G47485.1	640	441	0	0
AT3G11773.1	1058	859	0	0
AT3G11773.2	774	575	1	0.568291
AT3G56100.2	2396	2197	21.8934	3.25628
AT3G56100.1	2865	2666	34.1066	4.18039
AT2G46650.1	1070	871	111	41.6431
AT1G18900.4	3119	2920	160.019	17.9072
AT1G18900.2	3197	2998	31.9809	3.48576
AT1G18900.3	3156	2957	0	0
AT1G18900.1	3498	3299	0	0
AT4G17650.1	1378	1179	96	26.607
AT3G26200.1	1808	1609	5	1.01544
AT2G24617.1	315	116	0	0
AT5G54180.1	1800	1601	45	9.18458
AT2G07750.1	2685	2486	0	0
AT3G14940.1	3544	3345	284.009	27.7444
AT3G14940.2	3438	3239	454.991	45.9018
AT2G16650.1	2262	2063	17.7082	2.80487
AT2G16650.2	2029	1830	29.0385	5.18516
AT4G11250.1	990	791	1	0.413106
AT1G47497.2	1025	826	0	0
AT1G47497.1	1125	926	0	0
AT1G18490.1	1684	1485	39	8.58176
AT4G15955.1	963	764	0	0
AT4G15955.3	1130	931	0	0
AT4G15955.2	1158	959	27	9.19991
AT2G30760.1	279	80.003	6.18299	25.254
AT1G33530.1	1326	1127	0	0
AT4G36730.2	1500	1301	0	0
AT4G36730.1	1506	1307	148.37	37.0944
ATMG00880.1	564	365	0	0
AT5G12400.1	5771	5572	224	13.1364
AT5G44710.1	795	596	59	32.3478
AT4G11180.1	715	516	0	0
AT2G03820.1	2041	1842	450	79.8291
AT5G51980.1	1783	1584	71.634	14.7775
AT5G51980.2	1726	1527	48.366	10.35
AT2G18620.1	1364	1165	1	0.280487
AT1G66720.1	1115	916	0	0
AT3G45970.2	946	747	0	0
AT3G45970.1	989	790	36	14.8907
AT3G10780.1	711	512	0	0
AT3G46060.2	1142	943	0	0
AT3G46060.3	1061	862	151.451	57.4121
AT3G46060.1	1194	995	179.549	58.9655
AT4G11402.1	400	201	0	0
AT1G56550.2	1792	1593	16.4227	3.36873
AT1G56550.1	1695	1496	21.8837	4.78
AT1G37000.1	660	461	0	0
AT2G09970.1	700	501	0	0
AT2G19240.1	2523	2324	4	0.562422
AT2G19240.2	2717	2518	0	0
AT3G23600.1	1295	1096	115.959	34.5726
AT3G23600.2	1002	803	360.041	146.513
AT3G14900.1	2052	1853	50	8.81725
AT5G07165.1	577	378	0	0
AT5G53592.1	940	741	0	0
AT5G22520.1	684	485	0	0
AT1G16515.2	653	454	8.80333	6.33621
AT1G16515.1	292	93.0002	0.196672	0.691029
AT5G36920.1	591	392	9	7.50231
AT5G40210.1	1344	1145	8	2.28309
AT5G50960.1	1498	1299	177	44.5249
AT2G01720.1	1763	1564	312	65.1863
AT3G11590.2	2008	1809	11.0049	1.98787
AT3G11590.1	2297	2098	179.995	28.0345
AT5G05830.1	1116	917	36	12.8284
AT2G14170.3	2283	2084	0	0
AT2G14170.2	1900	1701	162.119	31.1435
AT2G14170.1	2279	2080	54.8813	8.62182
AT5G38670.1	876	677	0	0
AT3G07510.2	865	666	11.5792	5.68126
AT3G07510.3	700	501	10.9094	7.1154
AT3G07510.1	917	718	29.5114	13.4309
AT5G44370.1	2244	2045	66	10.546
AT5G05285.1	99	4.23477	0	0
AT2G01970.1	2258	2059	437.421	69.4195
AT1G15120.1	1161	962	87.6643	29.7773
AT1G15120.2	744	545	219.336	131.508
AT2G04340.1	1060	861	52	19.7351
AT1G34220.1	2292	2093	24.6891	3.85455
AT1G34220.2	2288	2089	129.311	20.2272
AT4G37260.1	1310	1111	70	20.5884
AT4G36195.2	1665	1466	63.8165	14.2245
AT4G36195.3	1803	1604	78.1897	15.9288
AT4G36195.1	1883	1684	26.6645	5.17404
AT5G43140.1	1168	969	32.2564	10.8775
AT5G43140.2	1242	1043	10.7436	3.36592
AT1G64253.1	1385	1186	0	0
AT1G64253.2	1200	1001	0	0
AT1G64253.3	775	576	1	0.567304
AT1G03230.1	1870	1671	155.367	30.3823
AT5G16750.1	3025	2826	153	17.6912
AT2G17560.2	923	724	70.8004	31.9548
AT2G17560.3	791	592	65.6458	36.2346
AT2G17560.1	953	754	128.554	55.7124
AT1G07210.1	1204	1005	133	43.2438
AT2G46250.1	1792	1593	37.7933	7.75242
AT2G46250.2	1962	1763	5.20671	0.96505
AT1G13210.1	4194	3995	72	5.88917
AT5G04110.2	2297	2098	0	0
AT5G04110.1	2254	2055	50.8397	8.08406
AT5G04110.4	2418	2219	0	0
AT5G04110.3	2541	2342	8.16028	1.13856
AT5G03970.2	1515	1316	30	7.4491
AT5G03970.1	1598	1399	0	0
AT1G15125.1	1421	1222	11	2.94144
AT1G15125.2	1370	1171	0	0
AT2G33850.1	1218	1019	89	28.54
AT1G15490.4	2669	2470	19.3623	2.56152
AT1G15490.1	2664	2465	13.6477	1.80917
AT1G15490.2	2861	2662	24.99	3.06759
AT1G15490.3	2735	2536	0	0
AT5G62860.1	657	458	0	0
AT3G51460.1	2463	2264	200	28.8664
AT3G27390.2	2516	2317	8.48718	1.19695
AT3G27390.1	2243	2044	140.513	22.4633
AT2G02370.2	1379	1180	18.4328	5.10444
AT2G02370.1	1714	1515	9.65244	2.08191
AT2G02370.3	2101	1902	4.91473	0.844359
AT3G05890.1	872	673	112	54.3803
AT1G11112.1	765	566	5	2.88664
AT3G20040.1	2177	1978	18	2.97361
AT5G14750.4	700	501	1.68613	1.09975
AT5G14750.2	1208	1009	10.8787	3.5231
AT5G14750.3	837	638	2.43516	1.24723
AT5G14750.1	981	782	0	0
AT4G07932.1	588	389	0	0
AT2G04160.1	2634	2435	238	31.9386
AT5G05720.1	1356	1157	0	0
AT2G41300.1	1278	1079	17	5.14832
AT1G65480.1	856	657	1	0.497362
AT1G65480.2	975	776	0	0
AT3G26310.1	1660	1461	36.873	8.24702
AT5G58760.2	2309	2110	8.19434	1.26902
AT5G58760.1	2066	1867	128.806	22.5439
AT1G75820.1	3549	3350	366	35.7005
AT4G15165.1	908	709	9	4.14796
AT3G14570.1	6416	6217	25.2276	1.32597
AT3G14570.2	6038	5839	52.2004	2.92129
AT3G14570.3	6262	6063	39.572	2.13274
AT4G39580.1	1128	929	2	0.703481
AT5G54600.2	772	573	207.357	118.251
AT5G54600.1	1007	808	883.643	357.358
AT4G08430.1	2427	2228	0	0
AT1G31835.2	742	543	8.38762	5.04751
AT1G31835.1	1049	850	16.6124	6.38633
AT4G24710.3	1772	1573	0	0
AT4G24710.1	1404	1205	16.9371	4.59293
AT4G24710.4	1228	1029	0	0
AT4G24710.2	1891	1692	6.06293	1.1709
AT3G21120.1	1104	905	0	0
AT1G12090.1	1194	995	2376	780.3
AT1G26890.4	1570	1371	0	0
AT1G26890.2	1658	1459	0	0
AT1G26890.1	1428	1229	0	0
AT1G26890.3	1572	1373	0	0
AT1G26890.5	1484	1285	0	0
AT2G36830.1	1237	1038	1612	507.465
AT3G07880.1	1412	1213	196	52.8
AT2G46060.2	2835	2636	0	0
AT2G46060.1	2792	2593	0.000204779	2.5806e-05
AT2G46060.3	2764	2565	52.9998	6.75189
AT3G62830.2	1679	1480	183.429	40.4989
AT3G62830.1	1819	1620	254.571	51.3491
AT1G17720.2	2645	2446	102.477	13.6902
AT1G17720.1	2621	2422	306.097	41.2975
AT5G52020.1	1108	909	15	5.3922
AT4G14650.1	2270	2071	18	2.84008
AT3G24290.1	1491	1292	1	0.252916
AT2G25570.2	1070	871	1.25647e-08	4.71383e-09
AT2G25570.3	1315	1116	0	0
AT2G25570.1	1242	1043	28	8.77227
AT4G13430.1	2056	1857	1095	192.682
AT3G06660.1	1843	1644	61.0278	12.1301
AT2G05070.1	1143	944	9339.74	3232.97
AT1G24170.1	1852	1653	223	44.0829
AT4G28860.1	2019	1820	113.424	20.3644
AT4G28860.2	1472	1273	16.1563	4.14716
AT1G75370.2	2007	1808	33.6998	6.0907
AT1G75370.1	2450	2251	81.3002	11.802
AT1G60590.1	2163	1964	215	35.7713
AT5G43710.3	1918	1719	13.942	2.65026
AT5G43710.1	2204	2005	17.8246	2.90498
AT5G43710.2	2244	2045	40.2334	6.42883
AT1G65290.1	812	613	470	250.539
AT2G32275.1	638	439	0	0
AT1G53970.2	1258	1059	0	0
AT1G53970.1	1169	970	0	0
AT1G02450.1	623	424	1	0.770677
AT4G17230.1	2453	2254	25.6136	3.71326
AT4G17230.2	2189	1990	54.3864	8.93049
AT1G53620.1	544	345	1	0.947151
AT1G04880.1	1767	1568	3	0.625192
AT3G61510.1	1747	1548	0	0
AT2G17265.1	1415	1216	196	52.6697
AT5G17110.1	627	428	0	0
AT1G54010.1	1543	1344	464.951	113.044
AT5G20870.1	1794	1595	4	0.819479
AT4G33410.1	1751	1552	105	22.1073
AT3G42800.1	1563	1364	7	1.67696
AT2G18360.2	1371	1172	0	0
AT2G18360.1	1299	1100	47	13.9619
AT4G20270.1	3417	3218	336	34.1186
AT4G23180.1	2328	2129	0	0
AT4G23180.3	1707	1508	0	0
AT4G23180.2	2270	2071	93.8886	14.814
AT4G21830.1	940	741	26	11.4655
AT4G21830.2	688	489	0	0
AT5G23920.1	999	800	198	80.8749
AT5G28160.1	975	776	0	0
AT2G19400.1	2190	1991	15	2.46183
AT1G03740.2	3294	3095	10.237	1.08081
AT1G03740.1	3085	2886	92.763	10.5031
AT3G48040.1	1123	924	25	8.8411
AT3G48040.2	1224	1025	0	0
AT1G20000.1	615	416	0	0
AT4G38580.1	991	792	0	0
AT4G38580.2	924	725	35	15.775
AT3G07940.1	1808	1609	70	14.2161
AT3G07940.2	1822	1623	0	0
AT2G07681.1	2314	2115	0	0
AT1G01100.4	607	408	451.691	361.759
AT1G01100.3	566	367	253.974	226.132
AT1G01100.1	587	388	44.7307	37.6715
AT1G01100.2	808	609	307.826	165.168
AT4G39917.1	249	50.3754	0	0
AT3G22337.1	519	320	0	0
AT1G80690.2	1360	1161	18.8424	5.30324
AT1G80690.1	1348	1149	23.1576	6.58586
AT4G05553.1	336	137	0	0
AT5G66810.1	2528	2329	40.4209	5.67119
AT5G66810.4	1826	1627	30.266	6.07864
AT5G66810.2	2652	2453	27.3131	3.63841
AT5G66810.3	2564	2365	9.09963e-07	1.25728e-07
AT4G34960.1	1395	1196	79	21.5841
AT4G34960.2	1572	1373	0	0
AT2G38250.1	1700	1501	9	1.9593
AT1G80570.2	1837	1638	0	0
AT1G80570.1	1699	1500	12.1361	2.64378
AT1G80570.3	2056	1857	3.86393	0.679917
AT5G03020.1	1192	993	0	0
AT1G31270.1	818	619	1	0.527895
AT5G40510.1	1440	1241	42.59	11.2144
AT5G40510.2	1640	1441	14.41	3.26767
AT5G48670.1	1196	997	1	0.32775
AT1G64330.1	2070	1871	122	21.3071
AT3G52150.2	1064	865	489.06	184.75
AT3G52150.1	1198	999	342.94	112.174
AT1G10110.1	1375	1176	4	1.11145
AT5G05480.1	2099	1900	40	6.87931
AT2G18721.1	108	4.54805	0	0
AT2G31690.1	1455	1256	0	0
AT1G62680.1	2448	2249	19	2.76059
AT1G62680.2	2700	2501	0	0
AT1G50790.1	2816	2617	13	1.62322
AT2G22241.1	156	7.59116	0	0
AT1G70190.2	1029	830	25.2311	9.93335
AT1G70190.1	1408	1209	55.7689	15.0732
AT1G04150.1	3408	3209	7	0.712798
AT5G17730.1	1413	1214	0	0
AT5G51370.1	1631	1432	0	0
AT5G51370.2	1562	1363	15	3.59612
AT3G58480.1	2171	1972	1	0.165703
AT5G24310.1	1580	1381	6.59774	1.56113
AT5G24310.3	1460	1261	0	0
AT5G24310.4	1449	1250	11.1693	2.91981
AT5G24310.2	1564	1365	5.23294	1.25271
AT1G10385.1	2421	2222	2	0.29412
AT5G03440.2	898	699	0	0
AT5G03440.3	1003	804	0	0
AT5G03440.1	815	616	20	10.6093
AT5G52730.1	772	573	0	0
AT2G25740.1	2193	1994	27.9311	4.57722
AT2G25740.2	2469	2270	13.0689	1.88127
AT1G24650.1	2661	2462	0	0
AT4G22790.1	1819	1620	15	3.02562
AT3G14750.1	1595	1396	21	4.91555
AT1G80740.1	2593	2394	1	0.136494
AT1G47760.1	806	607	1	0.538331
AT3G51320.1	2105	1906	36	6.17189
AT4G37790.1	1440	1241	64.7412	17.047
AT1G12250.3	1186	987	7.53953	2.49612
AT1G12250.1	1140	941	75.7469	26.3035
AT1G12250.2	1046	847	20.7136	7.99116
AT5G16160.1	587	388	0	0
AT3G45851.1	105	4.43819	0	0
AT2G44820.1	1062	863	45.2895	17.1484
AT2G44820.2	1366	1167	30.7105	8.59913
AT4G22250.1	1109	910	26	9.3362
AT5G14770.2	3515	3316	9.40786	0.927074
AT5G14770.5	3404	3205	0	0
AT5G14770.4	3407	3208	0	0
AT5G14770.1	3512	3313	26.5921	2.62283
AT5G14770.3	3512	3313	0	0
AT3G04740.1	5588	5389	196	11.8846
AT5G39600.1	966	767	78	33.2306
AT4G20190.1	1357	1158	2	0.564365
AT2G25010.1	1897	1698	54	10.3919
AT3G09260.1	1806	1607	6251.71	1271.22
AT5G26673.1	303	104	0	0
AT5G18700.1	4555	4356	146.158	10.9641
AT2G01667.1	102	4.33389	0	0
AT5G01710.1	2123	1924	261	44.3276
AT3G46470.1	600	401	0	0
AT4G24550.3	1571	1372	0.0032917	0.000783979
AT4G24550.2	1821	1622	155.786	31.3845
AT4G24550.1	1644	1445	69.2108	15.6511
AT3G50630.2	1130	931	0	0
AT3G50630.1	1061	862	39	14.7841
AT2G28210.2	2813	2614	0	0
AT2G28210.1	1303	1104	7	2.07189
AT2G07636.1	333	134	0	0
AT5G13100.1	1672	1473	288	63.8893
AT1G11300.1	2770	2571	12.2937	1.5625
AT1G11300.2	2648	2449	0	0
AT4G22214.1	1268	1069	13	3.97378
AT2G46320.1	1481	1282	36.5654	9.3201
AT2G46320.3	1710	1511	0	0
AT2G46320.2	1502	1303	24.3077	6.09591
AT2G46320.5	1264	1065	18.1269	5.56175
AT2G46320.4	1596	1397	0	0
AT1G13770.1	1636	1437	28.1416	6.39927
AT1G13770.4	1667	1468	19.7402	4.39403
AT1G13770.3	1737	1538	0	0
AT1G13770.2	1745	1546	9.11825	1.92726
AT5G50100.1	1032	833	141	55.3111
AT3G50560.1	1281	1082	62	18.7242
AT1G75340.2	1474	1275	0.0195499	0.00501041
AT1G75340.1	1699	1500	58.511	12.7463
AT1G75340.3	1212	1013	1.46949	0.474019
AT3G25910.1	1515	1316	181	44.9429
AT2G02960.5	1560	1361	0	0
AT2G02960.3	1593	1394	52.0747	12.2068
AT2G02960.2	1245	1046	35.0295	10.9431
AT2G02960.6	1440	1241	0	0
AT2G02960.4	1366	1167	0	0
AT2G02960.1	1341	1142	11.8958	3.40382
AT3G14380.1	1429	1230	1	0.265664
AT3G49430.5	2217	2018	0	0
AT3G49430.2	1417	1218	0	0
AT3G49430.4	2387	2188	15.2146	2.27223
AT3G49430.7	1630	1431	0.509984	0.116454
AT3G49430.1	1458	1259	212.453	55.1412
AT3G49430.3	1432	1233	19.563	5.18454
AT3G49430.6	1852	1653	14.2591	2.81876
AT1G68480.2	1019	820	0	0
AT1G68480.3	913	714	5	2.28829
AT1G68480.1	1254	1055	0	0
AT3G22160.1	1207	1008	26	8.42852
AT3G63220.3	1773	1574	0	0
AT3G63220.2	1821	1622	0	0
AT3G63220.1	1494	1295	32	8.07455
AT3G49550.1	829	630	10	5.18678
AT3G25980.1	1074	875	47.6242	17.7852
AT3G25980.2	1072	873	16.1311	6.03793
AT3G25980.3	907	708	12.2448	5.65139
AT3G25980.4	894	695	0	0
AT5G43650.2	1169	970	0	0
AT5G43650.1	962	763	0	0
AT3G47680.1	1646	1447	47	10.6137
AT3G13890.2	1683	1484	0	0
AT3G13890.1	1108	909	0	0
AT3G29110.1	1825	1626	0	0
AT5G11290.1	1540	1341	1	0.243674
AT5G11290.2	1624	1425	0	0
AT1G47130.1	210	20.9285	0	0
AT5G11760.1	961	762	80	34.3063
AT3G51280.1	1649	1450	88	19.8314
AT2G33175.1	925	726	2	0.900185
AT1G64900.1	1876	1677	216.941	42.2713
AT5G11400.1	985	786	0	0
AT5G11400.2	915	716	0	0
AT3G23145.1	477	278	0	0
AT5G05070.1	1532	1333	0	0
AT5G10550.1	1746	1547	269	56.8199
AT5G28730.1	891	692	0	0
AT1G27680.1	2144	1945	83	13.9443
AT2G45630.2	1203	1004	16.2133	5.27688
AT2G45630.1	1086	887	6.78667	2.50018
AT4G23550.1	1393	1194	51.9874	14.2276
AT1G15220.1	1173	974	0	0
AT1G15220.2	1222	1023	24	7.66609
AT5G12190.1	956	757	83	35.8278
AT5G63380.1	2060	1861	206	36.1709
AT5G65570.1	2700	2501	13	1.69851
AT2G25270.1	1903	1704	57.2859	10.9854
AT1G62975.2	1550	1351	12.825	3.102
AT1G62975.1	1244	1045	27.175	8.4975
AT4G27490.4	1125	926	16.8745	5.95468
AT4G27490.3	1148	949	16.7632	5.77205
AT4G27490.2	1316	1117	12.8771	3.76707
AT4G27490.5	898	699	1.48515	0.694273
AT4G27490.1	1235	1036	0	0
AT4G27490.6	1404	1205	0	0
AT4G27490.7	912	713	0	0
AT1G48860.2	1837	1638	128.711	25.6768
AT1G48860.1	2096	1897	235.786	40.6152
AT2G01960.1	905	706	0	0
AT4G01720.1	1950	1751	59	11.0104
AT3G47720.1	1245	1046	7	2.18678
AT5G14950.1	4210	4011	160	13.0348
ATMG01140.1	459	260	0	0
AT5G16650.2	1060	861	4.88414	1.85363
AT5G16650.1	979	780	49.1159	20.5762
AT1G34800.1	279	80.003	0	0
AT2G25770.1	823	624	0	0
AT2G25770.2	855	656	0	0
AT1G62040.1	887	688	50	23.7476
AT1G62040.2	1145	946	0	0
AT5G52440.1	1244	1045	369	115.385
AT5G46190.2	3962	3763	48.9865	4.25384
AT5G46190.1	2463	2264	32.5629	4.69987
AT5G46190.4	2422	2223	0	0
AT5G46190.3	2458	2259	66.4506	9.61215
AT5G15750.1	993	794	81	33.3352
AT2G43050.1	1964	1765	30	5.55412
AT1G76660.2	2580	2381	5.74834	0.7889
AT1G76660.1	2190	1991	82.2517	13.4993
AT2G14290.1	1333	1134	0	0
AT3G51470.2	2057	1858	7.01966	1.23455
AT3G51470.1	1319	1120	19.9803	5.82939
AT5G46200.1	1559	1360	0	0
AT4G30030.1	1275	1076	0	0
AT4G00960.3	1273	1074	0	0
AT4G00960.1	1172	973	3.59922	1.20874
AT4G00960.4	1116	917	0	0
AT4G00960.2	1221	1022	6.40078	2.04654
AT1G20470.1	610	411	15	11.9258
AT5G41420.1	245	46.6066	0	0
AT5G43910.2	1532	1333	23.6627	5.8006
AT5G43910.5	1521	1322	0	0
AT5G43910.4	1619	1420	0	0
AT5G43910.1	1363	1164	12.3373	3.46342
AT5G43910.3	1404	1205	0	0
AT2G42340.1	1083	884	1	0.369646
AT3G12190.1	810	611	0	0
AT2G43910.1	1340	1141	380.332	108.922
AT2G43910.3	794	595	71.8903	39.4813
AT2G43910.2	1071	872	348.777	130.698
AT1G43170.1	1738	1539	77.0234	16.3539
AT1G43170.6	1497	1298	0	0
AT1G43170.2	1449	1250	1966.71	514.126
AT1G43170.3	1447	1248	73.5372	19.2544
AT1G43170.9	1500	1301	0	0
AT1G43170.4	1273	1074	1.72872e-06	5.25968e-07
AT1G43170.8	1506	1307	2140.73	535.21
AT1G43170.7	1503	1304	0	0
AT1G43170.5	1494	1295	0	0
AT3G03820.1	760	561	7	4.07731
AT3G18850.1	1513	1314	4.1779e-07	1.03897e-07
AT3G18850.5	1361	1162	6.1976	1.74283
AT3G18850.4	1579	1380	24.5841	5.82122
AT3G18850.2	1795	1596	7.38889	1.51281
AT3G18850.3	1600	1401	0	0
AT3G18850.6	857	658	9.82938	4.88134
AT2G46040.2	2777	2578	0	0
AT2G46040.3	2228	2029	36.3678	5.85697
AT2G46040.1	2644	2445	17.6322	2.35649
AT5G16810.1	1528	1329	55	13.5231
AT5G16810.2	1684	1485	0	0
AT5G10500.1	2748	2549	0	0
AT3G30350.1	899	700	0	0
AT3G30350.2	950	751	9	3.91598
AT2G16460.1	1339	1140	61.1356	17.5238
AT2G16460.2	1022	823	15.8644	6.29884
AT5G28060.1	860	661	1229	607.559
AT4G39200.1	893	694	450.251	211.999
AT4G39200.2	668	469	910.007	634.031
AT3G52550.1	889	690	3	1.42073
AT2G04930.1	834	635	0	0
AT1G71000.2	986	787	0	0
AT1G71000.1	1106	907	0	0
AT1G44810.1	1382	1183	114	31.489
AT1G54980.1	543	344	0	0
AT3G22410.1	1673	1474	25	5.54218
AT4G26380.1	3051	2852	0	0
AT2G46540.1	569	370	124	109.511
AT2G26650.2	2613	2414	17.5622	2.37727
AT2G26650.1	2983	2784	135.438	15.8968
AT3G14790.2	2705	2506	6.8785	0.896914
AT3G14790.1	2395	2196	202.122	30.0759
AT1G07745.2	1546	1347	3.76267	0.912782
AT1G07745.5	1326	1127	14.7295	4.27075
AT1G07745.4	1243	1044	0	0
AT1G07745.1	1257	1058	1.50778	0.465683
AT1G07745.3	1642	1443	0	0
AT5G64830.3	1709	1510	0	0
AT5G64830.1	1627	1428	0	0
AT5G64830.2	1539	1340	54	13.1682
AT3G16230.7	2067	1868	0	0
AT3G16230.3	1710	1511	0	0
AT3G16230.12	1704	1505	22.9997	4.99372
AT3G16230.4	2140	1941	0	0
AT3G16230.10	1838	1639	2.64548	0.527429
AT3G16230.6	2017	1818	19.9055	3.57782
AT3G16230.5	2034	1835	0	0
AT3G16230.9	1944	1745	12.3488	2.31242
AT3G16230.2	1897	1698	0	0
AT3G16230.11	1851	1652	0	0
AT3G16230.8	1961	1762	0	0
AT3G16230.13	1412	1213	36.3941	9.80412
AT3G16230.1	1911	1712	4.7064	0.898305
AT1G48635.1	1726	1527	55.2477	11.8226
AT1G48635.2	1571	1372	20.7523	4.94254
AT3G61300.1	3050	2851	0	0
AT3G59740.1	2072	1873	0	0
AT1G17010.1	1355	1156	0	0
AT4G38860.1	1048	849	90	34.6396
AT1G55010.2	509	310	0	0
AT1G55010.1	533	334	21	20.5452
AT5G60000.1	487	288	0	0
AT4G24350.3	1570	1371	0	0
AT4G24350.1	1415	1216	46.9063	12.6048
AT4G24350.4	1154	955	0	0
AT4G24350.2	1146	947	9.86905e-08	3.40537e-08
AT1G60960.2	1727	1528	0	0
AT1G60960.1	1617	1418	7.48801	1.72555
AT1G60960.3	1494	1295	19.512	4.92346
AT5G35430.1	2850	2651	191	23.543
AT2G12200.1	230	33.6633	0	0
AT4G36560.1	333	134	0	0
AT5G37270.1	627	428	0	0
AT5G10390.1	748	549	96.1934	57.2547
AT3G17820.1	1554	1355	332	80.064
AT5G08740.1	2171	1972	166	27.5068
AT4G22755.1	1187	988	18	5.95325
AT5G56280.1	1262	1063	84	25.8217
AT1G74460.1	1461	1262	70	18.125
AT2G05410.1	1082	883	0	0
AT2G05410.2	912	713	0	0
AT5G38400.1	589	390	0	0
AT5G24260.1	2603	2404	88.2915	12.0011
AT5G24260.3	2732	2533	0	0
AT5G24260.4	2551	2352	2.65553	0.368936
AT5G24260.2	2906	2707	7.05297	0.851377
AT5G24260.5	2642	2443	0	0
AT5G53450.3	2550	2351	176.306	24.5049
AT5G53450.2	2365	2166	265.46	40.0478
AT5G53450.1	2434	2235	817.234	119.483
AT2G26730.1	2696	2497	407	53.2616
AT3G23715.1	288	89.0004	0	0
AT3G49730.1	4636	4437	50	3.6823
AT1G54340.2	1763	1564	0	0
AT1G54340.1	1725	1526	123	26.3384
AT4G27560.1	1804	1605	182.474	37.1505
AT1G52550.1	886	687	18	8.56158
AT5G02160.1	993	794	709	291.786
AT1G52560.1	1044	845	0	0
AT1G52560.2	1023	824	4	1.58625
AT2G04675.1	539	340	0	0
AT2G27130.1	987	788	50	20.734
AT4G18970.1	1792	1593	292.852	60.0719
AT4G18970.2	1569	1370	9.14753	2.18183
AT1G51110.1	1490	1291	311	78.7177
AT3G63130.1	2182	1983	119.096	19.6252
AT3G63130.2	2109	1910	126.904	21.711
AT5G15200.1	1006	807	2521.19	1020.87
AT5G15200.2	857	658	35.8077	17.7824
AT3G27350.2	1635	1436	40.9844	9.32614
AT3G27350.1	2369	2170	158.016	23.7946
AT3G27350.3	1636	1437	0	0
AT5G57150.3	930	731	2.64522	1.18245
AT5G57150.5	711	512	0	0
AT5G57150.2	2351	2152	7.04392	1.06957
AT5G57150.4	1122	923	15.5359	5.50014
AT5G57150.1	980	781	20.7749	8.69214
AT1G71960.1	2267	2068	70	11.0608
AT3G45930.1	694	495	88.7532	58.5892
AT3G16620.1	3576	3377	81	7.83777
AT5G59280.1	1071	872	0	0
AT5G24500.1	1393	1194	49	13.41
AT4G00695.4	846	647	1	0.50505
AT4G00695.1	829	630	0	0
AT4G00695.2	841	642	0	0
AT4G00695.5	706	507	0	0
AT4G00695.3	956	757	0	0
AT2G22490.2	1715	1516	34.3714	7.4086
AT2G22490.1	1740	1541	61.6286	13.0683
AT5G47210.1	1606	1407	1743.23	404.853
AT5G47210.3	1523	1324	393.775	97.1848
AT5G47210.2	1302	1103	0	0
AT5G67540.2	2028	1829	44.0723	7.87391
AT5G67540.3	2024	1825	7.18338	1.28619
AT5G67540.1	1945	1746	27.7443	5.1924
AT5G26660.1	1509	1310	21	5.23825
AT5G26660.2	1613	1414	0	0
AT4G30370.1	1060	861	2	0.759041
AT4G23130.3	2317	2118	10	1.54281
AT4G23130.1	2257	2058	0	0
AT4G23130.2	2269	2070	0	0
AT2G24010.3	1635	1436	0	0
AT2G24010.1	1399	1200	4	1.08922
AT2G24010.4	1627	1428	0	0
AT2G24010.2	1511	1312	0	0
AT2G32060.3	854	655	159.641	79.6418
AT2G32060.1	761	562	521.074	302.971
AT2G32060.2	1013	814	99.2851	39.8564
AT1G10300.3	2097	1898	0	0
AT1G10300.1	2064	1865	1.99998	0.350417
AT1G10300.2	2083	1884	1.7679e-05	3.06631e-06
AT1G49820.1	1829	1630	169	33.8795
AT4G13670.1	1472	1273	112.918	28.985
AT4G13670.3	1257	1058	64.0818	19.7919
AT4G13670.2	1740	1541	0	0
AT4G13670.4	1024	825	0	0
AT3G54880.1	1060	861	86	32.6388
AT4G11430.1	660	461	0	0
AT3G08860.1	2334	2135	3.07194	0.470169
AT3G08860.2	1639	1440	0.928058	0.210596
AT4G16840.1	627	428	20	15.2695
AT3G05900.2	1941	1742	73.5266	13.7922
AT3G05900.1	2355	2156	588.473	89.1901
AT3G09380.1	651	452	0	0
AT2G18193.1	1857	1658	45	8.86883
AT1G03140.1	1553	1354	134	32.3388
AT1G33360.1	2999	2800	83.1013	9.69813
AT1G29930.1	1230	1031	76871.4	24363.8
AT4G24630.1	1798	1599	64	13.0789
AT2G40540.1	2916	2717	44.5559	5.35863
AT2G40540.5	3140	2941	58.6531	6.5168
AT2G40540.4	3244	3045	0	0
AT2G40540.2	2740	2541	193.541	24.889
AT2G40540.3	3180	2981	21.2497	2.32932
AT1G04480.1	822	623	563	295.297
AT4G01895.1	423	224	0	0
AT5G55040.2	3834	3635	0.00922419	0.000829206
AT5G55040.1	3913	3714	244.991	21.5549
AT4G01340.1	681	482	0	0
AT3G23390.1	624	425	528	405.96
AT1G30850.1	1233	1034	3	0.948067
AT5G02790.1	1171	972	358	120.352
AT2G30110.1	3779	3580	926	84.5213
AT2G26270.1	2103	1904	29	4.97702
AT5G48820.2	1123	924	0	0
AT5G48820.1	1129	930	28	9.83815
AT5G07530.2	1726	1527	0	0
AT5G07530.1	1868	1669	0	0
AT5G07530.3	1893	1694	0	0
AT1G32010.1	2508	2309	0	0
AT5G10560.1	2744	2545	193	24.7804
AT1G01720.1	1653	1454	205	46.071
AT3G46830.1	1464	1265	143.208	36.9925
AT3G46830.2	1252	1053	42.7925	13.2794
AT1G22540.1	2277	2078	50	7.86254
AT1G80530.1	2113	1914	192	32.7791
AT5G25270.1	2681	2482	219	28.8324
AT2G14720.1	2566	2367	269.052	37.1429
AT2G14720.2	2505	2306	21.65	3.06788
AT1G11000.1	2046	1847	0	0
AT1G11000.2	2114	1915	0	0
AT1G11000.3	2030	1831	58	10.3509
AT3G55740.2	1771	1572	60.9712	12.6739
AT3G55740.3	1930	1731	3.02875	0.571749
AT3G55740.1	1807	1608	0	0
AT1G61095.1	700	501	0	0
AT3G28345.1	4221	4022	153	12.4305
AT4G26970.1	3349	3150	1119	116.08
AT5G37280.1	651	452	0	0
AT5G24340.2	2253	2054	5.34619	0.850516
AT5G24340.1	1912	1713	39.6538	7.56425
AT3G14840.2	3544	3345	276	26.962
AT3G14840.1	915	716	0	0
AT4G25280.1	1273	1074	50.2876	15.3001
AT4G25280.2	974	775	33.7124	14.2143
AT5G49665.1	2954	2755	61	7.23513
AT5G66970.1	528	329	0	0
AT1G14500.1	1398	1199	0	0
AT2G14255.1	1986	1787	90	16.4572
AT1G49205.1	725	526	0	0
AT3G16820.1	942	743	0	0
AT3G17830.1	1971	1772	39	7.19183
AT3G03710.1	3317	3118	338.508	35.4757
AT5G40690.1	1328	1129	39	11.2878
AT3G12640.1	2353	2154	67.6291	10.2595
AT3G12640.2	2281	2082	2.28494e-08	3.58618e-09
AT3G12640.4	2135	1936	35.3709	5.97007
AT3G12640.3	2385	2186	0	0
AT1G05380.3	4244	4045	0	0
AT1G05380.1	4173	3974	0.000906469	7.45355e-05
AT1G05380.2	4229	4030	172.999	14.0274
AT5G10150.4	1245	1046	31.5276	9.84912
AT5G10150.2	1698	1499	26.4724	5.77072
AT5G10150.1	1759	1560	0	0
AT5G10150.3	1321	1122	0	0
AT4G21710.1	4052	3853	343	29.0893
AT4G36790.1	1887	1688	27	5.22673
AT2G32760.3	2408	2209	8.76587	1.2967
AT2G32760.2	2156	1957	37.2341	6.21711
AT2G32760.1	2134	1935	3.99718e-05	6.75012e-06
AT1G31175.1	2157	1958	35.2493	5.8827
AT1G31175.2	2063	1864	0.000119963	2.103e-05
AT5G37710.1	2133	1934	35	5.91357
AT5G37710.2	2379	2180	0	0
AT2G13542.1	231	34.449	0	0
AT5G50310.1	2303	2104	201	31.2168
AT3G58640.1	3365	3166	65.9583	6.80765
AT3G58640.2	3269	3070	166.042	17.6733
ATCG00120.1	1524	1325	73	18.003
AT3G15351.4	1088	889	0	0
AT3G15351.2	847	648	0	0
AT3G15351.7	1429	1230	0	0
AT3G15351.3	724	525	12.9032	8.03112
AT3G15351.6	1553	1354	5.03211	1.21442
AT3G15351.1	872	673	7.94239	3.85633
AT3G15351.5	1368	1169	0.122313	0.0341899
AT1G50610.1	2509	2310	0	0
AT2G44990.3	2005	1806	0	0
AT2G44990.1	1857	1658	0	0
AT2G44990.2	1943	1744	0	0
AT4G17250.3	2445	2246	16.6194	2.41793
AT4G17250.1	2713	2514	9.3806	1.21928
AT4G17250.2	2269	2070	0	0
AT3G45460.1	1416	1217	0	0
AT2G30300.1	1712	1513	1	0.215973
AT2G19150.2	1260	1061	0	0
AT2G19150.1	1156	957	0	0
AT5G40405.2	1937	1738	2.04124	0.38378
AT5G40405.1	2131	1932	9.95876	1.68437
AT3G18400.1	1400	1201	29	7.8903
AT3G26620.1	371	172	1	1.89981
AT5G49770.1	3231	3032	24	2.58655
AT1G17810.1	1173	974	0	0
AT2G26510.2	1992	1793	80.1811	14.6127
AT2G26510.1	2251	2052	55.9816	8.9147
AT2G26510.3	2345	2146	17.8373	2.71605
AT1G03880.1	1633	1434	0	0
AT2G43920.4	1247	1048	0	0
AT2G43920.1	1099	900	30.8192	11.1897
AT2G43920.2	1099	900	0	0
AT2G43920.6	1001	802	9.91184	4.03848
AT2G43920.5	1089	890	5.26897	1.93452
AT2G43920.3	1159	960	0	0
AT3G23240.1	988	789	0	0
AT5G36220.1	1932	1733	37	6.97656
AT5G36220.2	2511	2312	0	0
AT3G62460.1	894	695	19.5427	9.18835
AT4G33170.1	3096	2897	8	0.90236
AT5G55150.1	1156	957	0	0
AT4G27220.1	2760	2561	1	0.127594
AT4G27220.2	3179	2980	0	0
AT5G21020.2	900	701	568	264.77
AT4G12100.1	1420	1221	0	0
AT2G01980.1	3772	3573	84	7.68218
AT4G23950.2	2156	1957	9.59682	1.60241
AT4G23950.1	2038	1839	21.4032	3.80308
AT2G45520.1	816	617	81	42.8981
AT1G49130.1	1802	1603	2	0.407694
AT1G49130.2	1906	1707	0	0
AT5G53400.1	1519	1320	197	48.7675
AT3G42990.1	390	191	0	0
AT4G31620.1	1911	1712	3	0.572606
AT4G31620.2	1986	1787	0	0
AT1G13390.1	1913	1714	19.6386	3.74402
AT1G13390.2	1423	1224	36.3614	9.70727
AT4G32020.1	2135	1936	1572	265.33
AT3G13672.1	1665	1466	3.75846	0.837749
AT3G13672.2	753	554	1.57968	0.931748
AT5G61840.1	1876	1677	147	28.6433
AT1G34807.1	510	311	0	0
AT1G59790.1	1125	926	0	0
AT1G59790.2	1235	1036	0	0
AT1G69930.1	1087	888	1	0.367981
AT2G47070.1	3454	3255	604.114	60.6465
AT2G47070.2	3093	2894	125.886	14.2141
AT4G24520.1	2564	2365	603	83.3153
AT4G24520.2	2704	2505	0	0
AT3G29785.1	330	131	0	0
AT4G32690.1	1146	947	36	12.422
AT3G49900.2	1734	1535	26	5.53482
AT3G49900.1	1718	1519	0	0
AT1G16230.1	641	442	0	0
AT1G19480.2	1976	1777	6.64717	1.22233
AT1G19480.1	1807	1608	16.3528	3.32311
AT4G39870.2	1618	1419	20.2647	4.66655
AT4G39870.1	1754	1555	45.7353	9.6108
AT3G61962.1	126	5.35093	0	0
AT5G51510.1	828	629	73	37.9237
AT2G46910.1	1055	856	136	51.9163
AT1G17040.2	2394	2195	0	0
AT1G17040.3	2546	2347	0	0
AT1G17040.1	2474	2275	23	3.30358
AT5G39670.1	889	690	5	2.36788
AT1G17530.1	1220	1021	65.9991	21.1227
AT1G17530.2	993	794	0.000932276	0.000383674
AT3G09670.2	2501	2302	74	10.5042
AT3G09670.1	2756	2557	0	0
AT1G61150.2	1280	1081	0	0
AT1G61150.6	1225	1026	15.041	4.79037
AT1G61150.11	1308	1109	0	0
AT1G61150.3	1210	1011	0	0
AT1G61150.8	2279	2080	3.17343	0.498544
AT1G61150.5	1117	918	79.0263	28.1298
AT1G61150.9	2185	1986	0	0
AT1G61150.4	2211	2012	0	0
AT1G61150.1	2280	2081	5.50958	0.865137
AT1G61150.10	1355	1156	33.0134	9.33191
AT1G61150.7	1324	1125	3.2363	0.940015
AT1G53110.1	2185	1986	20	3.29071
AT4G08510.1	2863	2664	78	9.56751
AT4G08510.2	2421	2222	0	0
AT2G39490.1	1594	1395	0	0
AT3G55450.2	1441	1242	14.8889	3.91723
AT3G55450.1	1927	1728	39.1111	7.39596
AT1G69040.1	1957	1758	19.9656	3.7111
AT1G69040.2	1966	1767	91.0344	16.8348
AT4G13400.1	1412	1213	18	4.84898
AT4G13400.2	1537	1338	0	0
AT4G20220.1	477	278	0	0
AT4G35510.1	1522	1323	73	18.0302
AT1G03710.1	997	798	0	0
AT1G03710.2	743	544	0	0
AT2G18810.1	705	506	0	0
AT1G73630.1	942	743	58	25.5081
AT3G47540.2	1024	825	10.8889	4.31289
AT3G47540.1	1321	1122	15.1111	4.4009
AT4G39730.1	1009	810	311	125.462
AT1G31880.1	1617	1418	13	2.99575
AT1G31880.2	1250	1051	0	0
AT5G58830.1	2229	2030	0	0
AT3G58470.1	1029	830	56	22.0469
AT5G02450.1	805	606	866	466.964
AT3G03230.1	1112	913	1	0.357905
AT1G13050.3	1217	1018	9	2.8889
AT1G13050.1	1476	1277	0	0
AT1G13050.2	1244	1045	0	0
AT3G04650.1	1965	1766	120	22.2039
AT3G14730.1	2169	1970	9	1.49284
AT4G38400.1	1126	927	79	27.8475
AT3G58990.1	1246	1047	288	89.8844
AT3G23980.1	3150	2951	185	20.4852
AT2G21850.1	2668	2469	49	6.48505
AT5G47530.1	1476	1277	3	0.76766
AT5G22270.1	927	728	14	6.28398
AT2G23321.1	141	6.28195	0	0
AT3G56670.1	702	503	0	0
AT3G03520.1	1873	1674	76.5263	14.938
AT3G03520.2	1859	1660	42.4737	8.36085
AT1G40083.1	522	323	0	0
AT1G45190.1	654	455	0	0
AT3G18730.1	4302	4103	39	3.106
AT1G03325.1	126	5.35093	0	0
AT5G09930.1	2175	1976	5	0.82684
AT4G11290.1	1340	1141	71	20.3334
AT5G49710.1	1021	822	12.71	5.05257
AT5G49710.3	1192	993	45.1042	14.8425
AT5G49710.2	1556	1357	5.1858	1.24875
AT4G11510.1	459	260	0	0
AT2G23510.1	1392	1193	0	0
AT2G22890.1	1244	1045	3	0.938087
AT5G62540.1	877	678	56	26.9896
AT1G33950.1	991	792	0	0
AT1G33950.2	1130	931	0	0
AT3G54980.1	2870	2671	4.16996	0.510148
AT3G54980.2	3844	3645	73.2962	6.57086
AT1G54930.2	1526	1327	2	0.49249
AT1G54930.1	1219	1020	0	0
AT1G29980.1	1591	1392	55.9264	13.1285
AT1G29980.2	1796	1597	14.0736	2.87965
AT2G44480.5	1426	1227	2.24771	0.598595
AT2G44480.1	1753	1554	4.75229	0.999288
AT2G44480.2	1893	1694	0	0
AT2G44480.4	1895	1696	0	0
AT2G44480.3	2016	1817	0	0
AT4G09435.2	1407	1208	0	0
AT4G09435.1	1422	1223	7	1.87029
AT3G55950.1	3126	2927	25	2.79097
AT1G50470.1	366	167	0	0
AT3G44210.1	432	233	0	0
AT1G67520.8	3012	2813	0	0
AT1G67520.4	3012	2813	0	0
AT1G67520.3	3141	2942	0	0
AT1G67520.7	2747	2548	20	2.56489
AT1G67520.6	2847	2648	0	0
AT1G67520.1	2387	2188	1.12094e-05	1.67408e-06
AT1G67520.5	2954	2755	0	0
AT1G67520.2	3210	3011	0	0
AT2G21150.1	1564	1365	66	15.7997
AT1G15260.1	814	615	134	71.198
AT2G34330.1	863	664	0	0
AT4G00355.3	1422	1223	4.22772	1.12958
AT4G00355.2	1363	1164	81.7169	22.9402
AT4G00355.1	1352	1153	0	0
AT4G00355.4	1360	1161	22.0554	6.20755
AT5G34887.1	400	201	0	0
AT4G17690.1	1294	1095	0	0
AT3G08680.1	2536	2337	240.914	33.6854
AT3G08680.2	2873	2674	111.086	13.5749
AT5G11500.2	872	673	271.141	131.649
AT5G11500.1	1622	1423	262.859	60.3611
AT2G31460.1	735	536	0	0
AT5G12240.2	847	648	66	33.2818
AT5G12240.1	806	607	0	0
AT5G48020.1	1621	1422	130	29.8732
AT5G49860.1	666	467	0	0
AT3G10610.1	870	671	250	121.746
AT1G47620.1	1839	1640	1	0.199248
AT1G31230.1	2988	2789	365	42.7644
AT3G27490.2	2170	1971	1	0.165787
AT3G27490.1	2277	2078	0	0
AT1G03106.1	934	735	0	0
AT5G66130.1	2203	2004	0	0
AT5G66130.2	2024	1825	17	3.04386
AT2G23800.1	1295	1096	0	0
AT2G18840.1	1271	1072	75.5516	23.0296
AT4G02710.1	3676	3477	75	7.04847
AT1G21410.2	1477	1278	33.4865	8.56204
AT1G21410.1	1588	1389	12.5135	2.94385
AT5G45610.1	2325	2126	0	0
AT5G45610.2	2227	2028	25	4.02819
AT2G41960.1	4062	3863	225	19.0325
AT2G32220.1	614	415	30	23.6217
AT5G10960.1	2103	1904	604	103.659
AT5G10820.1	1821	1622	55	11.0803
AT3G61570.2	2253	2054	0	0
AT3G61570.1	2631	2432	29	3.89648
AT5G04490.2	1352	1153	0	0
AT5G04490.1	1364	1165	56	15.7073
AT4G09690.1	1038	839	0	0
AT3G11230.3	893	694	8.70268	4.09762
AT3G11230.2	847	648	5.66139	2.85487
AT3G11230.4	885	686	0	0
AT3G11230.1	800	601	10.6359	5.78282
AT3G05937.1	1075	876	17	6.34137
AT2G01390.1	1814	1615	8	1.61866
AT5G07210.2	1842	1643	0	0
AT5G07210.1	1866	1667	0	0
AT4G35987.1	1576	1377	21	4.98338
AT4G23810.1	1514	1315	41.9698	10.4292
AT4G22330.1	1456	1257	158	41.0734
AT1G49810.1	1331	1132	0	0
AT5G50410.1	1227	1028	37	11.7611
AT4G16983.1	778	579	1427.97	805.898
AT4G23620.2	1117	918	28.322	10.0814
AT4G23620.1	1294	1095	55.678	16.6153
AT1G49220.1	768	569	0	0
AT3G26235.1	736	537	0	0
AT5G54020.2	1967	1768	0	0
AT5G54020.1	1925	1726	18	3.40777
AT1G10395.1	252	53.2554	0	0
AT1G06270.1	1617	1418	14	3.22619
AT2G33220.2	891	692	0	0
AT2G33220.1	804	605	255	137.728
AT5G65690.1	2407	2208	0.0431334	0.00638341
AT5G65690.3	2410	2211	0	0
AT5G65690.4	2501	2302	22.9568	3.2587
AT5G65690.2	2420	2221	5.10505e-05	7.51086e-06
AT2G25420.1	2740	2541	2.77456e-06	3.56803e-07
AT2G25420.2	2835	2636	11.9675	1.48352
AT2G25420.4	2761	2562	35.0325	4.46818
AT2G25420.3	2821	2622	6.75062e-08	8.41297e-09
AT1G47600.1	1766	1567	55.511	11.5757
AT1G47600.2	1737	1538	1.91452e-08	4.06764e-09
AT4G35140.2	2236	2037	10.2879	1.65034
AT4G35140.1	1840	1641	28.7121	5.71735
AT2G35658.1	500	301	0	0
AT2G35658.3	439	240	2	2.72306
AT2G35658.2	606	407	0	0
AT1G53366.1	138	6.07083	0	0
AT2G35800.1	3195	2996	192	20.941
AT5G46820.1	1059	860	0	0
AT2G19860.2	1927	1728	9.90039	1.87218
AT2G19860.1	2025	1826	87.0996	15.5867
AT1G58330.1	951	752	0	0
AT2G27060.1	3844	3645	53.9831	4.83948
AT2G27060.2	3649	3450	45.5436	4.31366
AT2G27060.3	3487	3288	52.4734	5.21489
AT3G24450.1	865	666	9	4.41577
AT1G54953.1	228	32.1317	0	0
AT1G05240.1	2478	2279	0	0
AT4G32730.5	3602	3403	84.6287	8.12632
AT4G32730.4	3617	3418	5.3482e-06	5.11298e-07
AT4G32730.3	3796	3597	2.90436e-06	2.63844e-07
AT4G32730.1	2639	2440	0.000421692	5.64734e-05
AT4G32730.2	3781	3582	20.4002	1.86101
AT4G24380.6	882	683	0	0
AT4G24380.3	920	721	7.50555	3.40162
AT4G24380.2	1064	865	0	0
AT4G24380.4	596	397	0	0
AT4G24380.1	1014	815	18.86	7.56174
AT4G24380.5	515	316	0	0
AT5G35735.1	1717	1518	96	20.6651
AT1G53310.2	3357	3158	1329.4	137.557
AT1G53310.1	3326	3127	147.131	15.3749
AT1G53310.3	3396	3197	33.4646	3.42043
AT1G51538.1	2309	2110	2	0.309732
AT5G01420.1	1491	1292	8	2.02333
AT5G33330.1	631	432	0	0
AT4G26550.1	1231	1032	27.4813	8.70153
AT4G26550.2	1418	1219	6.51872	1.74742
AT5G65740.1	1327	1128	0	0
AT5G65740.4	1109	910	0	0
AT5G65740.9	1356	1157	14.1282	3.99019
AT5G65740.6	1451	1252	0	0
AT5G65740.8	1345	1146	13.3256	3.79962
AT5G65740.5	1469	1270	0	0
AT5G65740.7	1413	1214	0	0
AT5G65740.2	1259	1060	3.54617	1.09318
AT5G65740.3	1537	1338	0	0
AT4G39760.1	1110	911	0	0
AT4G21970.1	1135	936	0	0
AT5G38790.1	659	460	1	0.710363
AT1G23560.1	1303	1104	0.554492	0.164121
AT1G23560.2	1301	1102	4.44551	1.31819
AT4G05410.1	1926	1727	134	25.3543
AT1G05560.1	1840	1641	148.538	29.5778
AT1G05560.2	2136	1937	26.1757	4.41577
AT4G12090.1	971	772	10	4.23273
AT3G12410.1	1004	805	1	0.405922
AT1G78730.1	1414	1215	12	3.22733
AT1G75120.1	1663	1464	53	11.8297
AT2G45330.2	1050	851	41.4438	15.9136
AT2G45330.1	1499	1300	2.89532	0.727766
AT1G60420.1	2126	1927	149	25.2664
AT1G19660.2	1457	1258	92.4076	24.003
AT1G19660.3	1628	1429	0	0
AT1G19660.1	1645	1446	33.5924	7.59121
AT1G19100.1	2643	2444	63	8.42321
AT2G01800.2	954	755	0	0
AT2G01800.1	915	716	0	0
AT2G01800.3	846	647	0	0
AT3G46670.1	1732	1533	74	15.7735
AT2G41350.2	1124	925	24.744	8.74112
AT2G41350.1	1710	1511	41.256	8.92197
AT1G03380.1	4183	3984	172	14.1074
AT2G32170.1	2425	2226	119	17.4687
AT2G32170.2	2327	2128	3.9865e-07	6.12151e-08
AT4G05210.2	2165	1966	3.28214	0.545521
AT4G05210.1	1025	826	0	0
AT4G05210.3	968	769	0.716194	0.304328
AT3G27870.1	4169	3970	50	4.11545
AT3G27870.3	4195	3996	0	0
AT3G27870.2	4202	4003	0	0
AT1G33420.2	1779	1580	19.1163	3.95354
AT1G33420.1	2501	2302	31.8837	4.52586
AT5G43040.1	2093	1894	21	3.62308
AT5G02730.1	678	479	0	0
AT2G23590.1	1005	806	11	4.4596
AT3G11030.1	2479	2280	45	6.44935
AT5G57690.1	2059	1860	1	0.175681
AT5G24105.1	733	534	43	26.3127
AT1G23540.1	2278	2079	0	0
AT1G23540.2	1924	1725	1	0.18943
AT5G57345.1	1000	801	233	95.0521
AT3G58180.1	1379	1180	83	22.9845
AT5G61640.1	939	740	35	15.4552
AT5G61640.2	979	780	0	0
AT5G61390.1	1932	1733	23	4.33678
AT3G59830.1	1911	1712	0	0
AT1G80520.1	1163	964	11	3.72867
AT5G03050.2	1857	1658	19.6601	3.87471
AT5G03050.1	1351	1152	1.33992	0.380071
AT3G53110.1	1860	1661	294	57.8384
AT3G45500.1	606	407	0	0
AT5G11350.4	2332	2133	0	0
AT5G11350.3	2241	2042	18.4629	2.95449
AT5G11350.2	2346	2147	1.16797	0.177762
AT5G11350.1	2562	2363	44.3692	6.13558
AT5G11350.5	2362	2163	0	0
AT1G65850.3	3658	3459	6	0.566812
AT1G65850.1	3111	2912	2.21163e-06	2.48176e-07
AT1G65850.2	3343	3144	0	0
AT5G51830.2	1531	1332	196	48.0828
AT5G51830.1	1796	1597	0	0
AT5G39940.1	1679	1480	17.6577	3.89862
AT5G39940.3	1693	1494	9.84194	2.15263
AT5G39940.4	1571	1372	13.5004	3.21536
AT5G39940.2	1685	1486	0	0
AT3G27960.2	2805	2606	0	0
AT3G27960.1	2716	2517	12.9077	1.67573
AT3G27960.3	2326	2127	90.0923	13.8407
AT4G02040.1	824	625	11	5.7511
AT4G13570.2	759	560	13	7.58567
AT4G13570.1	357	158	0	0
AT5G60660.1	1448	1249	54	14.1276
AT5G16010.1	1147	948	217	74.798
AT3G25830.1	2660	2461	57.4088	7.62263
AT5G49020.2	1908	1709	0	0
AT5G49020.1	2028	1829	141	25.1909
AT3G43800.1	1046	847	121	46.681
AT1G03850.1	1104	905	0	0
AT1G03850.2	752	553	7	4.13629
AT1G03850.3	1175	976	0	0
AT4G14940.1	2215	2016	20	3.24174
AT1G27220.1	555	356	0	0
AT4G31270.1	1080	881	17	6.30538
AT3G04940.1	1529	1330	137.713	33.8346
AT3G04940.2	1431	1232	26.2873	6.97225
AT5G23320.2	845	646	2	1.01166
AT5G23320.1	596	397	1	0.823091
AT2G21800.3	2002	1803	0	0
AT2G21800.2	1872	1673	8	1.56254
AT2G21800.1	1939	1740	0	0
AT1G22420.1	1443	1244	0	0
AT4G10470.2	1292	1093	10.8339	3.23896
AT4G10470.1	1563	1364	25.1661	6.02891
AT5G24010.1	2876	2677	50	6.10323
AT4G16560.1	1599	1400	0	0
AT1G65500.1	756	557	22	12.9064
AT2G36590.2	1502	1303	0	0
AT2G36590.1	1933	1734	37	6.97254
AT1G11160.3	4087	3888	0	0
AT1G11160.2	3901	3702	0	0
AT1G11160.4	3993	3794	0	0
AT1G11160.1	3869	3670	17	1.51364
AT1G65140.1	1086	887	0	0
AT1G14670.1	2270	2071	605.579	95.5497
AT5G53560.1	777	578	500	282.671
AT3G09950.1	631	432	4	3.02562
AT2G39975.1	434	235	0	0
AT4G03490.2	2272	2073	0	0
AT4G03490.4	3574	3375	16.6771	1.61467
AT4G03490.1	2111	1912	0	0
AT4G03490.3	2250	2051	2.29031	0.364895
AT4G03490.5	2072	1873	0	0
AT3G09330.1	1802	1603	9.62415	1.96186
AT3G53840.1	2045	1846	1	0.177014
AT5G13260.1	2087	1888	168	29.0767
AT2G47360.1	1273	1074	18	5.47654
AT2G33233.1	393	194	0	0
AT4G18740.2	990	791	44.1196	18.2261
AT4G18740.4	1029	830	6.38275e-06	2.51286e-06
AT4G18740.1	1083	884	33.8804	12.5237
AT4G18740.3	936	737	1.20805e-06	5.35619e-07
AT2G39450.1	1694	1495	306	66.8834
AT1G72360.2	1188	989	38.3333	12.6654
AT1G72360.3	930	731	9.16667	4.09763
AT1G72360.1	1016	817	9.5	3.79962
AT2G31970.1	4466	4267	100	7.65801
AT3G60420.1	1164	965	0	0
AT3G18090.1	3950	3751	24.5812	2.14139
AT3G18090.3	4502	4303	1.63519e-07	1.24176e-08
AT3G18090.2	4434	4235	14.3006	1.10342
AT1G07440.1	1178	979	43.5597	14.5392
AT1G07440.2	752	553	5.44031	3.21467
AT4G30100.2	4662	4463	161.994	11.8607
AT4G30100.1	5193	4994	395.006	25.846
AT1G15000.1	1603	1404	56	13.0334
AT1G02020.1	2428	2229	72.0242	10.5586
AT1G02020.2	2479	2280	0	0
AT1G02020.3	2226	2027	0	0
AT3G48870.1	3293	3094	912.12	96.3318
AT3G48870.4	3320	3121	0.108061	0.0113139
AT3G48870.2	3214	3015	0.301724	0.032701
AT3G48870.3	3417	3218	88.394	8.97584
AT2G07724.1	654	455	0	0
AT4G23820.1	1695	1496	292	63.7807
AT1G08170.1	938	739	0	0
AT3G52500.1	2192	1993	333	54.5978
AT5G16840.3	1017	818	64.6413	25.8223
AT5G16840.1	1201	1002	114.359	37.2941
AT5G16840.2	1180	981	0	0
AT2G03450.1	2194	1995	35	5.73276
AT5G61410.1	1520	1321	875.398	216.542
AT5G61410.2	1406	1207	1147.6	310.686
AT1G67980.1	1119	920	0	0
AT1G67980.2	931	732	7	3.12482
AT1G12420.1	2054	1855	40.4727	7.12946
AT1G12420.2	1779	1580	26.5273	5.48623
AT5G28520.2	1417	1218	0	0
AT5G28520.1	1521	1322	0	0
AT3G61760.1	2218	2019	21	3.39877
AT3G61760.3	2285	2086	0	0
AT3G61760.2	2292	2093	0	0
AT3G49115.1	201	17.0167	0	0
AT4G23470.1	1532	1333	214.357	52.5469
AT4G23470.2	1667	1468	23.1884	5.16158
AT4G23470.4	1436	1237	0	0
AT4G23470.3	1237	1038	131.454	41.3824
AT3G51480.4	2933	2734	44.2075	5.28368
AT3G51480.3	2828	2629	0	0
AT3G51480.1	3357	3158	29.7925	3.08271
AT3G51480.2	3621	3422	0	0
AT1G67450.1	1197	998	0	0
AT1G50220.1	676	477	0	0
AT5G22750.1	3665	3466	52	4.90245
AT4G28620.1	2043	1844	0	0
AT4G11120.1	1619	1420	122	28.0744
AT1G33100.1	1772	1573	1.01584	0.211026
AT1G66560.1	981	782	0	0
AT3G13160.1	1580	1381	97	22.9518
AT1G62370.1	1324	1125	17	4.93781
AT4G15953.1	350	151	1	2.16402
AT3G15490.1	1297	1098	0	0
AT5G07545.1	39	2.95359	0	0
AT2G11520.1	2150	1951	81	13.5664
AT5G58020.1	1323	1124	157	45.6427
AT5G17100.1	1108	909	0	0
AT3G59940.1	1584	1385	237	55.9161
AT1G34510.1	1251	1052	8	2.48492
AT5G10590.1	243	44.7603	0	0
AT1G74370.1	1159	960	44	14.9768
AT4G39210.2	1843	1644	31.2096	6.20333
AT4G39210.1	2072	1873	81.7904	14.2693
AT3G61350.2	1521	1322	0	0
AT3G61350.1	1332	1133	19	5.47977
AT2G14100.1	1807	1608	14	2.84499
AT1G65840.1	2258	2059	547	86.8099
AT1G31870.1	2314	2115	88.9995	13.7504
AT1G31870.2	2311	2112	0.0004922	7.61529e-05
AT5G40540.1	1867	1668	16.3667	3.20629
AT5G40540.4	1937	1738	0	0
AT5G40540.2	2265	2066	8.56181	1.35417
AT5G40540.3	1940	1741	24.0715	4.51797
AT3G02750.2	2792	2593	316.587	39.896
AT3G02750.1	2816	2617	0	0
AT3G02750.3	2276	2077	61.4128	9.66186
AT5G04170.1	1475	1276	161	41.23
AT4G11940.1	795	596	0	0
AT1G61415.1	1051	852	1.69149	0.648736
AT1G61415.2	1000	801	0	0
AT5G55210.1	860	661	74	36.5821
AT1G16630.1	2937	2738	63	7.51875
AT3G50920.2	1049	850	31	11.9174
AT3G50920.1	1178	979	0	0
AT1G75680.1	2145	1946	528	88.6603
AT5G52950.1	3099	2900	47	5.29588
AT5G52950.2	3221	3022	0	0
AT4G01160.1	1536	1337	0	0
AT4G01160.2	1584	1385	0	0
AT5G06820.1	2577	2378	3	0.412238
AT1G62580.1	1541	1342	0	0
AT1G62580.2	1395	1196	5	1.36608
AT1G62580.3	1071	872	0	0
AT1G11020.1	1460	1261	41	10.6245
AT2G40940.1	2428	2229	326	47.791
AT2G44180.2	1777	1578	0	0
AT2G44180.1	1712	1513	103	22.2452
AT5G42240.1	2361	2162	152	22.9735
AT1G18940.1	1862	1663	11	2.16142
AT5G13730.1	1454	1255	82	21.3505
AT5G10190.1	1999	1800	9.23125	1.67582
AT5G10190.3	1739	1540	6.1022	1.2948
AT5G10190.2	1779	1580	52.6666	10.8922
AT1G52680.1	730	531	0	0
AT4G35320.1	962	763	138	59.1007
AT3G47410.1	805	606	0	0
AT1G75717.1	343	144	0	0
AT3G59120.2	1803	1604	3.99993	0.814867
AT3G59120.1	1863	1664	6.90734e-05	1.35643e-05
AT3G07580.1	904	705	11	5.09849
AT3G07580.2	1040	841	0	0
AT1G28220.1	1202	1003	0	0
AT3G63180.2	3295	3096	0.541914	0.0571962
AT3G63180.1	3342	3143	111.458	11.5879
AT1G09540.1	1558	1359	9	2.16402
AT5G18460.1	2010	1811	113	20.3891
AT5G03270.1	1042	843	3	1.16287
AT5G03270.2	1216	1017	0	0
AT1G30050.1	1501	1302	1	0.250973
AT1G19540.2	878	679	2.06864	0.995527
AT1G19540.1	2035	1836	5.22236	0.929463
AT2G30800.2	3755	3556	40.1258	3.68723
AT2G30800.1	4371	4172	98.8742	7.74421
AT3G63350.1	1081	882	0	0
AT5G63770.1	3817	3618	112	10.1155
AT5G63770.2	4120	3921	0	0
AT2G17890.1	2235	2036	1	0.160495
AT5G18420.4	1491	1292	44.3622	11.2199
AT5G18420.3	1477	1278	0	0
AT5G18420.1	1845	1646	19.882	3.94701
AT5G18420.2	1532	1333	21.7558	5.33314
AT5G56860.1	1790	1591	86	17.6631
AT5G03330.3	2257	2058	31.3347	4.9753
AT5G03330.4	1879	1680	4.63263e-07	9.01065e-08
AT5G03330.1	2159	1960	58.7603	9.7964
AT5G03330.2	1781	1582	3.4663e-07	7.15976e-08
AT4G27380.1	779	580	73	41.1276
AT4G36780.1	1661	1462	150	33.526
AT3G02240.1	739	540	11	6.65637
AT1G03180.6	1079	880	11.1967	4.15764
AT1G03180.1	1166	967	0	0
AT1G03180.4	1136	937	0	0
AT1G03180.2	1567	1368	2.80261	0.669446
AT1G03180.5	1044	845	0	0
AT1G03180.3	1577	1378	0.000655091	0.000155343
AT5G03720.2	1861	1662	4	0.786443
AT5G03720.1	2210	2011	0	0
AT2G07806.1	639	440	0	0
AT2G07806.3	645	446	0	0
AT2G07806.2	891	692	1	0.472207
AT3G57900.1	207	19.5103	0	0
AT5G36907.1	606	407	2	1.60574
AT4G01710.1	1037	838	27	10.5283
AT1G27110.3	1726	1527	0	0
AT1G27110.4	1953	1754	3.6831	0.686154
AT1G27110.2	1773	1574	0	0
AT1G27110.1	1862	1663	4.3169	0.84824
AT1G01225.1	1077	878	15	5.58258
AT4G22380.1	775	576	72	40.8459
AT1G31280.1	3602	3403	111	10.6586
AT2G47485.1	1025	826	55	21.7581
AT5G22800.2	3491	3292	4.45576	0.442283
AT5G22800.1	3529	3330	364.544	35.7721
AT2G06520.1	720	521	4516	2832.4
AT3G50880.1	1406	1207	45	12.1827
AT4G08930.1	1356	1157	71	20.0523
AT1G52440.1	810	611	0	0
AT4G13095.1	487	288	0	0
AT5G24130.1	1511	1312	1	0.24906
AT2G38580.1	1843	1644	52.0724	10.3501
AT2G38580.3	1622	1423	29.9276	6.87235
AT2G38580.2	1777	1578	0	0
AT5G07571.1	766	567	0	0
AT5G54800.1	1815	1616	384	77.6476
AT5G22840.1	2280	2081	84.0594	13.1994
AT5G50600.1	1549	1350	2	0.484099
AT2G34990.2	1085	886	0	0
AT2G34990.1	1013	814	0	0
AT3G49870.1	1219	1020	191	61.1887
AT3G49870.2	1557	1358	0	0
AT4G27654.1	515	316	0	0
AT5G35670.1	1912	1713	25	4.76893
AT4G15236.1	4173	3974	3.19125	0.262404
AT5G24575.1	21	2.72438	0	0
AT1G73350.7	802	603	8.0831	4.38025
AT1G73350.1	817	618	27.6639	14.6272
AT1G73350.4	1221	1022	13.3276	4.26128
AT1G73350.2	1096	897	0.107118	0.039022
AT1G73350.6	1395	1196	8.54367	2.33427
AT1G73350.3	1136	937	0.177705	0.0619725
AT1G73350.5	1181	982	10.0969	3.35982
AT5G42880.1	2442	2243	63	9.17803
AT5G66250.1	1277	1078	55.3581	16.7803
AT5G66250.4	1337	1138	0	0
AT5G66250.3	1270	1071	3.24345e-05	9.89592e-06
AT5G66250.2	1619	1420	19.6418	4.51994
AT1G30780.1	1449	1250	0	0
AT5G45510.1	4235	4036	781.018	63.2337
AT5G45510.2	4318	4119	383.982	30.4619
AT4G32910.1	2578	2379	122	16.7573
AT5G42440.1	1676	1477	19	4.2035
AT5G26790.1	821	622	7	3.67744
AT5G44080.1	2076	1877	51	8.8786
AT2G18000.1	609	410	0	0
AT2G18000.2	1184	985	3	0.99523
AT2G10025.1	463	264	0	0
AT4G16940.2	5176	4977	0	0
AT4G16940.4	4736	4537	4.46041	0.321251
AT4G16940.3	5262	5063	0	0
AT4G16940.6	3834	3635	0	0
AT4G16940.5	5185	4986	0	0
AT4G16940.1	3572	3373	0	0
AT5G49700.1	1642	1443	57	12.9076
AT2G07170.1	3219	3020	56	6.05926
AT1G61565.1	331	132	0	0
AT4G01660.1	2328	2129	145	22.2552
AT2G38600.2	1320	1121	9.5	2.76921
AT2G38600.1	1084	885	3.5	1.2923
AT4G01350.1	2293	2094	36.2723	5.66027
AT5G59400.1	1108	909	26	9.34647
AT5G59400.2	812	613	0	0
AT2G34730.1	2972	2773	80	9.42711
AT2G34730.2	2761	2562	5.88923e-06	7.51135e-07
AT2G43770.1	1423	1224	118	31.5021
AT5G15150.1	1564	1365	33	7.89986
AT3G26100.3	3112	2913	0	0
AT3G26100.5	2934	2735	0	0
AT3G26100.4	3035	2836	0	0
AT3G26100.1	2610	2411	55.9482	7.58276
AT3G26100.6	2691	2492	13.1773	1.72789
AT3G26100.2	2515	2316	122.875	17.3365
AT1G53945.1	421	222	0	0
AT1G27540.3	1992	1793	61.5446	11.2163
AT1G27540.2	1419	1220	25.2353	6.75907
AT1G27540.1	1555	1356	33.2201	8.00533
AT5G45220.1	1738	1539	2.98443	0.633666
AT5G45220.2	1732	1533	6.01557	1.28225
AT4G21620.1	953	754	109.186	47.3187
AT4G21620.2	587	388	74.8142	63.0073
AT1G05570.4	6272	6073	71.9099	3.86922
AT1G05570.2	6108	5909	124.152	6.86557
AT1G05570.1	6536	6337	40.9385	2.11099
AT1G05570.3	6453	6254	0	0
AT5G56290.1	2680	2481	232	30.5562
AT1G80610.1	1594	1395	34	7.96422
AT5G39330.2	774	575	0	0
AT5G39330.1	2041	1842	4	0.709592
AT4G17990.1	938	739	0	0
AT4G17990.2	702	503	0	0
AT1G49300.2	1042	843	42.2099	16.3616
AT1G49300.1	1285	1086	102.79	30.9286
AT2G34120.1	213	22.4695	0	0
AT1G21270.1	3585	3386	136.41	13.1643
AT1G75140.1	2310	2111	38	5.88212
AT3G48660.1	270	71.016	3	13.804
AT5G63710.2	2478	2279	0	0
AT5G63710.1	2367	2168	17.4513	2.63031
AT5G63710.3	2474	2275	19.6773	2.82632
AT5G63710.4	2123	1924	84.8714	14.4143
AT2G05270.1	415	216	0	0
AT5G57015.1	2054	1855	126	22.1955
AT5G13410.1	977	778	106.491	44.7273
AT5G13410.3	1090	891	0	0
AT5G13410.2	1096	897	5.50866	2.00674
AT1G61360.2	2825	2626	0	0
AT1G61360.1	2782	2583	54.1918	6.85563
AT1G61360.3	3174	2975	0.000364738	4.0062e-05
AT1G61360.4	3147	2948	12.8079	1.41967
AT2G44540.1	1598	1399	0	0
AT1G63990.1	1667	1468	0	0
AT1G63990.2	850	651	0	0
AT3G24690.1	765	566	0	0
AT2G07661.1	404	205	0	0
AT3G07550.1	1743	1544	11.0984	2.34884
AT3G07550.2	1806	1607	15.9016	3.23342
AT3G07550.3	1522	1323	0	0
AT1G74730.1	896	697	638	299.107
AT1G76090.1	1635	1436	284	64.6253
AT1G80890.1	661	462	21	14.8531
AT3G16460.2	2698	2499	0.0134797	0.00176259
AT3G16460.1	2708	2509	1294.99	168.656
AT1G76940.2	1045	846	19.1855	7.4104
AT1G76940.3	1506	1307	38.8143	9.70409
AT1G76940.1	1426	1227	0.000138904	3.6992e-05
AT3G24710.1	201	17.0167	0	0
AT4G40010.1	1440	1241	27	7.10936
AT4G18800.1	1173	974	56	18.7874
AT5G42270.1	2491	2292	2505	357.134
AT5G26640.1	189	13.1915	0	0
AT1G74210.1	1417	1218	57	15.2921
AT5G48170.1	1121	922	16	5.67058
AT3G33494.1	597	398	0	0
AT5G61780.1	3607	3408	691.478	66.3005
AT3G55800.1	1747	1548	3876	818.184
AT1G55250.1	2779	2580	11.6981	1.48161
AT1G55250.3	2992	2793	0	0
AT1G55250.4	1793	1594	8.65419	1.77409
AT1G55250.2	1275	1076	13.6727	4.15222
AT1G55250.5	3254	3055	62.975	6.73589
AT5G52800.1	1697	1498	4	0.872542
AT5G52800.2	1539	1340	0	0
AT5G52800.3	1954	1755	0	0
AT2G40165.1	605	406	0	0
AT5G37350.1	2031	1832	96.4176	17.1977
AT5G37350.2	1917	1718	11.1439	2.11959
AT2G33610.1	1720	1521	90	19.3353
AT1G23190.1	2251	2052	573	91.2464
AT1G34650.1	2199	2000	1	0.163384
AT1G74820.1	772	573	0	0
AT5G51660.3	4851	4652	0	0
AT5G51660.2	4974	4775	0	0
AT5G51660.4	4815	4616	0	0
AT5G51660.1	4805	4606	162	11.4929
AT1G26410.1	1836	1637	0	0
AT4G17585.1	459	260	0	0
AT5G59780.1	1554	1355	101.926	24.5802
AT5G59780.2	1475	1276	3.89192	0.996669
AT5G59780.3	1423	1224	13.1817	3.51908
AT4G31940.1	1885	1686	147.942	28.673
AT2G33655.1	453	254	0	0
AT1G65640.1	1572	1373	0	0
AT1G65640.2	1557	1358	0	0
AT4G17010.1	1069	870	39	14.6482
AT4G24880.1	2032	1833	28.4738	5.076
AT4G24880.2	2471	2272	15.5262	2.23303
AT3G61940.1	1316	1117	0	0
AT1G51260.1	1524	1325	0	0
AT5G46795.1	727	528	0	0
AT4G21240.1	1254	1055	0	0
AT2G04046.1	388	189	0	0
AT2G33080.1	2436	2237	0	0
AT3G06480.2	3900	3701	25.6047	2.26068
AT3G06480.1	3696	3497	164.395	15.3614
AT3G09000.1	2305	2106	96	14.8954
AT4G27940.1	2091	1892	145	25.0429
AT1G22620.1	6664	6465	222.797	11.2611
AT1G16025.1	342	143	0	0
AT3G60250.3	1634	1435	17.4267	3.96828
AT3G60250.1	1486	1287	51.9819	13.1981
AT3G60250.2	1483	1284	93.5914	23.8182
AT1G03190.2	2676	2477	0	0
AT1G03190.1	2595	2396	45	6.13711
AT4G23680.1	920	721	22	9.9707
AT2G42140.1	993	794	0	0
AT1G79920.1	2456	2257	915.143	132.494
AT1G79920.3	2489	2290	0	0
AT1G79920.2	2541	2342	0	0
AT1G79920.4	2354	2155	0.000102738	1.55784e-05
AT4G32080.1	881	682	0	0
AT4G32080.3	592	393	1	0.831469
AT4G32080.2	754	555	0	0
AT5G47635.1	888	689	6	2.84558
AT5G04790.1	165	8.64817	0	0
AT1G75170.2	1204	1005	51.1202	16.6213
AT1G75170.3	1287	1088	33.5488	10.0759
AT1G75170.1	1435	1236	44.331	11.72
AT5G52640.1	2103	1904	121	20.7662
AT2G37435.1	698	499	0	0
AT1G71130.1	1155	956	24	8.20336
AT5G23270.1	2017	1818	1	0.17974
AT3G20230.1	1018	819	155	61.8424
AT1G54060.1	1765	1566	82	17.1104
AT1G33020.1	1647	1448	0	0
AT3G10740.4	2296	2097	146.342	22.8039
AT3G10740.1	2980	2781	40.6579	4.7773
AT3G10740.2	3168	2969	0	0
AT3G10740.3	3188	2989	0	0
AT2G02690.2	1920	1721	2.02532e-07	3.84549e-08
AT2G02690.1	1895	1696	4	0.770677
AT2G40530.1	780	581	4	2.24969
AT1G30300.1	1480	1281	8.68095	2.2144
AT1G30300.3	1326	1127	0	0
AT1G30300.2	1392	1193	20.0287	5.48593
AT1G30300.4	1290	1091	10.2904	3.08208
AT1G12780.1	2028	1829	58	10.3622
AT2G38620.3	1389	1190	0	0
AT2G38620.4	1004	805	12	4.87106
AT2G38620.1	1438	1239	0	0
AT2G38620.2	1234	1035	18	5.68291
AT5G05690.1	1929	1730	20.8354	3.93545
AT5G05690.3	1635	1436	61.256	13.939
AT5G05690.2	1718	1519	132.909	28.5913
AT5G63020.1	2975	2776	75	8.82836
AT5G39430.1	1536	1337	0	0
AT5G54740.1	830	631	0	0
AT5G51990.1	984	785	0	0
AT3G29200.1	1966	1767	386	71.3821
AT2G24195.1	490	291	0	0
AT2G24195.2	505	306	0	0
AT1G34460.9	1434	1235	0	0
AT1G34460.2	3455	3256	1.13761e-07	1.14169e-08
AT1G34460.6	1819	1620	2.33405	0.470797
AT1G34460.3	2173	1974	0	0
AT1G34460.4	2130	1931	0	0
AT1G34460.8	1476	1277	0	0
AT1G34460.5	1992	1793	0	0
AT1G34460.7	1603	1404	0	0
AT1G34460.1	3408	3209	2.01951	0.205643
ATMG00610.1	486	287	0	0
AT5G38378.1	264	65.044	0	0
AT3G27050.1	947	748	107	46.7434
AT5G16620.1	1853	1654	396	78.2344
AT1G23880.1	2281	2082	14	2.19728
AT1G23880.2	2372	2173	0	0
AT5G03140.1	2852	2653	152	18.7217
AT2G26960.1	1285	1086	0	0
AT1G66640.1	1251	1052	0	0
AT3G50220.1	1393	1194	7	1.91572
AT1G02590.1	270	71.016	0	0
AT3G20993.1	357	158	0	0
AT4G24460.2	1422	1223	0	0
AT4G24460.3	1693	1494	6.14828	1.34475
AT4G24460.1	1488	1289	24.1568	6.12385
AT4G24460.4	1547	1348	45.6949	11.0769
AT1G77960.2	1688	1489	0	0
AT1G77960.1	1622	1423	5	1.14816
AT3G25940.1	661	462	29	20.5114
AT5G03550.1	779	580	1	0.563392
AT5G01830.1	2865	2666	26	3.18678
AT5G01540.1	2494	2295	45	6.4072
AT1G15480.1	2155	1956	59	9.85647
AT4G11000.1	1541	1342	8	1.94794
AT4G01750.1	1651	1452	64.9255	14.6112
AT1G66000.1	1095	896	0	0
AT2G28605.1	956	757	93	40.1444
AT1G77932.1	804	605	0	0
AT2G03150.1	4483	4284	233	17.7723
AT2G03150.2	4532	4333	1.75441e-08	1.32306e-09
AT2G02750.1	2402	2203	6	0.889969
AT2G16520.1	496	297	0	0
AT3G53740.1	557	358	129.576	118.272
AT3G53740.4	682	483	40.0002	27.0616
AT3G53740.2	733	534	429.634	262.903
AT3G53740.3	594	395	200.789	166.105
AT1G33790.5	1818	1619	17.8912	3.61103
AT1G33790.2	2546	2347	58.8684	8.19611
AT1G33790.6	1521	1322	0	0
AT1G33790.4	1859	1660	0	0
AT1G33790.1	1606	1407	4.24034	0.984794
AT1G33790.3	1859	1660	0	0
AT1G62380.1	1452	1253	1937	505.146
AT3G04280.1	932	733	0	0
AT3G04280.2	1115	916	0	0
AT3G04280.3	718	519	0	0
AT1G73165.1	829	630	0	0
AT3G57600.1	1145	946	12	4.14504
AT4G14103.3	1153	954	0	0
AT4G14103.2	1608	1409	0	0
AT4G14103.1	1313	1114	1.08091	0.31706
AT5G01140.1	1422	1223	0	0
AT5G37070.1	907	708	27	12.4615
AT3G01810.1	3608	3409	75.9397	7.27914
AT3G01810.3	3402	3203	151.95	15.5018
AT3G01810.2	3441	3242	0.110065	0.0110937
AT5G18080.1	626	427	9.45155	7.23292
AT3G50580.1	889	690	0	0
AT3G46900.1	811	612	17	9.07686
AT2G19930.3	3109	2910	17.8661	2.00621
AT2G19930.1	3127	2928	0.0150519	0.0016798
AT2G19930.2	3316	3117	30.1188	3.15747
AT4G39710.1	1399	1200	79.3388	21.6044
AT4G39710.2	1083	884	0	0
AT4G39710.3	915	716	133.661	61.0001
AT2G24080.1	1125	926	0	0
AT4G00560.3	1309	1110	18.8469	5.54825
AT4G00560.1	1378	1179	24.194	6.70552
AT4G00560.2	1254	1055	0	0
AT4G00560.4	1218	1019	10.9591	3.51429
AT3G62720.2	1784	1585	45.5698	9.39476
AT3G62720.1	1956	1757	20.4302	3.79962
AT5G54540.1	1447	1248	260	68.0765
AT1G50620.1	2519	2320	85.0831	11.9838
AT1G08130.1	2754	2555	172	21.9976
AT4G38440.1	4624	4425	66	4.87381
AT5G06960.2	1677	1478	0	0
AT5G06960.3	1693	1494	30.5	6.67095
AT5G06960.1	1693	1494	30.5	6.67095
AT4G18310.1	864	665	0	0
AT5G52155.1	752	553	0	0
AT5G52155.2	699	500	0	0
AT1G74220.1	1146	947	0	0
AT1G56630.1	1841	1642	19	3.78111
AT1G02520.1	4310	4111	27.792	2.20907
AT1G02520.2	4306	4107	84.9696	6.76048
AT1G02520.3	4052	3853	62.9771	5.34099
AT4G32590.4	712	513	36.7615	23.4161
AT4G32590.2	1120	921	12.3818	4.39302
AT4G32590.3	724	525	16.6007	10.3325
AT4G32590.1	814	615	67.256	35.735
AT4G32590.5	950	751	0	0
AT4G23160.3	3156	2957	0	0
AT4G23160.1	2049	1850	0	0
AT4G23160.2	4004	3805	1.23475	0.106039
AT3G11990.1	653	454	0	0
AT5G60640.3	1781	1582	108.075	22.3232
AT5G60640.2	2065	1866	89.6574	15.7005
AT5G60640.1	2213	2014	274.268	44.4993
AT3G12030.1	747	548	21.2926	12.6965
AT2G29628.1	126	5.35093	0	0
AT3G02250.1	2652	2453	226	30.1057
AT2G36780.1	2028	1829	0	0
AT1G18770.1	321	122	0	0
AT5G01150.1	1687	1488	0	0
AT4G28706.4	1598	1399	0	0
AT4G28706.1	1438	1239	52.4957	13.8449
AT4G28706.3	1503	1304	0.00683985	0.00171399
AT4G28706.2	1578	1379	98.4974	23.3399
AT2G44040.1	1499	1300	156.71	39.3906
AT5G41890.1	1231	1032	1	0.316635
AT1G66950.1	4641	4442	28	2.05977
AT4G36850.1	1518	1319	0	0
AT4G36850.2	1619	1420	7	1.61082
AT4G36850.4	1481	1282	0	0
AT4G36850.3	1582	1383	0	0
AT5G50820.1	853	654	19	9.49323
AT5G50820.2	667	468	0	0
AT5G43290.1	1142	943	7	2.42563
AT1G74030.1	1971	1772	338	62.3292
AT3G30430.1	345	146	0	0
AT1G01610.1	1916	1717	401	76.3154
AT5G33280.1	2691	2492	85	11.1457
AT2G36300.1	1371	1172	72	20.0744
AT3G46140.1	1131	932	0	0
AT4G37150.1	1107	908	22	7.91727
AT1G61690.1	4074	3875	158	13.3237
AT3G18700.1	525	326	0	0
AT5G13060.1	2450	2251	41	5.95178
AT3G07340.2	2214	2015	12.1919	1.97712
AT3G07340.1	2123	1924	51.8081	8.79896
AT5G61520.2	2013	1814	5.78579e-08	1.04223e-08
AT5G61520.1	2103	1904	32	5.49188
AT3G55480.1	3621	3422	24.0473	2.29628
AT3G55480.2	3549	3350	142.953	13.944
AT2G34310.2	1149	950	43.5959	14.9955
AT2G34310.3	1387	1188	0	0
AT2G34310.5	1179	980	63.7819	21.2672
AT2G34310.7	1574	1375	0	0
AT2G34310.1	1628	1429	15.2834	3.49484
AT2G34310.6	1254	1055	7.33878	2.27305
AT2G34310.4	1520	1321	0	0
AT1G15380.2	864	665	126.239	62.031
AT1G15380.1	1193	994	252.761	83.0927
AT1G72320.4	3027	2828	121.135	13.9968
AT1G72320.2	2858	2659	38.0866	4.6805
AT1G72320.1	3307	3108	25.5393	2.68514
AT1G72320.3	2727	2528	60.239	7.78645
AT3G58585.1	276	77.0053	0	0
AT5G14000.3	1556	1357	0	0
AT5G14000.2	1508	1309	0	0
AT5G14000.1	1463	1264	41	10.5992
AT4G03570.1	1044	845	0	0
AT3G53075.1	651	452	0	0
AT3G53075.2	899	700	0	0
AT5G50930.1	893	694	0	0
AT4G03600.1	991	792	1	0.412585
AT4G19880.2	1496	1297	19.5859	4.93448
AT4G19880.1	1595	1396	106.701	24.9758
AT4G19880.3	1438	1239	206.714	54.5175
AT3G32200.1	447	248	0	0
AT2G42370.1	2148	1949	4	0.670635
AT1G01695.1	1658	1459	2	0.447933
AT1G78100.1	1551	1352	145	35.0453
AT5G64870.1	1860	1661	12	2.36075
AT5G35730.1	1868	1669	135	26.4311
AT4G23410.1	1289	1090	8	2.39829
AT5G16760.1	1698	1499	219	47.7398
AT3G51540.3	1529	1330	13.1615	3.23363
AT3G51540.1	1726	1527	3.28657	0.703303
AT3G51540.2	1709	1510	0	0
AT3G51540.4	1768	1569	12.552	2.61413
AT1G47830.1	948	749	93	40.5732
AT1G03010.3	2195	1996	5	0.818555
AT1G03010.1	2511	2312	0	0
AT1G03010.2	2234	2035	0	0
AT3G60820.2	1071	872	0	0
AT3G60820.1	1071	872	365.239	136.867
AT3G60820.3	915	716	94.7612	43.247
AT1G79840.5	1655	1456	0	0
AT1G79840.3	2570	2371	0	0
AT1G79840.1	2472	2273	0	0
AT1G79840.4	1988	1789	1.59842	0.291956
AT1G79840.2	2895	2696	28.1635	3.41354
AT1G79840.6	2232	2033	3.24283	0.521225
AT5G55600.2	3154	2955	10.4541	1.15603
AT5G55600.1	3264	3065	111.294	11.8653
AT5G55600.3	2377	2178	0.252253	0.0378458
AT1G76040.3	2210	2011	0	0
AT1G76040.2	2095	1896	28.2434	4.86763
AT1G76040.1	2413	2214	8.70761	1.28517
AT1G76040.4	1309	1110	13.049	3.84142
AT3G26085.3	983	784	32.6069	13.5904
AT3G26085.1	1171	972	39.2818	13.2058
AT3G26085.4	1345	1146	0	0
AT3G26085.2	1341	1142	33.1112	9.47431
AT5G37290.1	1031	832	23	9.03323
AT5G37290.3	1092	893	0	0
AT5G37290.2	1196	997	0	0
AT5G10695.1	570	371	4	3.5231
AT5G10695.2	487	288	0	0
AT5G13310.1	2063	1864	15.5983	2.73445
AT5G13310.2	1585	1386	20.4017	4.80995
AT5G43155.1	717	518	1	0.630825
AT4G23496.1	1074	875	13	4.85483
AT3G17190.1	381	182	0	0
AT3G17190.2	363	164	0	0
AT1G05420.1	961	762	9	3.85945
AT1G05420.2	1040	841	0	0
AT2G33810.1	981	782	2	0.835722
AT3G19720.1	2768	2569	374.191	47.5957
AT3G19720.3	2678	2479	0	0
AT3G19720.2	2660	2461	31.809	4.22355
AT3G05410.2	1032	833	50.2444	19.7098
AT3G05410.1	717	518	0.75557	0.476632
AT3G05410.3	698	499	0	0
AT5G60270.1	2321	2122	31	4.77369
AT5G18580.1	1812	1613	295	59.7621
AT3G63540.1	1163	964	314	106.437
AT3G57330.1	4180	3981	327.847	26.9102
AT3G57330.2	3925	3726	60.1532	5.27538
AT1G52880.1	1699	1500	22	4.79258
AT1G19960.1	921	722	8	3.62069
AT4G10895.1	1069	870	0	0
AT3G58000.1	881	682	5	2.39565
AT3G11670.1	3027	2828	388	44.8323
AT3G11670.2	2044	1845	0	0
AT2G25460.1	1802	1603	0	0
AT2G25460.2	2706	2507	5	0.651709
AT1G77525.1	428	229	1	1.42693
AT1G17220.1	3792	3593	1864	169.522
AT4G01930.1	2149	1950	3	0.502719
AT4G28370.3	2169	1970	0	0
AT4G28370.4	2143	1944	34.7	5.83273
AT4G28370.1	2383	2184	27.3	4.08459
AT4G28370.2	2359	2160	0	0
AT5G12110.1	1866	1667	127.738	25.0394
AT3G52430.1	2255	2056	64	10.1717
AT4G21960.1	1829	1630	4733	948.827
AT5G22580.1	944	745	144	63.1604
AT5G02170.1	2021	1822	0	0
AT5G02170.2	1711	1512	5	1.08058
AT5G54790.2	994	795	0	0
AT5G54790.1	881	682	6	2.87478
AT5G23480.3	2417	2218	8.10858	1.1946
AT5G23480.2	2530	2331	0	0
AT5G23480.5	1968	1769	0	0
AT5G23480.4	2224	2025	8.21396	1.32546
AT5G23480.1	1835	1636	13.6775	2.73187
AT5G23480.6	1928	1729	0	0
AT4G01940.1	1115	916	243.439	86.8426
AT1G53320.1	1517	1318	99	24.5447
AT1G56530.1	558	359	0	0
AT3G46000.2	1062	863	2.45584	0.929881
AT3G46000.3	1288	1089	4.72396	1.41748
AT3G46000.1	1120	921	200.82	71.2502
AT3G07005.1	566	367	0	0
AT5G05520.1	2000	1801	171	31.0256
AT5G22360.1	1270	1071	102	31.1207
AT4G13075.1	633	434	0	0
AT2G31270.1	2178	1979	127	20.9699
AT4G20380.6	1173	974	49.595	16.6386
AT4G20380.2	1260	1061	7.84718	2.41678
AT4G20380.3	1141	942	10.6007	3.67723
AT4G20380.4	1073	874	4.72033	1.76481
AT4G20380.1	1364	1165	0	0
AT4G20380.8	1248	1049	0	0
AT4G20380.5	1090	891	0.0520801	0.0191
AT4G20380.9	1464	1265	5.18474	1.33929
AT4G20380.7	1445	1246	0	0
AT1G34570.1	1158	959	51.2829	17.474
AT1G65710.1	1723	1524	29	6.21801
AT4G35740.1	2587	2388	0	0
AT4G35740.2	2407	2208	28	4.14379
AT4G35380.2	5409	5210	8.73411	0.547796
AT4G35380.1	5399	5200	79.2659	4.98106
AT3G51520.1	1330	1131	85	24.5581
AT1G68360.1	1061	862	14	5.30712
AT1G10550.1	1208	1009	17	5.50549
AT3G59890.1	1704	1505	17.5	3.79962
AT3G59890.2	1446	1247	46.7896	12.2609
AT1G79860.1	1936	1737	2	0.376243
AT1G21640.2	3474	3275	0	0
AT1G21640.1	3316	3117	256	26.8375
AT5G26060.1	796	597	0	0
AT1G08960.1	2190	1991	69	11.3244
AT3G17020.2	1236	1037	5.14791	1.62215
AT3G17020.1	903	704	251.852	116.899
AT1G18060.1	1191	992	421	138.678
AT3G07760.4	1759	1560	0	0
AT3G07760.10	878	679	11.7606	5.65978
AT3G07760.7	1588	1389	10.3512	2.43516
AT3G07760.5	938	739	0	0
AT3G07760.1	1094	895	14.1487	5.16572
AT3G07760.9	1523	1324	2.40686e-07	5.94019e-08
AT3G07760.2	1038	839	64.3271	25.0536
AT3G07760.6	1409	1210	5.41239	1.46165
AT3G07760.3	1858	1659	0	0
AT3G07760.11	1057	858	0	0
AT3G07760.8	1578	1379	0	0
AT1G13730.2	1785	1586	146.435	30.1703
AT1G13730.1	1962	1763	109.565	20.3076
AT3G61970.1	1943	1744	20	3.74733
AT5G56960.1	1715	1516	1	0.215546
AT5G56960.2	2045	1846	0	0
AT3G30200.1	1533	1334	0	0
AT3G08600.1	1844	1645	146	29.0018
AT1G65560.1	1424	1225	27.8037	7.4166
AT1G65560.2	1904	1705	5.1963	0.995884
AT1G76270.1	2314	2115	40	6.17999
AT2G17785.1	608	409	0	0
AT3G21500.1	2223	2024	0	0
AT3G21500.3	2426	2227	0	0
AT3G21500.2	2400	2201	0	0
AT2G29600.1	2057	1858	1.02223	0.17978
AT3G48187.1	2541	2342	27	3.76717
AT3G57220.1	1692	1493	101	22.1055
AT1G03440.1	2147	1948	112	18.7874
AT5G39400.1	1807	1608	0	0
AT2G36885.2	954	755	0	0
AT2G36885.1	1047	848	40	15.4135
AT4G09260.1	465	266	0	0
AT1G23580.1	1087	888	0	0
AT2G06000.1	2513	2314	44.9674	6.34999
AT2G06000.2	2424	2225	34.0326	4.99808
AT4G17340.1	1353	1154	259	73.3385
AT3G44050.1	4338	4139	83	6.55271
AT1G69500.1	1743	1544	0	0
AT3G57740.2	1472	1273	0	0
AT3G57740.1	1106	907	3	1.08082
AT2G26850.1	1890	1691	0	0
AT2G26850.2	1877	1678	0	0
AT1G15757.1	255	56.1701	0	0
AT1G28150.1	1014	815	78	31.2734
AT1G28150.2	1117	918	0	0
AT3G15650.3	1194	995	0	0
AT3G15650.2	1081	882	44.1246	16.3475
AT3G15650.1	1440	1241	32.1863	8.47497
AT4G12810.1	1149	950	1	0.343965
AT5G10630.1	2280	2081	95.9418	15.0652
AT5G10630.5	2254	2055	0	0
AT5G10630.4	2641	2442	15.7526	2.10788
AT5G10630.2	2647	2448	0	0
AT5G10630.3	2857	2658	12.3056	1.51281
AT1G30170.1	1370	1171	0	0
AT1G72270.1	7385	7186	2	0.0909455
AT5G26910.4	3762	3563	0	0
AT5G26910.2	3394	3195	1.13553e-08	1.16136e-09
AT5G26910.3	3323	3124	45.1925	4.72709
AT5G26910.1	3484	3285	40.8075	4.05922
AT3G18490.1	2205	2006	1175	191.401
AT3G44235.1	600	401	0	0
AT2G28100.1	1772	1573	64.71	13.4425
AT3G19220.1	980	781	38	15.899
AT1G23650.1	87	3.88332	0	0
AT5G46025.1	342	143	0	0
AT3G52105.1	496	297	13	14.3029
AT3G52105.2	369	170	0	0
AT2G04235.3	4180	3981	0	0
AT2G04235.1	3981	3782	0	0
AT2G04235.4	3941	3742	0	0
AT2G04235.2	4106	3907	45	3.76363
AT5G07320.1	2089	1890	78	13.4856
AT1G21950.1	793	594	0	0
AT3G57550.2	1777	1578	64.0184	13.2567
AT3G57550.1	1994	1795	181.982	33.1285
AT3G57550.3	1652	1453	1.26099e-05	2.83585e-06
AT3G03600.1	1159	960	99	33.6979
AT1G25330.1	1002	803	0	0
AT5G22940.2	2043	1844	0.648771	0.114966
AT5G22940.1	2253	2054	87.3512	13.8965
AT5G19640.1	2177	1978	0	0
AT1G53450.1	2302	2103	11.8024	1.83387
AT1G53450.3	1673	1474	0	0
AT1G53450.2	2330	2131	29.7971	4.56908
AT5G27765.1	388	189	1	1.72893
AT5G42230.1	2293	2094	0	0
AT5G42230.2	2453	2254	0	0
AT5G17420.1	3403	3204	69	7.03712
AT3G60390.1	1447	1248	45	11.7825
AT2G23580.1	1126	927	0	0
AT2G23580.2	1065	866	0	0
AT5G08790.1	1530	1331	151	37.0713
AT2G41140.1	2443	2244	416	60.5771
AT5G47175.1	334	135	0	0
AT5G23360.1	1010	811	11.5204	4.6418
AT1G35830.1	1837	1638	8	1.59593
AT1G75430.2	1292	1093	4	1.19585
AT1G75430.1	1194	995	0	0
AT1G12230.1	1594	1395	343.921	80.5606
AT1G12230.2	1720	1521	28.0791	6.03242
AT1G70895.1	1820	1621	17	3.42692
AT1G70895.2	1447	1248	0	0
AT4G20310.7	1987	1788	0	0
AT4G20310.2	2046	1847	0	0
AT4G20310.6	1915	1716	17.9557	3.4192
AT4G20310.9	1924	1725	0.044275	0.00838702
AT4G20310.1	1807	1608	0	0
AT4G20310.8	1996	1797	0	0
AT4G20310.4	2024	1825	0	0
AT4G20310.3	2149	1950	0	0
AT4G20310.5	1959	1760	0	0
AT5G55980.1	708	509	0	0
AT1G78850.1	1676	1477	947.573	209.638
AT2G28671.1	1834	1635	35.2702	7.04903
AT1G63190.1	902	703	0	0
AT5G23908.1	210	20.9285	0	0
AT3G42160.1	462	263	0	0
AT5G58610.7	3276	3077	0	0
AT5G58610.3	3764	3565	9	0.824938
AT5G58610.8	3176	2977	0	0
AT5G58610.2	3894	3695	0	0
AT5G58610.9	2879	2680	0	0
AT5G58610.4	3636	3437	0	0
AT5G58610.5	3431	3232	0	0
AT5G58610.1	3198	2999	0	0
AT5G58610.11	2802	2603	0	0
AT5G58610.6	3241	3042	0	0
AT5G58610.10	3090	2891	0	0
AT4G29210.2	2295	2096	21.0672	3.28438
AT4G29210.1	2172	1973	51.9328	8.60109
AT5G45210.3	2459	2260	0	0
AT5G45210.1	2262	2063	22	3.48467
AT5G45210.5	2315	2116	0	0
AT5G45210.2	2466	2267	0	0
AT5G45210.4	2386	2187	0	0
AT2G45490.2	1170	971	0	0
AT2G45490.1	1160	961	9	3.06025
ATMG00240.1	336	137	0	0
AT3G59920.1	1866	1667	632.479	123.979
AT2G14700.1	669	470	0	0
AT2G01200.2	1625	1426	0	0
AT2G01200.1	1105	906	0	0
AT1G02880.5	1638	1439	0	0
AT1G02880.2	1406	1207	0	0
AT1G02880.4	1167	968	44.3494	14.971
AT1G02880.1	1361	1162	15.2242	4.28121
AT1G02880.6	1194	995	0	0
AT1G02880.3	1255	1056	12	3.71326
AT1G38790.1	453	254	0	0
AT1G79400.1	2352	2153	0	0
AT3G03140.1	3218	3019	72	7.79305
AT5G41190.1	2060	1861	226	39.6826
AT5G19960.2	1087	888	1.93252	0.711129
AT5G19960.1	1413	1214	26.0675	7.01647
AT4G03550.1	6041	5842	364	20.36
AT2G22795.1	2679	2480	162.392	21.397
AT2G22795.3	2453	2254	7.03813	1.02033
AT2G22795.2	2561	2362	50.5696	6.99596
AT5G13420.1	1708	1509	1127	244.047
AT4G22990.3	2703	2504	0	0
AT4G22990.1	2431	2232	11	1.61041
AT4G22990.2	2555	2356	19	2.63522
AT2G29760.1	2738	2539	26	3.34618
AT2G45120.1	1424	1225	10	2.66749
AT5G54720.1	1502	1303	15	3.76171
AT5G27495.1	312	113	0	0
AT1G64590.1	1429	1230	19	5.04762
AT2G30400.1	1363	1164	3	0.842183
AT4G11911.2	853	654	0	0
AT4G11911.1	1007	808	0	0
AT2G04045.1	457	258	0	0
AT1G64320.2	1934	1735	5	0.941692
AT1G64320.1	2137	1938	0	0
AT1G03165.1	228	32.1317	0	0
AT4G34340.2	478	279	0	0
AT4G34340.1	1372	1173	33	9.19294
AT5G35695.1	636	437	0	0
AT3G18940.1	1316	1117	65	19.0151
AT3G06550.1	2482	2283	44.6461	6.39022
AT3G06550.2	2404	2205	18.5431	2.74797
AT3G06550.3	2145	1946	249.811	41.9476
AT2G03610.1	651	452	0	0
AT2G19790.1	849	650	110	55.2991
AT3G20555.1	333	134	0	0
AT3G51250.2	2174	1975	25.4849	4.21652
AT3G51250.1	1747	1548	81.5151	17.207
AT4G20707.1	816	617	1	0.529606
AT3G16200.1	1668	1469	71	15.7934
AT4G26080.1	2169	1970	202	33.5061
AT5G10810.1	753	554	50	29.4916
AT5G61430.1	1511	1312	9	2.24154
AT5G61430.2	1555	1356	0	0
AT1G77270.2	2721	2522	9.67419	1.25345
AT1G77270.1	2630	2431	14.3258	1.92563
AT2G32230.2	2236	2037	0	0
AT2G32230.1	2014	1815	285	51.3105
AT5G38290.1	1232	1033	0	0
AT5G38290.2	1137	938	49	17.0699
AT1G52360.2	3181	2982	0	0
AT1G52360.4	3699	3500	36.4726	3.40516
AT1G52360.1	3578	3379	428.778	41.4651
AT1G52360.3	3496	3297	31.2676	3.09895
AT1G31550.2	1406	1207	16	4.33163
AT1G31550.1	1460	1261	0	0
AT1G64340.2	1277	1078	0	0
AT1G64340.1	1230	1031	0	0
AT5G45820.1	1923	1724	102	19.3331
AT3G10815.1	1052	853	5	1.9154
AT1G67030.1	1111	912	103	36.9046
AT5G61670.2	1740	1541	146.603	31.0869
AT5G61670.1	2188	1989	44.3973	7.29391
AT5G38391.1	537	338	0	0
AT3G13480.1	1336	1137	30.3146	8.71223
AT3G13480.2	1112	913	23.6854	8.47713
AT2G24350.1	2068	1869	7.26824	1.27074
AT2G24350.2	2270	2071	6.73176	1.06215
AT3G48835.1	1365	1166	1	0.280246
AT3G48050.1	5958	5759	148.883	8.44768
AT3G48050.2	5878	5679	379.993	21.8646
AT4G09784.1	213	22.4695	0	0
AT4G20700.2	2217	2018	0	0
AT4G20700.1	1943	1744	0	0
AT5G14230.2	2192	1993	0	0
AT5G14230.1	2638	2439	77	10.3161
AT3G31910.1	1580	1381	0	0
AT2G42465.1	1312	1113	0	0
AT5G12170.3	1788	1589	0.00369551	0.000759958
AT5G12170.2	1840	1641	77.9963	15.5312
AT3G51290.3	2592	2393	17.4655	2.38493
AT3G51290.1	2037	1838	16.4716	2.9284
AT3G51290.2	3021	2822	14.9962	1.73645
AT4G15240.1	2128	1929	54	9.14745
AT5G01760.1	1872	1673	0	0
AT1G28390.1	2100	1901	54.3143	9.3362
AT1G28390.2	1680	1481	16.6857	3.68153
AT4G23290.1	2246	2047	25.3194	4.04179
AT4G23290.2	2375	2176	168.681	25.3306
AT3G56500.1	333	134	1	2.43856
AT2G40490.1	1555	1356	813	195.916
AT1G21925.1	303	104	0	0
AT1G48600.1	1770	1571	706.615	146.976
AT1G48600.2	1956	1757	182.385	33.9199
AT1G19850.1	3615	3416	54.5106	5.21437
AT1G19850.2	3051	2852	130.489	14.9508
AT5G67150.1	1628	1429	69	15.7781
AT1G59640.1	1448	1249	10	2.61623
AT1G59640.2	1718	1519	0	0
AT3G02620.1	1373	1174	4.55634	1.2682
AT3G02620.2	1505	1306	0	0
AT3G02620.3	1658	1459	0	0
AT5G42770.3	1032	833	11.7789	4.62062
AT5G42770.2	1028	829	12.3276	4.85918
AT5G42770.1	1032	833	18.8934	7.41147
AT2G46450.4	2686	2487	346.88	45.5765
AT2G46450.2	2130	1931	105.725	17.891
AT2G46450.1	3379	3180	41.2987	4.24373
AT2G46450.3	2195	1996	68.1516	11.1572
AT2G18710.1	1836	1637	343	68.4674
AT5G55680.1	1235	1036	5	1.57706
AT1G80460.1	2128	1929	257	43.5351
AT1G80460.2	1914	1715	6.61422e-05	1.26024e-05
AT5G45680.1	896	697	234	109.704
AT3G06500.1	2671	2472	62	8.19562
AT3G06500.2	2717	2518	3.9816e-08	5.16703e-09
AT4G37220.1	866	667	10	4.89906
AT5G24180.1	1128	929	0	0
AT4G23800.2	1608	1409	0	0
AT4G23800.1	1626	1427	255.03	58.3991
AT5G47940.1	2599	2400	50	6.80765
AT5G36659.1	325	126	0	0
AT2G31725.1	776	577	31	17.5559
AT5G62100.4	1397	1198	0	0
AT5G62100.5	1521	1322	7.16531	1.7711
AT5G62100.1	1152	953	20.6712	7.0878
AT5G62100.3	1616	1417	0	0
AT5G62100.2	1360	1161	11.1635	3.14199
AT5G62100.6	1318	1119	0	0
AT5G02550.1	665	466	22	15.4268
AT5G42655.1	430	231	0	0
AT5G42655.2	870	671	2	0.973971
AT3G11490.1	2064	1865	153	26.8072
AT1G53700.1	1861	1662	14	2.75255
AT4G38880.1	1599	1400	0	0
AT2G20100.1	1680	1481	21.8724	4.82591
AT2G20100.3	1818	1619	0	0
AT2G20100.4	2183	1984	5.12765	0.844529
AT2G20100.2	2438	2239	0	0
AT3G03500.1	1280	1081	5.85964	1.77126
AT3G03500.3	1358	1159	0	0
AT3G03500.2	1381	1182	4.14036	1.14461
AT5G25010.1	1432	1233	12	3.18022
AT5G19270.1	1098	899	0	0
AT1G75240.1	1708	1509	121	26.202
AT5G38397.1	243	44.7603	0	0
AT5G16180.1	2367	2168	53	7.98831
AT5G16180.2	2458	2259	0	0
AT5G52430.1	1981	1782	71	13.0193
AT5G44582.1	534	335	9	8.77882
AT2G25110.1	1476	1277	172	44.0125
AT3G26539.1	236	38.5618	0	0
AT3G05345.1	777	578	61.4174	34.7218
AT3G42148.1	108	4.54805	0	0
AT5G66000.1	937	738	18	7.96993
AT3G28715.2	1484	1285	0	0
AT3G28715.1	1546	1347	248.493	60.2817
AT5G54960.1	2280	2081	72	11.3057
AT3G57920.1	1455	1256	3.83701	0.998254
AT4G32285.1	2545	2346	241.437	33.6291
AT4G32285.2	2647	2448	109.563	14.6248
AT3G61340.2	1497	1298	0	0
AT3G61340.1	1428	1229	0	0
AT3G09220.1	2126	1927	33	5.59591
AT3G09220.2	2501	2302	0	0
AT5G58240.3	670	471	27.2696	18.9189
AT5G58240.2	748	549	0	0
AT5G58240.1	818	619	62.7304	33.1151
AT1G22230.1	1389	1190	24	6.59026
AT5G49945.1	1854	1655	77	15.2031
AT4G02235.1	591	392	0	0
AT5G49180.1	2176	1977	0	0
AT5G17470.1	454	255	0	0
AT5G14890.1	1632	1433	6	1.36818
AT4G33700.1	1883	1684	37.4222	7.26149
AT4G33700.3	1680	1481	0	0
AT4G33700.2	1793	1594	12.5778	2.57842
AT3G28430.1	3344	3145	105	10.9096
AT5G07870.1	1847	1648	55	10.9055
AT2G40060.1	1123	924	309	109.276
AT1G61120.1	2926	2727	0	0
AT1G69160.1	1778	1579	145	30.0071
AT1G24040.3	1020	821	3.23186	1.28632
AT1G24040.2	1524	1325	10.1205	2.4959
AT1G24040.1	1440	1241	26.4483	6.96409
AT1G32780.1	1741	1542	15	3.17867
AT1G18370.1	3474	3275	175	17.4608
AT3G43210.3	3477	3278	0	0
AT3G43210.5	3510	3311	0	0
AT3G43210.2	3423	3224	0	0
AT3G43210.4	3315	3116	0	0
AT3G43210.1	3249	3050	58	6.21393
AT4G38600.3	6873	6674	0.728296	0.0356583
AT4G38600.2	5954	5755	390.846	22.1921
AT4G38600.1	6955	6756	551.426	26.6708
AT3G55490.1	907	708	13.6697	6.30905
AT5G38350.1	2592	2393	8	1.09241
AT5G04190.1	1742	1543	5	1.05887
AT3G52800.2	1373	1174	6.1456	1.71054
AT3G52800.1	1212	1013	269.854	87.0479
AT4G29270.1	991	792	28	11.5524
AT1G04680.1	2074	1875	479	83.4781
AT2G30790.1	1010	811	7	2.82043
ATMG00820.1	513	314	0	0
AT5G40855.1	237	39.4185	0	0
AT5G51200.1	5704	5505	0	0
AT5G51200.3	5758	5559	71.8261	4.22206
AT5G51200.2	6024	5825	249.174	13.978
AT3G13225.1	3455	3256	72.0351	7.22934
AT3G13225.3	2881	2682	0.00640043	0.00077981
AT3G13225.2	3003	2804	29.9585	3.49124
AT4G09560.1	2223	2024	28	4.52049
AT5G02310.2	6769	6570	5.1073	0.254018
AT5G02310.1	6746	6547	286.173	14.2832
AT5G02310.3	6252	6053	63.7198	3.43987
AT5G52310.1	2663	2464	198	26.2581
AT5G25560.4	2834	2635	0	0
AT5G25560.1	1524	1325	24.5796	6.06174
AT5G25560.5	2849	2650	132.551	16.3447
AT5G25560.3	1722	1523	17.645	3.78582
AT5G25560.6	2912	2713	106.372	12.8119
AT5G25560.2	2752	2553	2.85249	0.3651
AT2G45770.1	1600	1401	163	38.0179
AT1G72080.1	904	705	0	0
AT1G11050.1	2491	2292	60	8.55411
AT3G28880.1	1605	1406	4	0.929636
AT2G36640.2	1693	1494	0	0
AT2G36640.1	1603	1404	0	0
AT1G76130.2	1939	1740	8.70916	1.63556
AT1G76130.1	1574	1375	119.291	28.3493
AT2G28110.1	1868	1669	25	4.89465
AT3G29380.1	1011	812	0	0
AT1G51570.1	3215	3016	532.07	57.6469
AT4G24820.1	1696	1497	191.923	41.8932
AT4G24820.2	1462	1263	380.077	98.3346
AT4G24690.1	2742	2543	731	93.9311
AT3G16175.1	726	527	16	9.92082
AT1G76965.1	1295	1096	0	0
AT4G21366.1	339	140	0	0
AT3G08770.2	604	405	3.75755e-08	3.03171e-08
AT3G08770.1	726	527	278	172.374
AT3G32280.1	1425	1226	0	0
AT5G05750.1	1566	1367	65	15.5376
AT3G45280.3	1616	1417	0	0
AT3G45280.1	1275	1076	0	0
AT3G45280.2	1678	1479	0	0
AT4G04614.1	889	690	43.3393	20.5244
AT4G04614.2	995	796	3.66068	1.50275
AT5G47590.2	1287	1088	0	0
AT5G47590.1	1201	1002	4	1.30446
AT4G15430.2	2930	2731	15.517	1.85663
AT4G15430.1	2754	2555	64.483	8.24693
AT1G64385.2	1655	1456	13.664	3.06659
AT1G64385.1	1606	1407	73.336	17.0318
AT1G43850.2	3591	3392	188.431	18.1525
AT1G43850.1	3852	3653	54.849	4.90634
AT5G12860.1	2392	2193	1109.01	165.247
AT5G12860.2	1866	1667	1835.99	359.893
AT2G40390.1	1726	1527	19	4.06586
AT5G13810.1	1770	1571	156	32.4479
AT3G54800.2	2620	2421	1	0.134972
AT3G54800.1	2898	2699	0	0
AT3G28970.2	1193	994	21.375	7.02681
AT3G28970.1	1305	1106	29.625	8.75269
AT1G76310.3	1826	1627	16.9207	3.39836
AT1G76310.1	2094	1895	26.4899	4.56782
AT1G76310.4	1240	1041	0	0
AT1G76310.2	2053	1854	15.5894	2.74763
AT3G01760.1	1453	1254	2	0.52116
AT2G19910.1	3368	3169	3.12036e-06	3.21752e-07
AT2G19910.2	3326	3127	14	1.46298
AT5G14515.1	728	529	0	0
AT1G03540.1	1929	1730	10	1.88883
AT3G47650.1	908	709	634	292.201
AT2G15240.1	1495	1296	83	20.9272
AT1G66930.3	2183	1984	7.75279	1.27689
AT1G66930.2	2695	2496	2.30107	0.301248
AT1G66930.1	2276	2077	0	0
AT5G39630.1	624	425	0	0
AT4G24440.2	681	482	0	0
AT4G24440.1	720	521	92	57.7017
AT2G04020.1	1178	979	1	0.333776
AT2G04020.2	969	770	0	0
AT1G51210.1	1566	1367	0	0
AT1G06515.1	633	434	6.08544	4.58185
AT1G06515.2	680	481	56.9146	38.6649
AT1G50030.1	8200	8001	288.799	11.7948
AT1G50030.2	7926	7727	13.2006	0.55824
AT3G62250.1	992	793	1814.31	747.613
AT1G32520.1	983	784	66	27.5085
AT2G20510.2	1537	1338	0	0
AT2G20510.4	1277	1078	0	0
AT2G20510.3	1528	1329	0	0
AT2G20510.1	1419	1220	0	0
AT4G09467.1	538	339	0	0
AT1G15350.1	979	780	42.0161	17.6019
AT1G15350.6	1457	1258	0	0
AT1G15350.3	1210	1011	12.2141	3.94773
AT1G15350.5	1091	892	0	0
AT1G15350.4	1317	1118	8.23669	2.40741
AT1G15350.2	1169	970	19.5331	6.58019
AT5G51451.1	549	350	6	5.60172
AT2G16595.1	1291	1092	26	7.78017
AT1G09780.1	1966	1767	1614.17	298.505
AT1G29435.1	498	299	0	0
AT5G43070.1	994	795	38	15.6191
AT4G09775.1	426	227	0	0
AT2G20060.1	1413	1214	132	35.5299
AT4G09460.1	1042	843	39	15.1173
AT5G62930.1	1067	868	74	27.858
AT5G62930.2	1080	881	2.8677e-06	1.06364e-06
AT5G62930.3	1381	1182	0	0
AT2G01045.1	603	404	0.5	0.404415
AT3G15740.1	785	586	0	0
AT3G08010.1	1280	1081	210	63.4793
AT1G72630.1	994	795	29	11.9198
AT5G13800.2	2096	1897	1.21426e-07	2.09163e-08
AT5G13800.1	2147	1948	0.0847348	0.0142138
AT5G13800.3	2102	1903	47.7044	8.19139
AT5G13800.4	2015	1816	50.2109	9.03484
AT2G23990.2	681	482	0	0
AT2G23990.1	868	669	0	0
AT5G02210.1	486	287	0	0
AT3G61640.1	862	663	80	39.4289
AT5G11800.1	2318	2119	63	9.71511
AT5G61495.1	432	233	0.579422	0.812602
AT4G00650.1	2121	1922	52	8.84073
AT1G33320.2	1280	1081	0	0
AT1G33320.3	1166	967	1	0.337918
AT1G33320.1	1396	1197	0	0
AT1G58210.1	1242	1043	20	6.26591
AT1G58007.4	1069	870	7.63158	2.86638
AT1G58007.1	727	528	1.36842	0.846884
AT1G58007.3	1207	1008	0	0
AT1G58007.2	1038	839	0	0
AT1G29900.1	4007	3808	962	82.5499
AT5G44390.1	1985	1786	38	6.95249
AT2G35520.3	707	508	6.51282	4.18932
AT2G35520.2	629	430	43.9021	33.3623
AT2G35520.1	728	529	0	0
AT1G60690.1	1283	1084	34	10.2492
AT4G16400.1	1225	1026	35.4443	11.2885
ATCG01240.1	468	269	4	4.85899
AT5G13000.1	6346	6147	797.953	42.4182
AT5G13000.2	6037	5838	0.0466311	0.00261006
AT5G20610.1	3862	3663	149	13.2919
AT1G05820.4	1648	1449	2.62595	0.592185
AT1G05820.1	2178	1979	0	0
AT1G05820.3	2471	2272	0	0
AT1G05820.2	2041	1842	9.37405	1.66294
AT2G48140.1	932	733	36.1975	16.1366
AT2G48140.2	851	652	13.8025	6.91747
AT4G26440.1	1708	1509	0	0
AT4G15000.1	866	667	594.833	291.412
AT4G15000.2	561	362	574.167	518.284
AT1G03240.1	547	348	2.14135	2.0107
AT4G22440.1	267	68.0268	0	0
AT3G27473.1	2196	1997	0	0
AT3G27473.4	1968	1769	0	0
AT3G27473.3	2078	1879	5	0.869524
AT3G27473.2	1979	1780	0	0
AT5G65720.2	1743	1544	159.405	33.7359
AT5G65720.3	2014	1815	37.0408	6.66872
AT5G65720.1	1916	1717	282.555	53.7738
AT4G10860.1	843	644	1	0.507402
AT3G27025.3	1614	1415	0	0
AT3G27025.1	1391	1192	0	0
AT3G27025.2	1739	1540	7	1.48531
AT2G19660.2	2206	2007	10	1.62814
AT2G19660.1	2138	1939	0	0
AT5G27690.1	1438	1239	24	6.32963
AT2G14920.1	1002	803	4	1.62773
AT2G15780.1	1106	907	1	0.360272
AT5G54640.1	859	660	90	44.5592
AT5G52600.1	839	640	2	1.02115
AT5G48880.3	1615	1416	102.804	23.7238
AT5G48880.2	2489	2290	20.5311	2.92964
AT5G48880.1	1639	1440	42.721	9.69431
AT5G48880.4	1613	1414	14.9439	3.45346
AT1G69570.1	1928	1729	32	6.04774
AT1G34270.1	1754	1555	28	5.88391
AT4G05090.1	1507	1308	68.4419	17.0983
AT4G05090.2	1335	1136	14.5581	4.18761
AT2G48120.1	1277	1078	59.1016	17.9151
AT2G48120.2	1259	1060	7.89843	2.43485
AT4G14320.2	679	480	0	0
AT4G14320.1	690	491	650	432.584
AT1G16030.1	2570	2371	19	2.61855
AT1G70990.1	966	767	7	2.98223
AT4G00570.1	2340	2141	473	72.191
AT5G42140.2	3960	3761	16.0726	1.39644
AT5G42140.1	3726	3527	78.9274	7.31241
AT4G15520.1	1034	835	51	19.9582
AT2G36355.2	690	491	1.8805	1.2515
AT2G36355.3	404	205	5.21486	8.31242
AT2G36355.4	493	294	2	2.22291
AT2G36355.1	749	550	0	0
AT4G39990.1	1045	846	181	69.9112
AT4G31880.1	3482	3283	107.054	10.6554
AT4G31880.2	3298	3099	218.946	23.0862
AT1G21860.1	1617	1418	1	0.230442
AT2G37070.1	1877	1678	0	0
AT2G37070.2	1680	1481	5	1.1032
AT3G25720.1	849	650	0	0
AT3G10270.1	2193	1994	20.9633	3.43537
AT3G10270.2	2759	2560	239.717	30.5983
AT5G67590.1	824	625	354	185.081
AT3G22790.1	5612	5413	0.00813226	0.000490921
AT3G22790.3	5537	5338	243.073	14.8798
AT3G22790.2	5563	5364	0.918814	0.0559728
AT5G08310.2	2499	2300	0	0
AT5G08310.1	3258	3059	11	1.17504
AT5G58960.1	1880	1681	56.8381	11.0487
AT5G58960.2	2120	1921	42.7562	7.27293
AT5G58960.3	1823	1624	20.4057	4.10586
AT5G01880.1	1358	1159	24.383	6.87451
AT3G04220.3	3333	3134	7	0.729856
AT3G04220.2	3471	3272	0	0
AT3G04220.1	2604	2405	0	0
AT3G56570.2	1831	1632	0	0
AT3G56570.1	1736	1537	21.0102	4.46679
AT1G02305.1	1407	1208	203.801	55.1286
AT5G60530.1	1783	1584	64	13.2027
AT2G43800.1	3277	3078	187.02	19.8544
AT1G64610.2	2435	2236	7.86139	1.14886
AT1G64610.1	2536	2337	23.1386	3.23532
AT5G04180.1	1140	941	0	0
AT3G05760.1	889	690	40	18.943
AT3G05760.2	751	552	14	8.28757
AT4G11310.1	1375	1176	0	0
AT1G22780.1	778	579	731	412.551
AT1G10360.1	1018	819	119	47.479
AT5G37510.2	2527	2328	75.6634	10.6204
AT5G37510.1	2740	2541	954.337	122.726
AT3G06560.1	1790	1591	0	0
AT2G46494.1	1089	890	1	0.367154
AT4G10270.1	477	278	12	14.1051
AT5G27790.1	984	785	0	0
AT3G62810.1	813	614	69	36.7214
AT3G62810.2	802	603	0	0
AT1G07170.4	766	567	0	0
AT1G07170.3	935	736	3.95633	1.75652
AT1G07170.6	535	336	9.8671	9.59596
AT1G07170.1	858	659	24.1766	11.988
AT1G07170.2	778	579	0	0
AT1G07170.5	633	434	0	0
AT5G51100.4	1201	1002	8.58173	2.79863
AT5G51100.1	1134	935	48.8433	17.0699
AT5G51100.5	1031	832	0	0
AT5G51100.3	1304	1105	0	0
AT5G51100.2	1308	1109	0	0
AT5G51100.6	945	746	22.5749	9.8884
AT4G08350.1	3517	3318	347	34.1737
AT1G74130.1	1180	981	0	0
AT1G74130.2	1137	938	0	0
AT1G15360.1	1171	972	0	0
AT1G15360.2	1033	834	2	0.783614
AT4G36120.2	3198	2999	10.7892	1.17558
AT4G36120.1	3383	3184	17.2108	1.76631
AT3G24982.1	3939	3740	10.3992	0.908585
AT1G77010.1	2118	1919	1	0.17028
AT5G13640.2	3123	2924	10.628	1.18772
AT5G13640.1	2936	2737	186.356	22.2488
AT5G13640.3	2332	2133	77.0162	11.7986
AT3G16550.1	1500	1301	0	0
AT2G07708.2	487	288	0	0
AT2G07708.1	1310	1111	1.25679	0.369646
AT3G25400.1	939	740	19	8.38997
AT1G26130.2	4740	4541	4.50049	0.323852
AT1G26130.4	4764	4565	0.0105966	0.000758515
AT1G26130.3	4897	4698	29.968	2.08441
AT1G26130.1	4062	3863	24.521	2.0742
AT1G59500.1	1794	1595	0	0
AT1G62190.1	1191	992	0	0
AT5G20710.2	2227	2028	2	0.322256
AT5G20710.1	2821	2622	0	0
AT2G10955.1	444	245	0	0
AT3G61830.1	2367	2168	67.75	10.2115
AT3G61830.2	2239	2040	40.25	6.44724
AT4G16660.2	3405	3206	61.3669	6.25474
AT4G16660.1	3061	2862	395.633	45.1712
AT2G25760.2	2613	2414	169.474	22.9405
AT2G25760.1	3301	3102	13.5262	1.42486
AT5G67470.1	3328	3129	209	21.8262
AT3G06470.1	1600	1401	55	12.8281
AT1G77765.2	756	557	2	1.17331
AT1G77765.1	834	635	0	0
AT1G77765.4	837	638	0	0
AT1G77765.3	1078	879	0	0
AT1G47500.1	1873	1674	187.867	36.6718
AT1G47500.2	1886	1687	41.43	8.02487
AT1G52155.1	1475	1276	21	5.37783
AT1G34070.1	927	728	0	0
AT5G13530.1	5648	5449	135.016	8.09668
AT5G13530.2	5149	4950	74.9839	4.94996
AT5G47060.2	1191	992	0	0
AT5G47060.1	1135	936	75	26.1833
AT2G38890.2	1067	868	0	0
AT2G38890.4	1169	970	0.0277597	0.00935151
AT2G38890.1	1166	967	0.97224	0.328538
AT2G38890.3	1247	1048	0	0
AT5G58100.1	3449	3250	0	0
AT5G58100.2	3221	3022	242	26.1673
AT2G37940.1	2031	1832	92.7595	16.5452
AT2G37940.2	1715	1516	124.241	26.7795
AT2G41370.1	2174	1975	72	11.9125
AT5G46100.1	1541	1342	12	2.92191
AT1G32710.1	405	206	0	0
AT5G09910.1	1535	1336	0	0
AT5G09910.4	1452	1253	0	0
AT5G09910.2	1386	1187	0	0
AT5G09910.3	1367	1168	0	0
AT5G09910.5	1079	880	0	0
AT2G20725.1	1772	1573	115	23.8895
AT3G58210.1	1196	997	0	0
AT5G67090.1	2453	2254	11	1.59469
AT2G43220.1	2465	2266	0	0
AT4G31640.1	1278	1079	0	0
AT1G07640.3	3097	2898	19.4843	2.19697
AT1G07640.2	2840	2641	85.3704	10.5628
AT1G07640.1	2957	2758	47.1453	5.58576
AT4G11060.1	1139	940	48	16.686
AT2G15690.1	2783	2584	141	17.8306
AT1G68780.1	2149	1950	79	13.2383
AT2G47590.1	1821	1622	673	135.582
AT5G65207.1	518	319	33	33.8035
AT1G69790.1	1605	1406	7	1.62686
AT1G69790.2	1375	1176	0	0
AT3G25650.1	534	335	0	0
AT5G52710.2	1736	1537	0	0
AT5G52710.1	1603	1404	4	0.93096
AT1G10560.1	2567	2368	8	1.10394
AT3G58620.1	2740	2541	81.9977	10.5447
AT3G58620.2	2730	2531	0.00233593	0.000301582
AT3G51710.1	1782	1583	6	1.23854
AT2G44550.1	1473	1274	0	0
AT1G68300.1	759	560	91	53.0997
AT3G50760.1	1566	1367	31	7.41023
AT2G18740.2	579	380	51.1149	43.9544
AT2G18740.1	748	549	79.8851	47.5479
AT2G39705.1	1468	1269	25	6.43749
AT5G43580.1	681	482	47	31.8632
AT2G19220.1	1320	1121	0	0
AT5G57550.1	1184	985	1	0.331743
AT2G12905.1	219	25.9389	0	0
AT3G26742.1	833	634	0	0
AT4G33050.6	2045	1846	13.5013	2.38992
AT4G33050.3	1949	1750	111.345	20.7907
AT4G33050.2	1966	1767	0.562974	0.10411
AT4G33050.1	2011	1812	17.5911	3.17229
AT4G33050.5	2112	1913	0	0
AT4G33050.4	2034	1835	3.29919e-08	5.87502e-09
AT1G61790.1	1942	1743	93.5508	17.5383
AT1G61790.2	1234	1035	196.449	62.0223
AT3G57340.1	1629	1430	0	0
AT3G57340.2	1505	1306	132	33.027
AT4G08910.1	968	769	4	1.6997
AT5G24215.1	375	176	0	0
AT2G23820.2	1252	1053	63.8182	19.8041
AT2G23820.1	1153	954	17.1818	5.88517
AT1G20480.1	1917	1718	21	3.99424
AT3G22030.1	762	563	0	0
AT5G51930.1	1749	1550	2.06117	0.434531
AT5G51930.2	1847	1648	1.93883	0.384432
AT5G51110.2	850	651	539.245	270.672
AT5G51110.1	1586	1387	248.755	58.605
AT1G23890.2	1266	1067	12.8043	3.92131
AT1G23890.1	1404	1205	26.1957	7.10363
AT1G63250.1	2715	2516	24	3.11702
AT1G35820.1	864	665	0	0
AT4G11690.1	1746	1547	5	1.05613
AT4G11690.2	1782	1583	0	0
AT3G10040.1	2073	1874	23	4.01048
AT2G03220.1	1896	1697	85	16.3672
AT5G06010.1	417	218	0	0
AT3G54400.1	1708	1509	1275	276.095
AT5G64600.1	2004	1805	41	7.42241
AT1G80590.1	820	621	0	0
AT3G02120.1	614	415	54	42.5191
AT2G18040.1	1171	972	352	118.335
AT5G37430.1	1824	1625	0	0
AT1G24430.1	1512	1313	18	4.47967
AT4G32890.1	1395	1196	23	6.28398
AT5G57950.1	1013	814	41	16.4588
AT5G57950.2	1036	837	0	0
AT1G62640.2	1826	1627	153.712	30.8715
AT1G62640.1	1937	1738	78.2883	14.7192
AT1G61810.2	2012	1813	0	0
AT1G61810.5	1523	1324	0	0
AT1G61810.3	1696	1497	0	0
AT1G61810.4	1814	1615	0	0
AT1G61810.1	1826	1627	0	0
AT5G15853.1	289	90.0004	0	0
AT3G28280.1	936	737	0	0
AT3G59670.1	2067	1868	169	29.563
AT2G40450.1	814	615	0	0
AT4G21926.1	707	508	0	0
AT2G44750.2	1009	810	15.4264	6.22327
AT2G44750.1	1003	804	0	0
AT1G53300.1	2941	2742	336	40.0415
AT5G57060.7	1151	952	0	0
AT5G57060.4	1277	1078	0	0
AT5G57060.8	980	781	0	0
AT5G57060.9	941	742	27	11.8904
AT5G57060.3	1392	1193	0	0
AT5G57060.2	1106	907	0	0
AT5G57060.5	1067	868	0	0
AT5G57060.1	981	782	0	0
AT5G57060.6	1266	1067	0	0
AT1G54180.2	1936	1737	8.86209	1.66715
AT1G54180.1	1892	1693	11.1379	2.14974
AT3G16110.1	2000	1801	114	20.6838
AT3G24315.1	1217	1018	40	12.8396
AT5G18000.2	1021	822	0	0
AT5G18000.1	1264	1065	0	0
AT1G05720.1	840	641	56.8306	28.9709
AT1G13860.4	2629	2430	29.1871	3.92485
AT1G13860.3	2778	2579	1.37571	0.174307
AT1G13860.1	2819	2620	0	0
AT1G13860.5	2749	2550	33.9988	4.35674
AT1G13860.2	2528	2329	10.9309	1.53364
AT1G75220.1	2378	2179	229	34.3413
AT4G28090.1	1644	1445	0	0
AT4G04605.1	937	738	0	0
AT4G16430.1	1831	1632	119	23.8268
AT1G05575.1	710	511	4	2.55786
AT1G05200.6	3261	3062	0	0
AT1G05200.2	3305	3106	197.64	20.7927
AT1G05200.4	2321	2122	4.01761	0.618672
AT1G05200.7	2765	2566	0	0
AT1G05200.3	2781	2582	0	0
AT1G05200.1	3388	3189	20.6202	2.11289
AT1G05200.5	2249	2050	8.72219	1.39031
AT5G27200.1	644	445	0	0
AT4G17800.1	1595	1396	69	16.1511
AT2G04650.1	1619	1420	13.0876	3.01168
AT2G04650.2	1402	1203	11.9124	3.23574
AT4G37483.1	228	32.1317	0	0
AT3G02660.1	1779	1580	74.6978	15.4486
AT3G02660.2	1902	1703	10.3022	1.97677
AT2G43235.1	1539	1340	97	23.654
AT1G15040.2	1481	1282	0	0
AT1G15040.1	1426	1227	2	0.532628
AT3G19800.1	971	772	83.5188	35.3513
AT3G19800.2	926	727	0.481227	0.216299
AT3G42830.1	348	149	0	0
AT1G02710.1	291	92.0002	0	0
AT3G54363.1	468	269	5	6.07374
AT5G28610.1	801	602	2	1.08561
AT3G32150.1	726	527	0	0
AT2G29710.1	1771	1572	3.05879	0.635822
AT3G62740.1	1816	1617	14.9922	3.02965
AT3G62740.2	1901	1702	5.65989	1.08664
AT4G30520.1	2604	2405	61	8.28806
AT1G27600.2	1637	1438	32.1107	7.29674
AT1G27600.1	1890	1691	86.8893	16.7904
AT5G01740.1	859	660	51	25.2502
AT2G05120.2	3899	3700	2.53937e-05	2.24266e-06
AT2G05120.1	4194	3995	95	7.77043
AT3G24542.1	961	762	0	0
AT3G53240.1	3160	2961	78.4172	8.65388
AT3G53240.3	2810	2611	0.00174435	0.000218306
AT3G53240.2	2918	2719	13.9899	1.6813
AT2G06990.1	4330	4131	202	15.9784
AT5G56360.1	2453	2254	251	36.388
AT4G00800.2	5911	5712	122.104	6.98524
AT4G00800.1	6256	6057	122.896	6.63006
AT3G01520.1	1024	825	145	57.4318
AT3G25890.1	2079	1880	73.4281	12.7627
AT3G25890.2	2111	1912	17.5719	3.0031
AT1G44170.1	1683	1484	45.1278	9.93685
AT1G44170.3	1531	1332	37.5407	9.20951
AT1G44170.2	1895	1696	62.3315	12.0094
AT5G04920.1	1902	1703	139	26.671
AT3G58200.1	1387	1188	6	1.65034
AT2G35030.1	2407	2208	15	2.21989
AT4G17960.1	1108	909	19	6.83012
AT2G26040.1	1285	1086	15	4.51336
AT1G34575.1	1730	1531	0	0
AT5G66490.1	567	368	29	25.7507
AT4G18253.1	1042	843	9	3.48862
AT5G44575.1	657	458	10	7.13465
AT5G18525.1	5280	5081	86	5.5308
AT3G62615.1	114	4.78619	0	0
AT2G11000.1	2616	2417	32.2267	4.35689
AT2G11000.3	2516	2317	3.79428e-06	5.35108e-07
AT2G11000.4	2195	1996	0	0
AT2G11000.2	2541	2342	58.7733	8.20034
AT1G07400.1	858	659	25	12.3963
AT3G22240.1	621	422	22.7589	17.6229
AT5G09450.1	1640	1441	77	17.4608
AT3G52730.1	718	519	283.199	178.305
AT3G52730.2	1119	920	1.80054	0.639519
AT3G63410.1	1361	1162	1869	525.583
AT1G20720.2	4227	4028	53	4.29957
AT1G20720.1	3658	3459	0	0
AT1G55610.1	4306	4107	34	2.70516
AT1G55610.2	4414	4215	0	0
AT1G69523.1	1314	1115	58	16.9978
AT3G20390.2	1139	940	50.6407	17.6039
AT3G20390.1	1066	867	694.359	261.7
AT1G64584.1	374	175	0	0
AT4G00165.1	728	529	101.132	62.4702
AT4G00165.2	592	393	60.8676	50.6095
AT1G72545.1	343	144	0	0
AT5G55270.1	1372	1173	0	0
AT1G78830.1	1956	1757	163.503	30.4083
AT5G27980.1	891	692	0	0
AT1G60050.1	1479	1280	3	0.76586
AT3G03410.1	396	197	0	0
AT3G22183.1	243	44.7603	1.27499	9.30792
AT3G16290.1	3093	2894	340	38.3901
AT5G60540.1	1174	975	71	23.7953
AT1G27330.1	906	707	160.436	74.1518
AT1G79460.1	2660	2461	26	3.45223
AT2G31160.1	1789	1590	46	9.45364
AT1G20823.1	1006	807	56	22.6753
AT1G15180.1	1854	1655	148.061	29.2336
AT1G15180.2	1838	1639	0	0
AT4G11100.1	1289	1090	55.8518	16.7436
AT4G11100.2	1265	1066	35.1482	10.7742
AT1G15590.1	880	681	0	0
AT1G15590.2	854	655	0	0
AT4G23720.1	1230	1031	2	0.633884
AT4G13590.2	1431	1232	0	0
AT4G13590.1	1483	1284	299	76.093
AT4G37050.1	1541	1342	13.0591	3.1798
AT1G50890.1	2968	2769	35	4.13032
AT5G58680.1	1416	1217	2	0.537004
AT2G30570.1	958	759	3810	1640.29
AT2G20780.2	1850	1651	10.0416	1.98745
AT2G20780.1	2094	1895	64.9584	11.2012
AT4G32270.1	1046	847	61	23.5334
AT2G07672.1	1320	1121	0	0
AT4G17180.1	1781	1582	24	4.95728
AT5G07570.3	4215	4016	0	0
AT5G07570.1	4515	4316	0	0
AT5G07570.2	4311	4112	0	0
AT5G40760.2	1982	1783	115.443	21.1571
AT5G40760.1	2081	1882	131.557	22.8419
AT4G35240.4	3307	3108	116	12.1959
AT4G35240.3	3519	3320	0	0
AT4G35240.2	3210	3011	0	0
AT4G35240.1	3219	3020	0	0
AT3G01380.2	3466	3267	106	10.6022
AT3G01380.1	3408	3209	0	0
AT1G48030.2	1719	1520	428.39	92.0945
AT1G48030.5	2016	1817	402.997	72.4746
AT1G48030.3	2421	2222	6.52606	0.959722
AT1G48030.1	2321	2122	35.5119	5.46848
AT1G48030.4	2116	1917	58.5749	9.98453
AT5G11000.1	1950	1751	83	15.4892
AT4G25820.1	1167	968	65	21.942
AT3G06035.1	1070	871	83	31.1385
AT2G04621.1	404	205	0	0
AT4G24750.1	1528	1329	290	71.3036
AT2G41920.1	1049	850	0	0
ATMG00570.1	861	662	0	0
AT4G22730.2	1973	1774	0	0
AT4G22730.1	2639	2440	47	6.29428
AT2G34500.1	2245	2046	9	1.43739
AT3G26700.3	1851	1652	66.3449	13.1231
AT3G26700.4	1860	1661	9.16925	1.80386
AT3G26700.2	2548	2349	0	0
AT3G26700.1	2384	2185	15.184	2.27076
AT3G26700.5	2372	2173	11.3019	1.69954
AT4G16015.2	1720	1521	2.58235	0.554785
AT4G16015.1	1902	1703	4.41765	0.847647
AT1G55152.1	885	686	7.16818	3.41447
AT5G49560.1	975	776	24	10.1062
AT3G49040.1	1130	931	0	0
AT4G18205.1	1578	1379	24.9541	5.91311
AT1G57690.1	993	794	0	0
AT4G27550.2	2401	2202	0	0
AT4G27550.1	2428	2229	0	0
AT2G18120.1	1238	1039	14	4.40302
AT2G18120.2	1106	907	0	0
AT3G62570.1	1974	1775	14	2.57732
AT5G64910.4	1483	1284	1.52127	0.38715
AT5G64910.3	1558	1359	1.47873	0.355556
AT5G64910.5	1487	1288	0	0
AT5G64910.2	1538	1339	0	0
AT5G64910.1	1526	1327	0	0
AT5G13130.2	2556	2357	1	0.138637
AT5G13130.1	2453	2254	0	0
AT5G50335.1	695	496	33	21.7406
AT5G12250.1	1966	1767	774.785	143.279
AT5G24780.2	1094	895	0	0
AT5G24780.1	1318	1119	2	0.584034
AT5G19180.1	1775	1576	117.248	24.3101
AT5G19180.2	2009	1810	5.75243	1.03851
AT3G28410.1	1398	1199	0	0
AT1G64230.5	1052	853	0	0
AT1G64230.2	885	686	224.583	106.977
AT1G64230.4	1019	820	12.8246	5.11057
AT1G64230.3	929	730	0	0
AT1G64230.1	974	775	515.592	217.392
AT5G05170.1	3825	3626	2169	195.465
AT3G59780.1	2734	2535	876	112.918
AT2G31190.1	1687	1488	32	7.02725
AT2G31190.2	1673	1474	0	0
AT1G23300.1	2436	2237	0	0
AT5G28090.1	621	422	0	0
AT2G47110.2	659	460	570.073	404.959
AT2G47110.1	711	512	600.615	383.323
AT4G35050.1	1624	1425	56.3881	12.9304
AT5G24840.1	935	736	49	21.7549
AT3G50710.1	1592	1393	1	0.234578
AT2G18980.1	1202	1003	158	51.4748
AT5G52210.1	992	793	20.6232	8.49811
AT5G52210.2	1111	912	17.3768	6.22604
AT5G19473.1	682	483	0	0
AT5G19473.2	698	499	0	0
AT3G51570.2	3623	3424	1	0.0954343
AT3G51570.1	3930	3731	0	0
AT1G67330.1	1323	1124	106	30.8161
AT3G24480.1	1682	1483	587.496	129.45
AT1G58223.1	1415	1216	0	0
AT4G31680.1	1390	1191	0	0
AT4G31680.2	1371	1172	0	0
AT3G58240.1	1025	826	0	0
AT2G29670.1	2340	2141	135.625	20.6995
AT2G29670.2	2362	2163	40.3753	6.09954
AT5G16930.1	2419	2220	67.049	9.8691
AT4G29100.2	2283	2084	37.0152	5.80391
AT4G29100.1	1837	1638	153.985	30.7187
AT4G13650.1	3884	3685	23	2.03952
AT5G48605.1	349	150	0	0
AT3G26870.1	393	194	0	0
AT5G61280.1	936	737	0	0
AT5G61280.2	871	672	2	0.972521
AT5G61280.3	979	780	0	0
AT4G36220.1	1992	1793	1066	194.274
AT1G27910.1	2968	2769	119	14.0431
AT1G49040.2	3338	3139	0	0
AT1G49040.1	3992	3793	212.221	18.2829
AT1G49040.3	3337	3138	0	0
AT1G49040.4	4553	4354	26.7788	2.00975
AT4G19450.1	2050	1851	155.903	27.5225
AT4G19450.2	2092	1893	69.0967	11.9274
AT4G09320.1	450	251	915	1191.2
AT1G27420.1	1278	1079	8	2.42274
AT5G14460.1	1928	1729	134	25.3249
AT3G59960.3	1073	874	0	0
AT3G59960.2	1493	1294	0	0
AT3G59960.1	1415	1216	0	0
AT3G59960.4	1060	861	0	0
AT4G02130.3	1703	1504	75.1295	16.323
AT4G02130.1	1900	1701	94.9797	18.2459
AT4G02130.2	2366	2167	8.89083	1.34067
AT2G37450.1	1453	1254	18.3385	4.77864
AT2G37450.3	2288	2089	81.4701	12.7438
AT2G37450.2	1462	1263	39.1914	10.1397
AT1G54400.1	725	526	3	1.86369
AT1G69380.1	1460	1261	28	7.25573
AT5G42130.1	1663	1464	144	32.141
AT1G51915.1	565	366	0	0
AT5G66830.1	1437	1238	3	0.791843
AT2G28755.1	281	82.002	0	0
AT2G28755.2	393	194	0	0
AT1G23020.1	2622	2423	16.2519	2.19174
AT1G23020.4	2730	2531	2.8204	0.36413
AT1G23020.6	2615	2416	0	0
AT1G23020.3	2726	2527	17.3331	2.24134
AT1G23020.7	2603	2404	142.326	19.3459
AT1G23020.5	2626	2427	2.44636	0.329373
AT1G23020.2	2271	2072	198.819	31.3551
AT3G62710.1	2282	2083	0	0
AT3G18530.2	1436	1237	0	0
AT3G18530.3	1366	1167	1	0.280006
AT3G18530.1	1432	1233	0	0
AT5G46460.1	2284	2085	6	0.940337
AT2G01900.2	1871	1672	0	0
AT2G01900.1	1898	1699	5.73294	1.10261
AT2G01900.3	1753	1554	10.2671	2.15891
ATMG00010.1	462	263	0	0
AT3G05280.1	1316	1117	103	30.1316
AT3G03650.1	1909	1710	8	1.52874
AT3G18810.1	2501	2302	0	0
AT3G43291.1	832	633	0	0
AT4G20970.1	940	741	1	0.440981
AT3G59530.3	1577	1378	0	0
AT3G59530.2	1441	1242	21	5.52505
AT3G59530.1	1528	1329	0	0
AT1G66040.1	2028	1829	5.04899	0.902046
AT2G35765.1	455	256	0	0
AT3G45490.1	795	596	0	0
AT2G15970.2	752	553	268.695	158.771
AT2G15970.1	1086	887	329.305	121.315
AT5G56369.1	443	244	0	0
AT5G20810.1	1262	1063	2	0.614802
AT5G20810.2	1368	1169	0	0
AT1G69150.1	2174	1975	1	0.165452
AT2G26150.1	1845	1646	14.7324	2.92471
AT2G26150.3	1535	1336	19.7897	4.84029
AT2G26150.4	1504	1305	8.22677	2.05995
AT2G26150.2	1876	1677	29.2511	5.69964
AT3G55600.2	1209	1010	0	0
AT3G55600.1	1093	894	33	12.0619
AT1G55160.1	1873	1674	26.4322	5.1596
AT1G55160.2	924	725	44.3186	19.975
AT1G55160.3	919	720	28.0811	12.7444
AT5G14290.1	642	443	0	0
AT5G18280.1	2067	1868	208	36.3852
AT5G16280.1	4412	4213	230.319	17.8639
AT5G16280.2	4409	4210	1.68112	0.130483
AT1G51680.3	2036	1837	717.381	127.608
AT1G51680.1	2220	2021	942.465	152.383
AT1G51680.2	1911	1712	78.1537	14.9171
AT1G59722.1	471	272	0	0
AT3G05530.1	1706	1507	556	120.559
AT1G06450.1	1380	1181	14	3.87362
AT3G01050.2	1015	816	55.1144	22.0705
AT3G01050.3	1238	1039	2.30572	0.725153
AT3G01050.1	1106	907	0	0
AT3G01050.4	1185	986	3.55957	1.17966
AT3G01050.5	908	709	3.02033	1.39202
AT5G17540.1	1507	1308	3	0.749466
ATCG00570.1	120	5.05223	0	0
AT4G30935.1	1752	1553	64	13.4663
AT1G16520.1	1415	1216	76	20.4229
AT1G63057.1	611	412	0	0
AT1G63057.2	425	226	0	0
AT2G32520.2	1522	1323	0	0
AT2G32520.1	1118	919	134.728	47.905
AT2G32520.3	1364	1165	0	0
AT2G32520.4	1390	1191	26.2721	7.2081
AT1G56460.3	1847	1648	13.6494	2.70642
AT1G56460.1	1874	1675	28.1417	5.49002
AT1G56460.2	2166	1967	20.2089	3.3572
AT5G47300.1	1251	1052	0	0
AT3G47760.1	2691	2492	4.12587	0.54101
AT3G47760.3	2811	2612	0	0
AT3G47760.2	2825	2626	0	0
AT4G01200.1	1116	917	4	1.42537
AT2G34640.1	2084	1885	231	40.0441
AT4G01510.4	927	728	0	0
AT4G01510.9	809	610	0	0
AT4G01510.3	1037	838	3.80909	1.48531
AT4G01510.7	941	742	0	0
AT4G01510.1	938	739	0	0
AT4G01510.6	1008	809	0	0
AT4G01510.8	817	618	4.19091	2.21594
AT4G01510.2	1190	991	0	0
AT4G01510.5	1012	813	0	0
AT3G32050.1	528	329	0	0
AT2G45340.1	2410	2211	277	40.9383
AT5G41920.1	1782	1583	30	6.19268
AT1G35780.2	2528	2329	8.71696	1.22302
AT1G35780.4	1355	1156	0	0
AT1G35780.1	1654	1455	99.8145	22.4166
AT1G35780.3	2448	2249	8.46852	1.23043
AT5G11440.1	901	702	4	1.86192
AT5G11440.2	1127	928	0	0
AT4G22760.1	2934	2735	14	1.67267
AT3G15190.1	1007	808	1083	437.981
AT3G50090.1	969	770	0	0
AT1G36272.1	186	12.4336	0	0
AT2G30080.1	1276	1077	29	8.79874
AT1G67220.1	4212	4013	0	0
AT5G66430.1	1065	866	0	0
AT3G13420.3	1701	1502	0	0
AT3G13420.4	1464	1265	5	1.29157
AT3G13420.1	1872	1673	0	0
AT3G13420.2	2049	1850	0	0
AT1G49290.1	1274	1075	0	0
AT3G52120.3	1682	1483	0	0
AT3G52120.4	1595	1396	19.2824	4.51352
AT3G52120.1	1712	1513	164.809	35.5942
AT3G52120.2	1800	1601	4.90901	1.00194
AT1G77400.1	1351	1152	24	6.80765
AT2G26250.1	2255	2056	1221	194.058
AT5G46510.1	4708	4509	75.925	5.50228
AT5G46510.2	5243	5044	77.7999	5.04014
AT3G44770.1	1767	1568	0	0
AT3G44770.2	1577	1378	4	0.948526
AT1G73530.1	877	678	82	39.5205
AT1G66100.1	992	793	569	234.465
AT5G44850.1	996	797	0	0
AT1G27360.2	1694	1495	37.6916	8.23839
AT1G27360.1	2735	2536	7.30836	0.941692
AT1G27360.3	2528	2329	0	0
AT1G27360.4	2632	2433	0	0
AT1G54940.1	1974	1775	9	1.65685
AT2G41225.1	509	310	0	0
AT1G76100.1	824	625	467.036	244.179
AT1G76100.2	1048	849	90.9643	35.0108
AT4G30150.1	6468	6269	46.0956	2.4027
AT4G30150.2	6196	5997	108.904	5.93403
AT5G03420.1	2046	1847	123	21.7609
AT2G26940.1	1185	986	0	0
AT1G07780.5	1567	1368	0	0
AT1G07780.6	2007	1808	0	0
AT1G07780.10	1271	1072	44.0292	13.421
AT1G07780.7	1381	1182	33.2294	9.18635
AT1G07780.4	1537	1338	0	0
AT1G07780.13	1652	1453	6.84571	1.53954
AT1G07780.11	1941	1742	0	0
AT1G07780.3	1852	1653	0	0
AT1G07780.8	1690	1491	0	0
AT1G07780.12	1916	1717	0	0
AT1G07780.2	1573	1374	0	0
AT1G07780.1	1599	1400	0.00414857	0.000968297
AT1G07780.9	1535	1336	0	0
AT5G08620.1	2056	1857	176.793	31.1093
AT1G56415.1	499	300	0	0
AT1G13910.1	1426	1227	22	5.85891
AT1G13910.2	1507	1308	0	0
AT1G66060.1	1630	1431	0	0
AT3G47950.1	3256	3057	18.7544	2.00468
AT3G47950.2	2930	2731	1.24562	0.14904
AT1G04210.1	4016	3817	303	25.9393
AT3G05550.1	743	544	2	1.20135
AT3G30290.1	1227	1028	0	0
AT2G04360.4	1315	1116	8.97469e-07	2.62781e-07
AT2G04360.2	1485	1286	6.24327	1.58639
AT2G04360.3	1428	1229	11.2719	2.99697
AT2G04360.1	1362	1163	129.485	36.3812
AT4G12570.1	3315	3116	47	4.92877
AT3G23175.1	1265	1066	74	22.6836
AT4G24700.1	783	584	51	28.5362
AT2G27505.1	1146	947	3	1.03517
AT2G15090.1	1953	1754	80	14.9039
AT5G49320.1	1006	807	1	0.404916
AT2G43200.2	2063	1864	12.6803	2.22291
AT2G43200.1	1916	1717	25.3197	4.81867
AT3G05120.1	1914	1715	64	12.1942
AT5G16990.1	1956	1757	76.1913	14.1701
AT3G22970.1	1935	1736	233	43.8576
AT3G22970.2	1933	1734	0	0
AT5G50175.1	971	772	0	0
ATMG01410.1	615	416	0	0
AT5G45580.3	1546	1347	0	0
AT5G45580.1	887	688	5.27621	2.50595
AT5G45580.2	1488	1289	10.7238	2.71853
AT5G22791.2	1198	999	0	0
AT5G22791.1	1323	1124	0	0
AT5G29624.1	1467	1268	0	0
AT1G18740.1	1628	1429	95	21.7235
AT1G47330.1	1847	1648	62	12.2934
AT1G47330.2	1882	1683	0	0
AT1G60750.1	993	794	17.2109	7.08308
AT1G68120.1	810	611	4	2.13923
AT3G03940.1	3152	2953	365	40.3894
AT5G07780.1	1800	1601	6.28237	1.28224
AT3G29310.1	2179	1980	111	18.3188
AT4G28540.1	2184	1985	158	26.0097
AT1G35242.1	576	377	0	0
AT1G72940.1	1785	1586	46.6979	9.62127
AT5G43820.1	1763	1564	14	2.92503
AT2G26550.4	1498	1299	0	0
AT2G26550.1	1379	1180	0	0
AT2G26550.3	1259	1060	0	0
AT2G26550.2	1414	1215	95	25.5497
AT4G09720.6	852	653	73.153	36.6064
AT4G09720.4	1141	942	28.2427	9.79701
AT4G09720.5	1229	1030	0	0
AT4G09720.1	1289	1090	28.6043	8.57518
AT4G09720.3	1062	863	0	0
AT4G09720.2	1398	1199	0	0
AT3G15500.1	1542	1343	6	1.45987
AT3G59140.1	4868	4669	198	13.8573
AT2G01120.2	1457	1258	2.57363e-07	6.68503e-08
AT2G01120.1	1672	1473	38	8.42984
AT5G62600.1	3654	3455	138	13.0518
AT2G26120.1	315	116	1	2.81696
AT1G62500.1	1580	1381	202	47.7965
AT3G48320.1	1623	1424	50.683	11.6303
AT3G59650.1	745	546	75	44.8856
AT3G59650.2	749	550	0	0
AT1G56330.1	1002	803	492	200.211
AT3G56260.1	1010	811	18	7.25254
AT3G56260.2	1055	856	0	0
AT2G23445.1	384	185	0	0
AT1G05100.1	1341	1142	5	1.43068
AT3G04500.1	1153	954	99.7145	34.1545
AT3G04500.3	1322	1123	3.83473	1.11582
AT3G04500.2	1368	1169	3.45072	0.96457
AT2G45180.1	970	771	2869	1215.95
AT5G25020.1	973	774	4.7023	1.98522
AT5G45980.1	1151	952	0	0
AT4G05010.1	1061	862	17	6.44436
AT2G28040.2	1379	1180	0	0
AT2G28040.1	1405	1206	3	0.812854
AT3G09100.2	2824	2625	215.307	26.802
AT3G09100.1	2214	2015	7.69309	1.24757
AT1G21980.1	3114	2915	223	24.998
AT5G59650.1	2954	2755	0	0
AT5G59650.2	2679	2480	11	1.44937
AT4G15755.1	870	671	0	0
AT1G67035.1	675	476	0	0
AT1G67035.2	981	782	5	2.0893
AT4G16270.1	1047	848	1	0.385339
AT2G41630.1	1417	1218	209	56.0709
AT4G17610.1	5644	5445	1.5268e-08	9.16268e-10
AT4G17610.3	5774	5575	73	4.27874
AT4G17610.2	6313	6114	0	0
AT3G43720.2	784	585	219.051	122.357
AT3G43720.1	955	756	241.949	104.578
AT1G53530.1	1002	803	21.1316	8.59913
AT1G53530.2	926	727	13.8684	6.23349
AT1G45145.1	840	641	181	92.2697
AT5G26667.3	1059	860	66.4177	25.2362
AT5G26667.1	1118	919	58.2467	20.7107
AT5G26667.2	1134	935	134.336	46.9481
AT5G26667.4	1305	1106	0	0
AT1G58460.2	1016	817	0	0
AT1G58460.1	859	660	3	1.48531
AT1G78500.2	2416	2217	0	0
AT1G78500.1	2304	2105	0	0
AT1G50680.1	1014	815	0	0
AT5G06100.5	2443	2244	6.75114	0.983088
AT5G06100.2	2206	2007	7.15936e-08	1.16564e-08
AT5G06100.3	2266	2067	35.0231	5.53672
AT5G06100.4	2537	2338	10.2257	1.42918
AT5G06100.1	1741	1542	0	0
AT2G03520.1	1361	1162	0	0
AT5G08430.1	2670	2471	116.071	15.3493
AT5G08430.2	2831	2632	14.9292	1.85348
AT3G62695.1	201	17.0167	0	0
AT4G14090.1	1648	1449	36.2265	8.16952
AT3G13540.1	1337	1138	0	0
AT4G30850.2	1521	1322	0	0
AT4G30850.1	1429	1230	71	18.8622
AT1G56620.1	608	409	0	0
AT5G41685.1	575	376	127.787	111.055
AT1G32980.1	879	680	0	0
AT1G80030.2	2159	1960	104.461	17.4155
AT1G80030.3	2091	1892	147.205	25.4238
AT1G80030.4	1660	1461	30.2588	6.76769
AT1G80030.1	2114	1915	50.0752	8.54461
AT2G44410.1	1953	1754	124	23.101
AT4G22260.1	1604	1405	109	25.3506
AT2G21750.1	408	209	0	0
AT1G31720.2	824	625	5.04511	2.63772
AT1G31720.6	1429	1230	0	0
AT1G31720.5	1448	1249	0	0
AT1G31720.1	773	574	0	0
AT1G31720.3	983	784	2.95489	1.23158
AT1G31720.7	834	635	0	0
AT1G31720.4	764	565	0	0
AT5G37460.1	1890	1691	0	0
AT1G25155.1	1029	830	0	0
AT2G01500.1	1367	1168	0	0
AT3G01220.1	1397	1198	40	10.9104
AT5G14920.1	1908	1709	79.9273	15.2824
AT5G14920.2	1556	1357	118.073	28.432
AT1G35030.1	651	452	0	0
AT1G78580.4	3035	2836	320.366	36.9129
AT1G78580.1	5000	4801	82.0689	5.5858
AT1G78580.2	4804	4605	0	0
AT1G78580.3	4771	4572	5.56547	0.397772
AT5G23130.1	1784	1585	25	5.15406
AT3G22820.1	634	435	0	0
AT3G16470.2	1131	932	51.2943	17.9842
AT3G16470.1	1836	1637	201.394	40.201
AT3G16470.4	1770	1571	5.31161	1.10481
AT3G16470.3	2169	1970	0	0
AT3G26680.1	2253	2054	10.4021	1.65484
AT3G26680.2	2360	2161	17.462	2.64045
AT3G26680.4	1380	1181	0	0
AT3G26680.3	2218	2019	19.1359	3.09707
AT3G20997.1	231	34.449	0	0
AT5G11610.1	1957	1758	0	0
AT5G11610.3	1376	1177	1.32937	0.369068
AT5G11610.2	1880	1681	6.67063	1.29669
AT4G13810.2	2547	2348	22.5523	3.13857
AT4G13810.3	2926	2727	11.2894	1.35278
AT4G13810.1	2443	2244	2.1582	0.314274
AT1G56210.1	1486	1287	31	7.87085
AT4G23580.1	1152	953	0	0
AT1G73990.2	2438	2239	0	0
AT1G73990.1	2360	2161	238	35.9882
AT4G31550.1	1177	978	93.9428	31.388
AT4G31550.2	1728	1529	4.06695	0.86916
AT4G31550.3	1447	1248	64.9902	17.0166
AT4G14850.1	2280	2081	12	1.88429
AT2G06166.1	312	113	0	0
AT4G01130.2	1611	1412	0	0
AT4G01130.3	2023	1824	0	0
AT4G01130.1	1493	1294	3	0.757574
AT4G39250.1	834	635	4	2.05838
AT4G25480.1	1391	1192	2	0.548267
AT2G45405.2	398	199	0	0
AT2G45405.1	427	228	0	0
AT5G02460.1	1758	1559	33	6.91682
AT5G47580.1	2612	2413	45	6.09388
AT1G33390.2	4522	4323	34.4005	2.60027
AT1G33390.1	4145	3946	87.5995	7.25409
AT5G16040.1	1541	1342	54.7098	13.3214
AT5G16040.2	1124	925	2.29017	0.809029
AT1G54680.2	868	669	7.74827	3.78457
AT1G54680.3	822	623	0	0
AT1G54680.1	894	695	0	0
AT1G54680.4	870	671	0.25173	0.122589
AT1G05950.3	2346	2147	0	0
AT1G05950.5	2244	2045	35.924	5.74024
AT1G05950.1	2255	2056	0.0759935	0.0120779
AT1G05950.4	2324	2125	0	0
AT1G05950.2	2415	2216	0	0
AT5G09540.1	1385	1186	5	1.3776
AT2G22640.1	941	742	37	16.2943
AT3G08590.1	2286	2087	93.5874	14.6532
AT3G08590.2	2063	1864	443.413	77.7321
AT5G40260.1	1154	955	0	0
AT5G40260.2	1023	824	0	0
ATCG00180.1	2043	1844	76	13.4676
AT3G57587.1	1372	1173	0	0
AT2G35120.1	877	678	277	133.502
AT3G13175.1	740	541	12	7.24807
AT4G08740.1	642	443	0	0
AT2G41250.1	1375	1176	109	30.2871
AT3G12370.1	1021	822	87	34.5848
AT2G46760.1	2003	1804	9	1.63021
AT5G19130.1	2427	2228	44.56	6.53534
AT5G19130.2	2327	2128	56.44	8.6667
AT2G29180.1	791	592	124	68.4445
AT2G37620.1	1851	1652	13.3765	2.64589
AT2G37620.3	1720	1521	0	0
AT2G37620.2	1604	1405	134.574	31.2985
AT2G37620.4	1716	1517	0	0
AT1G64920.1	1682	1483	11	2.42376
AT2G11778.1	168	9.06081	0	0
AT1G75270.1	1054	855	162	61.9138
AT3G28580.2	1667	1468	0.0253932	0.00565236
AT3G28580.1	1797	1598	11.9746	2.44863
AT5G16780.3	3151	2952	193.538	21.4234
AT5G16780.1	3658	3459	20.4675	1.93353
AT5G16780.2	4076	3877	13.1264	1.10634
AT2G25580.2	1999	1800	7.85714	1.42636
AT2G25580.1	2503	2304	41.1429	5.83513
AT3G02380.1	2256	2057	497	78.9515
AT2G47950.1	633	434	0.380597	0.286559
AT2G47950.2	901	702	2.6194	1.21928
AT5G07400.5	3785	3586	0	0
AT5G07400.2	3571	3372	1.12624e-06	1.0914e-07
AT5G07400.7	3727	3528	0	0
AT5G07400.4	3830	3631	0	0
AT5G07400.3	3983	3784	0	0
AT5G07400.6	3749	3550	0	0
AT5G07400.8	3694	3495	21	1.96341
AT5G07400.1	3607	3408	0	0
AT5G12880.1	669	470	13	9.03824
AT3G10840.3	2890	2691	0	0
AT3G10840.2	2904	2705	0	0
AT3G10840.4	1643	1444	117.287	26.5412
AT3G10840.1	2710	2511	44.7132	5.81872
AT4G23900.1	978	779	0.463952	0.194614
AT3G53050.1	615	416	0	0
AT5G11450.1	1218	1019	217.224	69.6583
AT5G11450.2	1267	1068	130.776	40.0123
AT2G37050.2	3430	3231	0.718665	0.0726821
AT2G37050.3	3441	3242	208.793	21.0446
AT2G37050.4	3516	3317	43.0906	4.24498
AT2G37050.1	3355	3156	3.39792	0.351815
AT5G42120.1	2118	1919	1	0.17028
AT4G38240.1	1813	1614	41.24	8.34937
AT4G38240.3	1740	1541	0	0
AT4G38240.2	1887	1688	44.76	8.66475
AT2G45740.2	1289	1090	83.2798	24.9661
AT2G45740.3	1133	934	109.548	38.3263
AT2G45740.1	1202	1003	43.1719	14.065
AT1G64810.2	1815	1616	8.69135	1.75745
AT1G64810.1	1826	1627	41.3087	8.29644
AT5G38560.1	2930	2731	204	24.4088
AT1G07050.1	855	656	3.11471	1.5515
AT1G07050.2	1596	1397	1.88529	0.440981
AT5G52420.1	1238	1039	116	36.4822
AT2G25200.1	1540	1341	6	1.46205
AT1G73250.1	1335	1136	65	18.6971
AT2G35980.1	1048	849	6	2.30931
AT1G06050.1	1428	1229	24	6.38113
AT4G09200.1	1539	1340	63.4736	15.4784
AT5G23080.1	3210	3011	85.0565	9.23071
AT5G23080.2	3033	2834	23.9435	2.76074
AT3G13445.2	1326	1127	13.0665	3.78856
AT3G13445.1	1223	1024	58.9335	18.8062
AT4G32410.1	4221	4022	2014	163.627
AT1G06900.1	3575	3376	315	30.4892
AT5G17760.2	2068	1869	14.8388	2.59434
AT5G17760.1	1933	1734	74.1612	13.9755
AT4G30360.1	2769	2570	90	11.4432
AT2G17680.1	1371	1172	0	0
AT4G22600.1	822	623	0	0
AT3G22250.1	1615	1416	0	0
AT2G30410.2	761	562	62.4291	36.2986
AT2G30410.3	752	553	33.3159	19.6863
AT2G30410.1	897	698	9.25495	4.33268
AT2G15730.1	1713	1514	9.06587	1.95669
AT2G15730.2	1762	1563	0	0
AT2G15730.3	1379	1180	12.9341	3.58174
AT5G23280.1	2043	1844	146	25.872
AT5G55490.1	1973	1774	0	0
AT5G55490.3	2186	1987	0	0
AT5G55490.8	2089	1890	5	0.864463
AT5G55490.4	2179	1980	0	0
AT5G55490.2	2247	2048	0	0
AT5G55490.5	2176	1977	0	0
AT5G55490.6	2160	1961	0	0
AT5G55490.9	1969	1770	0	0
AT5G55490.7	2092	1893	0	0
AT4G18395.1	546	347	0	0
AT4G08868.1	836	637	0	0
AT1G09230.2	1325	1126	8.81409	2.55786
AT1G09230.3	1468	1269	42.1843	10.8625
AT1G09230.1	1605	1406	0.00155927	0.000362389
AT1G63105.1	397	198	0	0
AT4G02980.1	1055	856	46	17.5599
AT4G26000.1	2001	1802	133	24.1177
AT5G62570.3	2375	2176	37.2759	5.59768
AT5G62570.1	2291	2092	90.7125	14.1692
AT5G62570.2	2326	2127	16.2511	2.49663
AT5G62570.4	2361	2162	21.7604	3.2889
AT1G27840.3	1787	1588	24.846	5.11263
AT1G27840.1	1966	1767	27.0886	5.00943
AT1G27840.2	1613	1414	7.45417	1.72262
AT1G33120.1	1016	817	1095.31	438.079
AT1G30700.1	2039	1840	113	20.0678
AT4G00893.1	1404	1205	1	0.271176
AT5G51590.1	2093	1894	83	14.3198
AT4G17140.1	13193	12994	141.416	3.55626
AT4G17140.3	13198	12999	206.584	5.19309
AT4G17140.2	13199	13000	5.4255e-06	1.36375e-07
AT4G38980.1	1334	1135	35	10.0765
AT1G51650.1	795	596	424	232.465
AT1G47720.1	1089	890	19	6.97593
AT2G28085.1	771	572	0	0
AT2G34570.1	1103	904	58	20.9651
AT5G56150.1	1050	851	107.642	41.3324
AT5G56150.2	1012	813	5.35786	2.15347
AT1G07670.2	3682	3483	0	0
AT1G07670.1	3632	3433	377.464	35.9286
AT1G02890.2	4047	3848	0	0
AT1G02890.1	4233	4034	309	25.03
AT3G07430.1	1302	1103	437	129.463
AT5G01305.1	516	317	0	0
AT2G16980.4	1878	1679	3.54464	0.689859
AT2G16980.1	1842	1643	0	0
AT2G16980.2	1566	1367	3.59059	0.858293
AT2G16980.3	1784	1585	0	0
AT2G16980.6	1959	1760	0	0
AT2G16980.5	1847	1648	5.86477	1.16287
AT4G30740.1	619	420	0	0
AT5G22810.1	1080	881	1	0.370905
AT4G24805.1	1024	825	65	25.7453
AT5G09260.1	1148	949	31	10.6742
AT1G52100.3	1834	1635	0	0
AT1G52100.4	2051	1852	0	0
AT1G52100.1	1554	1355	41	9.88742
AT1G52100.2	1857	1658	0	0
AT1G52100.5	1866	1667	0	0
AT1G74580.2	2980	2781	0	0
AT1G74580.1	3162	2963	0	0
AT1G74580.3	2797	2598	31	3.89907
AT1G73970.3	2983	2784	0	0
AT1G73970.4	2802	2603	16.9162	2.12357
AT1G73970.1	2981	2782	31.0838	3.65103
AT1G73970.2	2997	2798	0	0
AT5G22860.1	2097	1898	31.7959	5.4741
AT5G22860.7	2972	2773	8.95884	1.0557
AT5G22860.8	2420	2221	4.24528	0.624591
AT5G22860.5	3141	2942	0	0
AT5G22860.2	2162	1963	0	0
AT5G22860.3	2304	2105	0	0
AT5G22860.6	3179	2980	0	0
AT5G22860.4	2206	2007	0	0
AT1G20490.2	2212	2013	0	0
AT1G20490.1	2135	1936	4	0.675139
AT5G15530.1	1563	1364	143	34.2578
AT4G23300.1	2603	2404	104.518	14.2068
AT3G54430.1	1520	1321	8.07031	1.9963
AT4G01390.1	945	746	55	24.0914
AT2G34840.2	1290	1091	0	0
AT2G34840.1	1203	1004	39	12.6931
AT4G00430.2	1378	1179	1067.96	295.992
AT4G00430.1	1871	1672	320.041	62.5471
AT5G05150.1	1267	1068	0	0
AT1G28610.1	1906	1707	78	14.9314
AT1G28610.2	1802	1603	3.64364e-08	7.42745e-09
AT5G64050.1	2187	1988	417	68.5422
AT1G62305.2	1428	1229	1.10645	0.294184
AT1G62305.3	1723	1524	0	0
AT1G62305.1	1738	1539	14.8935	3.16226
AT1G08750.3	1619	1420	6.14719	1.41458
AT1G08750.2	1388	1189	32.8528	9.02878
AT1G08750.1	1553	1354	0	0
AT2G05990.1	1700	1501	106.953	23.2835
AT2G05990.2	1639	1440	628.047	142.518
AT1G69780.1	1579	1380	92	21.7845
AT4G30160.3	3885	3686	58.426	5.17952
AT4G30160.4	3815	3616	191.296	17.2869
AT4G30160.2	3462	3263	36.8063	3.6859
AT4G30160.1	4110	3911	119.472	9.98194
AT3G15395.5	360	161	5.33997	10.8381
AT3G15395.2	761	562	18.6298	10.8321
AT3G15395.3	580	381	1.369	1.17413
AT3G15395.4	444	245	6.66119	8.88432
AT3G15395.1	665	466	0	0
AT4G17785.1	1415	1216	2	0.537446
AT4G17785.2	1463	1264	0	0
AT4G02030.1	2707	2508	138	17.98
AT4G02030.2	2647	2448	1.64807e-05	2.1999e-06
AT3G54890.2	1007	808	17.9976	7.27848
AT3G54890.4	1200	1001	428.861	139.998
AT3G54890.1	1182	983	11839.1	3935.55
AT3G54890.3	1042	843	0	0
AT5G09210.1	2112	1913	1	0.170814
AT5G09440.1	1523	1324	71	17.523
AT3G57310.1	526	327	0	0
AT5G26731.1	1040	841	7	2.71982
AT5G02480.1	2561	2362	556	76.9189
AT5G51795.1	1044	845	1.03705	0.401034
AT1G76065.1	1206	1007	7	2.27147
AT3G54970.3	1335	1136	2.53639e-05	7.29586e-06
AT3G54970.5	1526	1327	0	0
AT3G54970.6	1441	1242	13.1682	3.46451
AT3G54970.4	1213	1014	6.82942e-06	2.20082e-06
AT3G54970.2	1177	978	0.0247833	0.00828054
AT3G54970.1	1319	1120	16.807	4.90356
AT1G45010.3	1232	1033	12.8405	4.06183
AT1G45010.4	1604	1405	11.2567	2.61802
AT1G45010.1	941	742	65.306	28.7599
AT1G45010.2	1010	811	5.59679	2.25505
AT2G35210.1	1537	1338	0	0
AT2G35210.2	1525	1326	0	0
AT4G31040.1	1896	1697	153	29.461
AT2G07440.1	411	212	0	0
AT1G42190.1	195	14.9308	0	0
AT1G60170.1	1834	1635	227.464	45.4604
AT3G21405.1	207	19.5103	0	0
AT4G05095.1	417	218	0	0
AT3G10880.2	1525	1326	0	0
AT3G10880.3	1463	1264	13	3.36074
AT3G10880.1	1478	1279	0	0
AT3G10880.4	1467	1268	0	0
AT3G48560.1	2467	2268	1799	259.195
AT3G24120.1	1393	1194	53.659	14.6851
AT3G24120.2	1353	1154	12.341	3.49447
AT2G38970.1	2538	2339	84	11.7351
AT1G04860.1	3438	3239	177	17.8567
AT1G19150.1	1162	963	369	125.21
AT5G16230.1	1839	1640	15.5767	3.10362
AT5G16230.2	1102	903	7.42334	2.68627
AT4G17780.1	1197	998	2	0.654844
AT3G21130.1	1104	905	0	0
AT3G18690.1	984	785	20	8.32528
AT1G30000.2	2647	2448	0	0
AT1G30000.1	2489	2290	103	14.6974
AT4G29420.1	1696	1497	27	5.8936
AT2G39200.1	2091	1892	172	29.7061
AT2G28780.1	2801	2602	477	59.9031
AT5G45660.1	1209	1010	9	2.91179
AT3G04830.1	1312	1113	143.1	42.0129
AT3G04830.2	1172	973	56.9	19.109
AT3G21160.2	2316	2117	12.1763	1.87945
AT3G21160.1	2220	2021	103.824	16.7868
AT2G42800.1	2360	2161	16	2.41938
AT3G48190.2	9366	9167	0.0186204	0.000663742
AT3G48190.3	9294	9095	158.981	5.71192
AT3G48190.1	9734	9535	0	0
AT2G30350.1	1343	1144	0	0
AT2G30350.2	1237	1038	22	6.9257
AT5G10620.2	896	697	13	6.09465
AT5G10620.1	1019	820	0	0
AT3G08500.1	1750	1551	6	1.26409
AT2G35580.1	1125	926	0	0
AT1G73280.2	1723	1524	3.83879	0.823091
AT1G73280.3	1555	1356	0	0
AT1G73280.1	1326	1127	0.782729	0.226948
AT1G73280.4	1491	1292	0	0
AT3G27630.1	676	477	2	1.37009
AT1G69740.1	1864	1665	606.104	118.952
AT1G69740.3	2032	1833	32.1579	5.73276
AT1G69740.2	1918	1719	48.738	9.26467
AT3G01328.1	413	214	0	0
AT5G60930.3	4426	4227	97.7755	7.55851
AT5G60930.2	4531	4332	29.2245	2.20443
AT5G60930.1	4082	3883	0	0
AT1G16840.2	1279	1080	2.7638	0.836222
AT1G16840.1	971	772	31.5102	13.3374
AT1G16840.4	1031	832	0	0
AT1G16840.3	922	723	34.726	15.6948
AT1G16840.5	1359	1160	0	0
AT5G26860.1	3423	3224	129	13.0747
AT1G12900.3	1389	1190	1857.54	510.07
AT1G12900.4	1381	1182	45.1279	12.4757
AT1G12900.1	1501	1302	5036.97	1264.14
AT1G12900.5	1567	1368	352.364	84.1673
AT1G12900.2	1469	1270	42.5516	10.9484
AT1G30545.2	1517	1318	8	1.98341
AT1G30545.1	1589	1390	0	0
AT5G46160.1	1245	1046	26.1968	8.18379
AT5G46160.2	686	487	48.8032	32.746
AT3G27670.1	5902	5703	113	6.47461
AT5G61540.3	1429	1230	14.9714	3.97737
AT5G61540.2	1604	1405	8.02857	1.86724
AT5G61540.1	1506	1307	0	0
AT3G23000.1	1664	1465	1057	235.763
AT3G53250.2	897	698	0	0
AT3G53250.1	620	421	0	0
AT5G56075.1	771	572	0	0
AT4G28630.1	2410	2211	58	8.57191
AT4G31740.1	516	317	0	0
AT4G38200.1	5381	5182	58.3411	3.67888
AT4G38200.2	5359	5160	231.659	14.6703
AT1G09700.1	1806	1607	62	12.6071
AT1G09700.2	1272	1073	1.77611e-05	5.40891e-06
AT2G47010.3	2060	1861	3.15164	0.553387
AT2G47010.1	1979	1780	0	0
AT2G47010.2	1904	1705	7.84836	1.50416
AT1G75010.1	2564	2365	79	10.9153
AT3G24810.1	985	786	13	5.40455
AT2G47900.3	1963	1764	77.4916	14.3547
AT2G47900.2	1628	1429	50.3297	11.5088
AT2G47900.1	2033	1834	74.1787	13.2166
AT2G47760.4	1652	1453	0	0
AT2G47760.3	1555	1356	19.7515	4.7597
AT2G47760.2	1548	1349	30.2238	7.32107
AT2G47760.5	1672	1473	12.5404	2.78192
AT2G47760.1	1616	1417	9.48437	2.18714
AT5G66150.1	3318	3119	0	0
AT5G66150.3	2408	2209	1	0.147925
AT5G66150.2	3293	3094	0	0
AT4G12170.1	707	508	0	0
AT1G43630.1	1506	1307	0	0
AT5G01480.1	2057	1858	4	0.703481
AT3G59020.2	4109	3910	347.041	29.003
AT3G59020.1	3940	3741	191.959	16.7671
AT4G22860.2	2202	2003	4.85454	0.791964
AT4G22860.3	1469	1270	7.63786	1.9652
AT4G22860.1	2334	2135	19.5076	2.98569
AT1G31910.1	4740	4541	200.937	14.4593
AT1G31910.2	2442	2243	631.063	91.9352
AT5G15360.1	762	563	1	0.580403
AT5G42190.1	1045	846	223	86.1337
AT3G61410.3	1354	1155	0	0
AT3G61410.1	1320	1121	19	5.53843
AT3G61410.2	1421	1222	0	0
AT5G57320.2	3554	3355	8	0.779176
AT5G57320.1	3237	3038	0	0
AT5G17010.2	1823	1624	0	0
AT5G17010.1	2040	1841	0.908853	0.161316
AT5G17010.3	2130	1931	119.745	20.2635
AT5G17010.4	2221	2022	35.346	5.71212
AT2G43090.1	1114	915	454.548	162.329
AT2G43090.2	959	760	24.4518	10.5132
AT1G24159.1	423	224	0	0
AT5G64780.1	988	789	9	3.72738
AT1G48450.2	1508	1309	0	0
AT1G48450.1	1643	1444	331	74.903
AT1G48450.3	1335	1136	6.00012	1.72592
AT1G15600.1	1246	1047	0	0
AT1G68210.1	2268	2069	0	0
AT2G34780.3	3796	3597	32.3907	2.94251
AT2G34780.1	4388	4189	49.5325	3.86383
AT2G34780.4	3748	3549	32.0768	2.95341
AT2G34780.2	4366	4167	6.33306e-07	4.96625e-08
AT1G74100.1	1350	1151	331	93.9704
AT3G45580.1	1227	1028	0	0
AT4G38340.2	2519	2320	18.999	2.67597
AT4G38340.1	2539	2340	0.000998006	0.000139366
AT3G23840.1	1644	1445	51	11.533
AT5G24570.1	452	253	39	50.3712
AT5G52560.1	2406	2207	133	19.6919
AT1G58265.1	480	281	0	0
AT3G10470.1	1714	1515	4	0.862751
AT2G47320.1	900	701	136	63.3956
AT4G13880.1	2525	2326	7.47307	1.04985
AT5G43450.2	1448	1249	98.8007	25.8485
AT5G43450.1	1552	1353	57.1993	13.8144
AT4G33430.2	2821	2622	23.8199	2.96856
AT4G33430.1	2696	2497	236.18	30.9074
AT4G00020.4	3916	3717	0	0
AT4G00020.2	3564	3365	0	0
AT4G00020.5	3902	3703	0	0
AT4G00020.1	3810	3611	77.3063	6.99561
AT4G00020.3	3991	3792	13.1369	1.13204
AT1G63600.1	1213	1014	4	1.28902
AT1G05930.1	957	758	0	0
AT3G48180.1	608	409	6	4.79365
AT1G68845.1	544	345	2	1.8943
AT5G41760.1	1777	1578	42.7377	8.84998
AT5G41760.2	1524	1325	31.2623	7.70981
AT5G55460.1	620	421	0	0
AT3G51510.1	1204	1005	253	82.2608
AT3G07130.1	1875	1676	30.0659	5.8619
AT3G07130.2	1921	1722	10.9341	2.07486
AT5G47970.1	2070	1871	18.9693	3.31296
AT5G47970.2	1692	1493	64.8631	14.1963
AT5G47970.3	1732	1533	0	0
AT4G14720.2	1665	1466	0	0
AT4G14720.1	1598	1399	46	10.7443
AT1G67060.2	2164	1965	19.2199	3.19614
AT1G67060.1	1247	1048	39.7801	12.4035
AT1G67060.3	1236	1037	0	0
AT1G80350.1	1975	1776	134	24.6547
AT4G17740.1	1692	1493	49.7667	10.8922
AT4G17740.2	1662	1463	79.2333	17.6971
AT4G37160.1	2086	1887	21.7731	3.77039
AT4G37160.2	1826	1627	4.22692	0.848936
AT3G17930.1	819	620	233	122.801
AT2G35600.2	1670	1471	7	1.55498
AT2G35600.1	1690	1491	1.29453e-06	2.83708e-07
AT2G35600.3	1722	1523	0	0
AT3G27010.2	1462	1263	2.12778e-08	5.50507e-09
AT3G27010.1	1467	1268	46	11.8543
AT2G35160.2	2835	2636	17.4928	2.16847
AT2G35160.5	2746	2547	0	0
AT2G35160.3	3258	3059	0.0279755	0.00298839
AT2G35160.1	2848	2649	0.0616734	0.00760771
AT2G35160.4	3244	3045	5.41753	0.581369
AT2G16640.2	4265	4066	23.5029	1.88883
AT2G16640.1	4092	3893	322.497	27.0695
AT2G16640.3	4328	4129	0	0
AT3G55646.1	1108	909	16	5.75168
AT4G14140.3	4560	4361	0	0
AT4G14140.2	4638	4439	0	0
AT4G14140.1	4694	4495	0	0
AT5G15460.2	1127	928	33.6317	11.8424
AT5G15460.1	1463	1264	3.47641	0.898717
AT5G15460.4	766	567	6.15543	3.54743
AT5G15460.3	808	609	2.73646	1.46828
AT5G16910.1	4501	4302	227.792	17.3024
AT3G49620.1	1538	1339	7	1.70827
AT3G24280.1	549	350	0	0
AT5G43010.1	1659	1460	238	53.2675
AT2G15290.1	1147	948	344	118.574
AT3G57060.1	4471	4272	72.8666	5.57359
AT3G57060.2	4521	4322	19.0671	1.44158
AT3G57060.3	4600	4401	0.0663251	0.00492453
AT1G65080.1	1776	1577	13	2.6937
AT1G62981.2	1383	1184	3.43928e-08	9.49193e-09
AT1G62981.3	856	657	0	0
AT1G62981.1	1364	1165	4	1.12195
AT1G69550.1	5244	5045	64	4.14531
AT5G59130.4	2581	2382	0	0
AT5G59130.2	2304	2105	27.961	4.34049
AT5G59130.1	2244	2045	64.056	10.2354
AT5G59130.3	2664	2465	9.983	1.32337
AT3G46770.1	1256	1057	0	0
AT3G46770.2	968	769	0	0
AT1G14720.1	1491	1292	125	31.6145
AT5G48375.1	1320	1121	0	0
AT3G01170.2	1201	1002	18.6089	6.06865
AT3G01170.1	1380	1181	26.3911	7.30206
AT3G46390.1	210	20.9285	0	0
AT1G04260.1	1287	1088	44	13.2148
AT5G67100.2	5783	5584	63.0396	3.68898
AT5G67100.1	4598	4399	62.3383	4.63062
AT3G52250.2	5731	5532	0	0
AT3G52250.1	5635	5436	266	15.9897
AT5G07880.2	819	620	0	0
AT5G07880.1	1279	1080	0	0
AT3G47840.1	2192	1993	4	0.65583
AT5G08305.1	1839	1640	12	2.39098
AT5G34581.1	486	287	0	0
AT4G39403.1	606	407	0	0
AT1G07420.1	1625	1426	84.046	19.2591
AT1G07420.2	1392	1193	32.954	9.02621
AT5G65274.1	408	209	0	0
AT3G46300.1	970	771	0	0
AT5G23980.1	2337	2138	1	0.152838
AT1G29460.2	895	696	3.74194	1.75681
AT1G29460.1	709	510	5.25806	3.36895
AT2G03040.1	674	475	0	0
AT4G32090.1	375	176	0	0
AT3G29140.1	356	157	4	8.32528
AT3G24605.1	939	740	1	0.441577
AT5G05550.2	1593	1394	16.6889	3.91204
AT5G05550.3	1865	1666	12.2502	2.40274
AT5G05550.1	1495	1296	0.0110425	0.0027842
AT1G31820.1	1913	1714	6	1.14388
AT1G55350.6	7536	7337	0.000130609	5.81691e-06
AT1G55350.3	7220	7021	54.6848	2.54511
AT1G55350.2	7133	6934	111.916	5.27408
AT1G55350.1	7610	7411	0.000577996	2.54851e-05
AT1G55350.4	7557	7358	300.398	13.3406
AT1G55350.5	7308	7109	0	0
AT4G15760.1	1626	1427	151.348	34.6571
AT4G15760.2	1560	1361	38.6518	9.28004
AT4G21220.1	1135	936	3	1.04733
AT5G38880.1	3519	3320	158	15.551
AT5G44430.1	548	349	5.64713	5.28738
AT5G35230.1	1101	902	0	0
AT1G23995.1	300	101	0	0
AT5G27430.1	1805	1606	98	19.9397
AT2G07698.1	2444	2245	7.32065	1.06554
AT3G56630.1	1812	1613	64	12.9653
AT1G53345.1	1335	1136	16	4.60235
AT2G45530.1	1043	844	59	22.8427
AT5G38320.1	883	684	3.86441	1.84614
AT5G38320.2	706	507	5.13559	3.30995
AT1G18340.1	1272	1073	35	10.6588
AT5G26600.1	2047	1848	73.4441	12.9865
AT5G26600.2	2348	2149	69.5559	10.5764
AT5G53920.1	1437	1238	15	3.95921
AT5G39870.2	1128	929	0	0
AT5G39870.1	908	709	0	0
AT3G15550.1	2360	2161	78.8597	11.9245
AT2G40316.2	1318	1119	54.4195	15.8914
AT2G40316.1	1840	1641	34.5805	6.8859
AT2G40316.3	1857	1658	0	0
AT1G51035.1	477	278	1	1.17542
AT1G19600.1	1590	1391	266	62.4875
AT4G12450.1	1237	1038	5	1.57402
AT1G29850.1	1248	1049	71.8562	22.3834
AT1G29850.2	821	622	112.529	59.117
AT1G29850.3	1088	889	0	0
AT1G33810.1	824	625	157	82.0839
AT3G24580.1	1137	938	0	0
AT5G61470.1	1114	915	0	0
AT3G49400.1	3015	2816	5.9021	0.684877
AT3G49400.4	2784	2585	0.0927493	0.0117243
AT3G49400.2	2912	2713	0	0
AT3G49400.3	2546	2347	15.0051	2.08913
AT5G04530.1	2094	1895	143	24.6584
AT5G15930.1	1529	1330	84	20.6379
AT1G52590.1	784	585	32	17.8744
AT1G70420.1	1277	1078	18	5.45622
AT1G62910.1	2194	1995	22.2999	3.65256
AT5G58790.3	809	610	0	0
AT5G58790.1	840	641	0	0
AT5G58790.2	966	767	4	1.70413
AT4G19730.1	999	800	0	0
AT5G66600.10	2459	2260	0	0
AT5G66600.7	1882	1683	12.5596	2.43854
AT5G66600.14	2181	1982	0	0
AT5G66600.8	2661	2462	0	0
AT5G66600.1	2461	2262	23.4404	3.38619
AT5G66600.4	2333	2134	0	0
AT5G66600.9	2617	2418	0	0
AT5G66600.3	2168	1969	0	0
AT5G66600.12	2408	2209	0	0
AT5G66600.11	2451	2252	0	0
AT5G66600.5	2622	2423	0	0
AT5G66600.15	1946	1747	0	0
AT5G66600.2	2011	1812	0	0
AT5G66600.6	2558	2359	0	0
AT5G66600.13	2265	2066	0	0
AT2G37280.3	4616	4417	0.323916	0.0239631
AT2G37280.1	4713	4514	0	0
AT2G37280.4	4597	4398	45.6761	3.39369
AT2G37280.2	4796	4597	0	0
AT2G40150.1	1464	1265	44	11.3658
AT4G14260.1	1140	941	0	0
AT4G17810.2	765	566	11.914	6.87829
AT4G17810.1	1207	1008	25.086	8.13221
AT5G23050.2	2700	2501	0	0
AT5G23050.1	2625	2426	36	4.84898
AT1G03490.1	846	647	0	0
AT4G28400.3	1033	834	0	0
AT4G28400.2	987	788	0	0
AT4G28400.1	1300	1101	74	21.9625
AT3G01860.1	1338	1139	62.4208	17.9079
AT3G01860.2	2044	1845	16.5792	2.93633
AT1G14150.2	703	504	15.2667	9.89812
AT1G14150.1	848	649	159.642	80.3785
AT4G05340.1	291	92.0002	0	0
AT3G57970.1	960	761	26	11.1642
AT5G35180.1	2838	2639	227.772	28.2033
AT5G35180.4	2787	2588	0	0
AT5G35180.2	2884	2685	87.2277	10.6157
AT5G35180.3	2211	2012	0	0
AT5G35180.5	2841	2642	4.09777e-07	5.0682e-08
AT2G44930.1	1841	1642	9	1.79105
AT4G38820.1	433	234	1	1.39644
AT1G17360.1	3934	3735	303	26.5088
AT3G61730.1	1080	881	1.17474	0.435715
AT3G24465.1	271	72.0134	0	0
AT3G60960.1	1592	1393	9.16454	2.1498
AT3G60960.3	1440	1241	32.8322	8.64503
AT3G60960.2	1450	1251	0.00327275	0.000854859
AT3G23140.1	965	766	0	0
AT5G41060.2	1438	1239	44.224	11.6634
AT5G41060.1	1947	1748	37.776	7.06176
AT5G41060.3	1540	1341	0	0
AT5G41060.4	1585	1386	0	0
AT4G27290.2	2695	2496	8.54793	1.11906
AT4G27290.1	2403	2204	0.630175	0.0934303
AT2G42640.2	2942	2743	0	0
AT2G42640.4	2498	2299	0	0
AT2G42640.1	2644	2445	17	2.272
AT2G42640.3	2866	2667	0	0
AT2G22860.1	654	455	5	3.59085
AT4G37700.1	850	651	2	1.00389
AT5G18590.2	2701	2502	3.13544e-05	4.09497e-06
AT5G18590.1	2719	2520	104	13.4856
AT2G25790.1	3269	3070	93	9.89881
AT3G12955.1	738	539	2	1.21249
AT2G33170.2	4241	4042	89.8911	7.26706
AT2G33170.1	4369	4170	24.1089	1.8892
AT3G14067.1	2907	2708	878	105.946
AT5G36890.1	2059	1860	88.8301	15.6058
AT5G36890.2	1841	1642	121.17	24.1135
AT1G36640.1	550	351	3	2.79288
AT2G42900.1	955	756	17	7.34794
AT1G78290.3	1521	1322	73.7608	18.2319
AT1G78290.2	1868	1669	19.2392	3.76677
AT3G27440.2	1886	1687	0	0
AT3G27440.1	1799	1600	0	0
AT3G27440.3	1322	1123	1	0.290977
AT5G18810.1	1159	960	8.42105	2.86638
AT5G18810.2	931	732	2.57895	1.15125
AT3G27930.1	1789	1590	5.24662	1.07825
AT3G27930.3	1578	1379	11.7692	2.78883
AT3G27930.2	1620	1421	28.9842	6.66507
AT2G42000.1	255	56.1701	0	0
AT2G42000.2	609	410	0	0
AT4G26470.2	1161	962	6.24675	2.12186
AT4G26470.1	1007	808	18.6956	7.56077
AT4G26470.3	1122	923	5.05766	1.79055
AT5G53820.1	582	383	3	2.55953
AT3G19570.4	3090	2891	0	0
AT3G19570.2	2733	2534	31.1808	4.02086
AT3G19570.1	2528	2329	19.3541	2.71545
AT3G19570.3	3170	2971	11.4651	1.261
AT4G17660.1	1623	1424	1	0.229471
AT5G24680.1	1451	1252	16	4.17594
AT5G02010.1	2193	1994	37	6.06338
AT2G41650.1	1793	1594	212	43.4596
AT1G53670.1	852	653	187.849	94.0015
AT1G53670.2	779	580	27.1507	15.2965
AT4G18470.1	1525	1326	10	2.46431
AT5G13565.1	125	5.29865	0	0
AT5G55060.1	2564	2365	19.4876	2.69256
AT5G55060.3	2237	2038	48.8191	7.82751
AT5G55060.2	2873	2674	9.69335	1.18454
AT2G01890.3	1272	1073	0	0
AT2G01890.2	1181	982	19.2743	6.41367
AT2G01890.1	1407	1208	26.7257	7.22936
AT1G72280.1	1810	1611	10	2.02835
AT3G27220.1	2121	1922	44	7.48062
AT4G37235.1	882	683	2	0.956858
AT2G44470.1	1605	1406	0	0
AT2G44470.2	1701	1502	0	0
AT2G44470.3	2054	1855	0	0
AT2G05850.1	2084	1885	0	0
AT3G15990.1	2274	2075	37	5.82669
AT4G35760.2	1961	1762	32.1103	5.95493
AT4G35760.1	1888	1689	137.89	26.6772
AT4G36515.1	620	421	17	13.1949
AT2G36010.2	1935	1736	6.89595	1.29802
AT2G36010.3	1921	1722	28.6449	5.43566
AT2G36010.1	1889	1690	19.4592	3.76249
AT1G33410.2	4756	4557	4.64353e-05	3.32972e-06
AT1G33410.1	4744	4545	198	14.2354
AT4G31930.1	1023	824	16	6.34499
AT1G59218.1	3853	3654	96.3146	8.61314
AT1G59218.2	4052	3853	21.4633	1.82027
AT1G59218.3	3707	3508	0	0
AT1G07900.1	742	543	1	0.601781
AT1G66280.1	2081	1882	295.306	51.2733
AT1G14890.1	1109	910	41	14.7225
AT5G65170.1	2223	2024	9.74013	1.57251
AT5G65170.2	1184	985	7.25987	2.40841
AT5G41820.2	2211	2012	3.30785e-05	5.37225e-06
AT5G41820.1	2193	1994	0.999967	0.16387
AT4G32960.1	1159	960	38	12.9345
AT3G52270.2	1138	939	0	0
AT3G52270.1	1049	850	1	0.384432
AT2G35215.1	890	691	0	0
AT5G02060.1	1075	876	7	2.61115
AT1G69250.2	1824	1625	88.9215	17.881
AT1G69250.1	1905	1706	87.0785	16.679
AT1G77490.1	2516	2317	104.605	14.7525
AT1G77490.2	1630	1431	429.395	98.0518
AT4G35685.1	933	734	4.44989	1.98103
AT3G28200.1	1540	1341	207	50.4406
AT1G25450.1	2102	1903	182	31.2515
AT3G22450.1	1117	918	4	1.42382
AT3G22450.2	956	757	0	0
AT1G11390.1	2576	2377	147	20.2081
AT3G53065.1	764	565	0	0
AT4G22210.1	334	135	0	0
AT4G22210.2	318	119	0	0
AT3G02560.1	917	718	782.306	356.033
AT3G02560.3	911	712	0	0
AT3G02560.2	1146	947	50.1019	17.2879
AT1G35614.1	342	143	0	0
AT4G26730.1	627	428	0	0
AT1G32460.1	659	460	96	68.1949
AT2G41750.1	1193	994	0	0
AT5G16580.1	1148	949	0	0
AT4G34555.1	622	423	120	92.6999
AT2G05335.1	402	203	0	0
AT2G25890.2	877	678	0	0
AT2G25890.1	760	561	0	0
AT5G15800.1	1413	1214	0	0
AT5G15800.2	1535	1336	0	0
AT1G02420.1	1520	1321	18	4.45254
AT3G49650.1	3242	3043	48	5.15439
AT1G10940.2	1791	1592	19.0795	3.91618
AT1G10940.1	1911	1712	213.986	40.8433
AT4G23760.1	557	358	31	28.2955
AT5G44566.1	180	11.1077	0	0
AT5G05960.1	1208	1009	168.707	54.6362
AT4G22630.2	709	510	0	0
AT4G22630.1	695	496	1	0.658805
AT3G43550.1	1054	855	0	0
AT3G05230.2	595	396	12.6085	10.4041
AT3G05230.1	2669	2470	27.3915	3.62374
AT3G14450.1	1310	1111	14	4.11768
AT3G21520.1	835	636	0	0
AT1G72250.4	4061	3862	27.1519	2.29734
AT1G72250.3	4074	3875	0.573278	0.0483428
AT1G72250.1	3784	3585	4.78292e-08	4.35956e-09
AT1G72250.2	3922	3723	66.2749	5.81693
AT5G63650.1	1684	1485	28	6.16127
AT1G20050.1	1163	964	252	85.4205
AT2G32070.1	1333	1134	148	42.6469
AT1G43610.1	768	569	0	0
AT5G58450.2	3316	3117	7.68937	0.806106
AT5G58450.1	3350	3151	167.311	17.3506
AT5G61440.1	1663	1464	9	2.00881
AT5G61440.2	1761	1562	0	0
AT1G74270.1	654	455	279	200.369
AT3G31550.1	534	335	0	0
AT4G18280.1	972	773	35	14.7954
AT4G16850.1	1499	1300	22	5.52991
AT3G14770.1	1666	1467	230	51.2314
AT3G51680.1	1122	923	6	2.12416
AT2G36320.1	1774	1575	113	23.4442
AT4G28950.1	1285	1086	12	3.61069
AT2G28225.1	1255	1056	0	0
AT4G23750.2	1618	1419	16.198	3.73006
AT4G23750.1	1911	1712	81.802	15.6134
AT5G62610.2	1462	1263	0	0
AT5G62610.1	1428	1229	123	32.7033
AT3G13490.1	2178	1979	221	36.4909
AT3G05130.1	2399	2200	45	6.68387
AT1G56140.1	3671	3472	145.812	13.7231
AT2G21500.2	2008	1809	0	0
AT2G21500.1	1934	1735	23	4.33178
AT1G30260.1	916	717	13	5.92465
AT1G10800.2	817	618	0	0
AT1G10800.1	789	590	5	2.76921
AT1G19900.1	1907	1708	8	1.53053
AT4G25030.1	1572	1373	351	83.5362
AT4G25030.2	1535	1336	0	0
AT1G55675.1	914	715	51	23.3079
AT3G22530.1	1032	833	21.7521	8.53286
AT5G38565.1	1599	1400	6	1.40043
AT5G53080.1	1914	1715	27	5.14444
AT4G18370.3	927	728	22.9469	10.2999
AT4G18370.1	1423	1224	102.053	27.2448
AT4G18370.2	1067	868	0	0
AT3G03460.1	1299	1100	19	5.64416
AT3G09160.1	865	666	16	7.85026
AT4G00280.1	216	24.1385	0	0
AT5G21222.1	3031	2832	162.869	18.7924
AT5G21222.2	3361	3162	0	0
AT5G21222.4	2822	2623	0.555689	0.0692265
AT5G21222.3	3219	3020	12.5755	1.36068
AT5G04680.4	2635	2436	5.18298	0.695249
AT5G04680.2	2768	2569	0	0
AT5G04680.3	2586	2387	0	0
AT5G04680.1	2165	1966	8.71074	1.4478
AT4G12380.1	693	494	0	0
AT3G55370.1	1562	1363	50	11.9871
AT3G55370.2	1615	1416	0	0
AT3G55370.3	1657	1458	0	0
AT4G18596.1	2887	2688	23.2781	2.82981
AT4G18596.2	791	592	0	0
AT3G48630.1	421	222	0	0
AT4G26340.1	1291	1092	0	0
AT1G20410.2	1630	1431	9.90164	2.26103
AT1G20410.1	1813	1614	44.0984	8.92806
AT4G27970.4	2012	1813	0	0
AT4G27970.1	1741	1542	0	0
AT4G27970.3	1827	1628	0	0
AT4G27970.6	1912	1713	0	0
AT4G27970.5	1998	1799	0	0
AT4G27970.2	1841	1642	8	1.59204
AT3G56460.1	1400	1201	228	62.0341
AT3G24508.1	404	205	0	0
AT5G27270.1	3462	3263	15.9564	1.59793
AT5G27270.5	3447	3248	40.0358	4.02783
AT5G27270.4	3470	3271	17.9668	1.79485
AT5G27270.3	3479	3280	0.0409415	0.00407876
AT5G27270.2	3547	3348	0	0
AT4G31590.1	3113	2914	322	36.1081
AT4G24410.1	510	311	2	2.1014
AT1G02260.2	2579	2380	15.5158	2.13027
AT1G02260.1	2482	2283	40.4842	5.79453
AT4G31810.1	1947	1748	119.1	22.2643
AT2G28840.2	1646	1447	9.52811	2.15167
AT2G28840.1	1976	1777	258.472	47.5296
AT5G64810.1	947	748	8	3.49484
AT2G19940.2	1609	1410	134.043	31.0645
AT2G19940.3	1792	1593	9.91541	2.03392
AT2G19940.1	1693	1494	76.0414	16.6317
AT1G73640.1	1203	1004	9	2.92919
AT2G15820.1	2793	2594	93	11.7152
AT1G20270.2	1510	1311	0	0
AT1G20270.3	892	693	6.78125	3.19753
AT1G20270.1	1468	1269	13.2188	3.40382
AT4G24430.2	1869	1670	0	0
AT4G24430.1	2165	1966	16	2.65935
AT2G16950.2	3461	3262	196.845	19.7187
AT2G16950.1	3345	3146	231.155	24.0095
AT1G68980.1	2076	1877	27.6173	4.80789
AT3G10530.1	2096	1897	98	16.881
AT3G26450.1	1024	825	290.826	115.191
AT1G21600.2	1346	1147	56.6881	16.1498
AT1G21600.1	1548	1349	180.312	43.6768
AT3G61120.1	953	754	0	0
AT2G38270.1	1159	960	232	78.9687
AT1G65540.1	2749	2550	4.80381e-08	6.15579e-09
AT1G65540.2	2725	2526	212	27.4246
AT1G65540.3	2918	2719	0	0
AT5G38340.3	3180	2981	7.76607	0.851291
AT5G38340.1	3911	3712	15.2339	1.34104
AT5G38340.2	4081	3882	0	0
AT4G28190.1	2232	2033	13.4191	2.15688
AT4G28190.2	1929	1730	44.5809	8.42055
AT3G18630.1	1554	1355	7	1.6881
AT4G39110.1	3246	3047	2	0.214484
AT5G01350.1	952	753	279	121.073
AT2G04830.1	502	303	0	0
AT3G63070.1	4429	4230	234	18.0765
AT5G19700.1	1786	1587	2	0.411805
AT1G28050.1	1934	1735	22	4.14344
AT3G01475.1	315	116	0	0
AT1G51420.1	1356	1157	37.5714	10.6112
AT1G51420.3	1708	1509	0	0
AT1G51420.4	1619	1420	0	0
AT1G51420.2	1811	1612	35.4286	7.18169
AT5G61360.1	963	764	4	1.71082
AT3G01430.1	1151	952	12	4.11891
AT5G66920.1	2190	1991	312	51.2061
AT1G19710.1	1816	1617	106.598	21.5415
AT3G01140.2	1327	1128	11.3333	3.28312
AT3G01140.1	1543	1344	18.6667	4.53843
AT2G40510.1	794	595	429.504	235.878
AT3G09560.3	3472	3273	31.7839	3.17321
AT3G09560.1	3581	3382	93.1575	9.00083
AT3G09560.2	3490	3291	0.0585885	0.00581732
AT3G09560.4	3862	3663	0	0
AT1G24265.2	1488	1289	15	3.80257
AT1G24265.1	1417	1218	0	0
AT1G24265.3	1500	1301	0	0
AT3G53970.1	1275	1076	100.493	30.5184
AT3G53970.2	1396	1197	5.50687	1.50331
AT3G11520.1	1568	1369	37	8.83154
AT3G11520.2	1656	1457	0	0
AT3G25250.1	1675	1476	22	4.87051
AT4G24170.1	3408	3209	0	0
AT4G24170.2	3153	2954	1	0.110619
AT3G50690.1	1986	1787	162	29.623
AT3G23550.1	1722	1523	12	2.57466
AT2G40840.1	3409	3210	336	34.2037
AT4G09650.1	1151	952	2262	776.415
AT5G43280.1	1354	1155	40.2907	11.3989
AT5G43280.2	1268	1069	26.7093	8.16438
AT4G02180.1	3131	2932	5.58317	0.622236
AT1G63060.1	803	604	0	0
AT3G44440.1	367	168	0	0
AT3G17626.1	680	481	5	3.39675
AT1G78020.1	1015	816	434	173.795
AT3G62430.1	2011	1812	0	0
AT3G30540.1	1017	818	0	0
AT5G52280.1	3069	2870	126	14.3459
AT1G15920.2	1763	1564	22.2069	4.6397
AT1G15920.1	1270	1071	38.7931	11.836
AT1G72180.1	3593	3394	193	18.5816
AT1G68880.1	1086	887	77	28.3665
AT5G16870.1	770	571	29	16.5959
AT1G11690.1	744	545	0	0
AT4G21330.1	624	425	0	0
AT3G29370.1	840	641	1	0.509777
AT3G21690.1	2215	2016	489	79.2605
AT1G35720.1	1390	1191	1268	347.893
AT5G47760.1	1770	1571	56	11.648
AT5G47760.2	1853	1654	0	0
AT4G21450.2	1480	1281	24.0975	6.14698
AT4G21450.3	1385	1186	0	0
AT4G21450.1	1401	1202	161.902	44.0137
AT1G66570.3	1544	1345	0	0
AT1G66570.1	1740	1541	0	0
AT1G66570.2	1676	1477	2	0.442474
AT4G34230.1	1615	1416	96.233	22.2075
AT4G34230.2	1306	1107	82.767	24.4314
AT3G48570.1	883	684	45	21.4978
AT3G21760.1	1698	1499	229	49.9197
AT1G48270.1	1464	1265	0.00844294	0.00218093
AT1G48270.2	1548	1349	29.9916	7.26483
AT2G25360.1	1122	923	0	0
AT1G61667.1	760	561	11.5556	6.73079
AT1G61667.2	1057	858	14.4444	5.50113
AT2G20520.1	1009	810	8	3.22733
AT1G10980.1	1972	1773	0	0
AT4G32900.1	863	664	2.32407	1.14372
AT4G32900.3	1199	1000	6.46656	2.11306
AT4G32900.2	1019	820	30.9856	12.3477
AT4G32900.4	828	629	6.22377	3.23326
AT3G43583.1	303	104	0	0
AT1G64510.1	872	673	715.707	347.503
AT1G64510.2	913	714	348.293	159.399
AT5G46800.2	1693	1494	0	0
AT5G46800.3	1593	1394	37.8766	8.87864
AT5G46800.1	1469	1270	677.123	174.222
AT4G11550.1	2947	2748	12	1.42693
AT4G13540.1	1395	1196	18	4.9179
AT5G64990.2	849	650	4	2.01087
AT5G64990.1	916	717	0	0
AT4G26020.1	1003	804	0	0
AT4G26020.2	931	732	0	0
AT4G26020.3	831	632	0	0
AT1G48790.1	2156	1957	187	31.224
AT2G31490.1	619	420	228	177.388
AT2G07725.1	1662	1463	2.65036	0.591969
AT5G57710.1	3925	3726	347	30.4316
ATMG00760.1	330	131	0	0
AT1G31670.1	2248	2049	0	0
AT2G05105.1	486	287	0	0
AT2G28940.2	1591	1392	43	10.0941
AT2G28940.1	1591	1392	0	0
AT5G29050.1	489	290	0	0
AT5G47890.1	924	725	222	100.058
AT1G03430.2	1334	1135	0	0
AT1G03430.1	1226	1027	30	9.54529
AT1G67350.2	661	462	26.8955	19.0229
AT1G67350.1	862	663	211.104	104.045
AT5G45180.1	1380	1181	0	0
AT3G53340.3	1225	1026	6.60196	2.10264
AT3G53340.4	1393	1194	0	0
AT3G53340.5	1160	961	0	0
AT3G53340.2	1305	1106	0	0
AT3G53340.1	1087	888	51.01	18.7707
AT4G02990.2	2008	1809	74.1491	13.3939
AT4G02990.1	2073	1874	83.8509	14.621
AT2G35460.1	717	518	0	0
AT1G63090.1	1449	1250	83	21.6973
AT2G43490.5	2452	2253	0	0
AT2G43490.1	3025	2826	0	0
AT2G43490.7	3163	2964	0	0
AT2G43490.6	2947	2748	29.5862	3.51812
AT2G43490.8	3013	2814	0	0
AT2G43490.3	2845	2646	43.7941	5.40835
AT2G43490.4	2846	2647	21.6189	2.66881
AT2G43490.2	2957	2758	0.000828241	9.81298e-05
AT3G42790.1	1165	966	185	62.5796
AT1G72670.1	1890	1691	58	11.2079
AT5G37960.1	327	128	0	0
AT2G46590.2	1749	1550	38.0598	8.02368
AT2G46590.1	2369	2170	28	4.21635
AT5G26865.1	616	417	1	0.783614
AT1G53260.2	1298	1099	1	0.297331
AT1G53260.1	1408	1209	0	0
AT1G18750.1	1923	1724	15.4204	2.92278
AT1G18750.2	1364	1165	4.70948	1.32095
AT1G18750.4	1936	1737	0	0
AT1G18750.6	1160	961	0	0
AT1G18750.5	1133	934	6.87013	2.40357
AT1G18750.3	2043	1844	0	0
AT2G39420.1	1497	1298	52	13.0908
AT4G10810.1	848	649	71	35.748
AT1G18180.2	1043	844	0	0
AT1G18180.1	1199	1000	17	5.55504
AT1G64300.2	2721	2522	0.000118719	1.5382e-05
AT1G64300.1	2696	2497	10.9999	1.43949
AT2G18020.1	1177	978	2395.41	800.351
AT2G35760.1	1234	1035	51	16.1016
AT4G35010.1	2990	2791	0	0
AT2G36360.5	1691	1492	0	0
AT2G36360.3	1732	1533	0	0
AT2G36360.2	2062	1863	0	0
AT2G36360.1	2013	1814	65.9046	11.8718
AT2G36360.4	1661	1462	0	0
AT2G03110.2	1447	1248	5	1.30916
AT2G03110.1	1472	1273	0	0
AT2G03110.3	1030	831	0	0
AT2G32830.1	1883	1684	0	0
AT1G34065.1	1327	1128	29	8.40093
AT1G34065.2	1299	1100	0	0
AT1G69730.1	2553	2354	78	10.8275
AT1G69190.1	1733	1534	0	0
AT2G40980.1	2213	2014	99	16.0625
AT2G22830.1	2204	2005	17	2.77059
AT3G28785.1	542	343	0	0
AT5G60130.5	853	654	1	0.499644
AT5G60130.4	972	773	0	0
AT5G60130.1	1284	1085	0	0
AT5G60130.3	1413	1214	0	0
AT5G60130.2	955	756	0	0
AT5G57050.2	2043	1844	0	0
AT5G57050.1	2195	1996	43	7.03957
AT5G57050.3	2262	2063	0	0
AT5G48010.2	2633	2434	41.9847	5.63649
AT5G48010.1	2469	2270	0.0153393	0.0022081
AT3G61060.2	1374	1175	6.34171	1.76363
AT3G61060.1	1469	1270	0	0
AT3G53280.1	1704	1505	48	10.4218
AT3G21530.4	1280	1081	0	0
AT3G21530.2	1577	1378	0	0
AT3G21530.3	1482	1283	1.59955e-06	4.0739e-07
AT3G21530.1	1768	1569	52	10.8298
AT5G42000.1	1123	924	66	23.3405
AT5G42000.2	1131	932	0	0
AT3G13857.1	239	41.1625	0	0
AT5G44210.1	1145	946	10	3.4542
AT3G19880.1	1170	971	0	0
AT3G18740.1	621	422	703	544.354
AT4G37870.1	2583	2384	1002	137.341
AT5G06760.1	903	704	7	3.2491
AT1G09610.1	1180	981	2	0.666192
AT5G22730.1	1976	1777	29.2284	5.37471
AT5G22730.3	1817	1618	0.000371496	7.50263e-05
AT5G22730.2	2061	1862	12.7713	2.24126
AT4G17030.1	1117	918	66	23.4931
AT5G01280.2	1807	1608	0	0
AT5G01280.1	1666	1467	7	1.55922
AT5G01280.3	1716	1517	0	0
AT2G16440.1	2865	2666	192	23.5331
AT1G71691.3	1022	823	4	1.58818
AT1G71691.1	1422	1223	0	0
AT1G71691.2	1874	1675	0	0
AT1G78970.1	2980	2781	6.3931	0.751189
AT1G78970.2	2818	2619	0	0
AT1G78970.3	2545	2346	27.6069	3.84528
AT5G49880.1	2684	2485	103	13.5441
AT5G14860.1	1598	1399	3	0.700716
AT3G45020.3	569	370	0	0
AT3G45020.2	918	719	0	0
AT3G45020.1	797	598	9	4.9179
AT3G45020.4	566	367	0	0
AT4G05260.1	780	581	0	0
AT5G58440.1	2405	2206	155	22.9596
AT5G17440.2	1272	1073	7.57463	2.30675
AT5G17440.1	1696	1497	80.4254	17.5554
AT1G70640.1	1659	1460	2	0.447626
AT1G30110.2	847	648	0	0
AT1G30110.1	1002	803	46	18.7189
AT1G67790.1	1995	1796	29	5.27631
AT2G25300.2	1491	1292	5.07463	1.28345
AT2G25300.1	1625	1426	31.9254	7.31568
AT5G43330.1	1462	1263	87	22.5089
AT2G03850.1	853	654	0	0
AT4G03560.1	2815	2616	480	59.9573
AT5G23250.3	1743	1544	20.7032	4.38156
AT5G23250.1	1482	1283	130.235	33.1694
AT5G23250.2	1614	1415	8.06223	1.86182
AT1G55370.1	2603	2404	17.5572	2.38649
AT1G55370.2	2429	2230	89.3358	13.0906
AT4G01330.1	2238	2039	0	0
AT4G01330.2	1986	1787	38	6.9486
AT4G01330.3	2111	1912	0	0
AT4G34881.1	966	767	630	268.401
AT1G14160.1	1054	855	10.0916	3.85684
AT2G38440.1	4885	4686	323	22.5236
AT5G19550.1	1822	1623	579	116.573
AT5G04780.1	1977	1778	9	1.65405
AT1G16810.3	527	328	22.5949	22.51
AT1G16810.2	702	503	91.124	59.1975
AT1G16810.1	878	679	14.281	6.87271
AT2G34185.2	849	650	0	0
AT2G34185.1	808	609	0	0
AT2G34185.3	1021	822	3	1.19258
AT5G40090.1	1815	1616	10	2.02207
AT3G04945.1	231	34.449	0	0
AT1G04625.1	774	575	0	0
AT4G21745.1	1032	833	1	0.392277
AT5G19570.1	758	559	25	14.6139
AT3G47300.1	940	741	16	7.0557
AT4G28290.1	687	488	27.0204	18.093
AT4G28290.2	1428	1229	30.4722	8.10196
AT5G54010.1	1633	1434	0	0
AT1G01180.1	1456	1257	31	8.0587
AT1G10150.1	1816	1617	40.008	8.08492
AT1G02180.1	922	723	18	8.13528
AT5G59990.1	1115	916	3	1.0702
AT5G59990.2	975	776	0	0
AT2G30500.3	1760	1561	138.064	28.9012
AT2G30500.2	2211	2012	22.8089	3.70437
AT2G30500.1	2531	2332	57.1273	8.00485
AT4G37910.1	2533	2334	880	123.203
AT4G37910.2	2413	2214	8.64592e-07	1.27606e-07
AT5G26200.1	1263	1064	15	4.60668
AT4G16165.1	554	355	0	0
AT5G25950.1	1538	1339	0	0
AT3G42660.1	2862	2663	94	11.5344
AT2G25685.1	480	281	0	0
AT3G05700.1	1290	1091	28.371	8.49744
AT3G05700.2	1825	1626	10.629	2.13605
AT3G20170.1	1824	1625	39	7.84241
AT5G18200.1	1535	1336	74	18.0994
AT3G63010.1	2039	1840	93	16.5159
AT3G07110.2	893	694	217.977	102.633
AT3G07110.1	1032	833	662.023	259.697
AT2G20815.1	1644	1445	6.13786	1.38799
AT2G20815.2	2294	2095	0	0
AT2G20815.3	2417	2218	8.99808	1.32564
AT2G20815.4	2146	1947	0	0
AT3G08750.1	1110	911	0	0
AT1G28380.1	2347	2148	164	24.9487
AT4G25220.1	1935	1736	15	2.82345
AT5G20030.2	1635	1436	0	0
AT5G20030.1	1401	1202	3	0.815559
AT5G45940.2	876	677	11.3846	5.49501
AT5G45940.1	866	667	30.6154	14.9986
AT5G45940.3	610	411	0	0
AT5G44060.1	1294	1095	31	9.25094
AT2G29480.1	951	752	16	6.95249
AT1G13800.1	3257	3058	6.90293	0.737623
AT1G13800.2	2814	2615	3.09707	0.387005
AT5G37520.1	600	401	0	0
AT2G48060.2	8247	8048	214.174	8.69596
AT2G48060.3	8140	7941	0	0
AT2G48060.1	7984	7785	40.8257	1.71362
AT2G41770.1	2747	2548	166.632	21.3697
AT1G75125.1	629	430	4	3.03969
AT3G27880.1	1381	1182	44	12.1639
AT5G64350.1	714	515	446	282.987
AT1G26500.1	1518	1319	3	0.743216
AT5G22300.2	2446	2247	23.6189	3.43475
AT5G22300.1	1543	1344	83.3811	20.2725
AT1G01730.1	1197	998	70	22.9195
AT4G01435.1	674	475	0	0
AT1G49190.1	1224	1025	0	0
AT1G49190.2	2128	1929	0	0
AT5G57460.1	2379	2180	216	32.3769
ATMG00670.1	828	629	2	1.03901
AT2G17036.1	1455	1256	0	0
AT2G17036.2	1268	1069	7	2.13973
AT2G04920.1	1131	932	0	0
AT5G02080.4	1117	918	3	1.06787
AT5G02080.1	876	677	0	0
AT5G02080.2	1474	1275	0	0
AT5G02080.5	1000	801	0	0
AT5G02080.7	930	731	0	0
AT5G02080.3	1272	1073	0	0
AT5G02080.6	1152	953	0	0
AT5G47560.1	2905	2706	591	71.3671
AT2G04890.1	1863	1664	39	7.6586
AT2G27950.2	3445	3246	15.0901	1.51908
AT2G27950.3	3143	2944	172.485	19.1449
AT2G27950.1	3244	3045	37.4247	4.01615
AT1G56085.1	482	283	0	0
AT5G63510.2	1186	987	30.0352	9.94379
AT5G63510.1	1083	884	273.965	101.27
AT5G05240.2	1761	1562	20.007	4.18541
AT5G05240.1	2192	1993	36.993	6.06528
AT5G51280.1	2340	2141	123	18.7727
AT3G49860.1	784	585	17	9.4958
AT3G26090.2	1486	1287	0	0
AT3G26090.1	1869	1670	73	14.2838
AT4G31010.1	1558	1359	26	6.25162
AT4G31010.2	1333	1134	0	0
AT1G20575.1	1066	867	62	23.3674
AT5G64395.1	96	4.14046	0	0
AT5G61880.3	913	714	0	0
AT5G61880.2	767	568	3.57576	2.05711
AT5G61880.1	899	700	42.4242	19.8041
AT5G50365.1	443	244	0	0
AT1G34020.2	2075	1876	6.7151	1.16965
AT1G34020.1	1486	1287	58.7771	14.9234
AT1G34020.3	1789	1590	29.5078	6.06425
AT4G10740.1	1284	1085	0	0
AT1G10290.1	3460	3261	416	41.6851
AT4G23740.1	2694	2495	31.3437	4.10505
AT4G23740.2	2308	2109	175.656	27.2161
AT1G19040.1	1337	1138	0	0
AT1G32960.1	2656	2457	4	0.531977
AT2G07180.1	1977	1778	29.3884	5.40111
AT2G07180.2	1614	1415	44.6116	10.3022
AT4G38050.1	2533	2334	23	3.22007
AT4G38900.2	2374	2175	0.0409013	0.00614492
AT4G38900.3	2177	1978	52.0766	8.6031
AT4G38900.1	2251	2052	10.8825	1.73296
AT4G03040.1	279	80.003	0	0
AT3G06145.1	976	777	53	22.2891
AT1G10740.1	2240	2041	0	0
AT1G10740.3	1882	1683	16.7716	3.25634
AT1G10740.2	2067	1868	90.4597	15.824
AT1G10740.4	1874	1675	63.7686	12.4403
AT4G27710.2	1873	1674	86.1903	16.8245
AT4G27710.1	2067	1868	14.8097	2.59065
AT2G30810.1	476	277	0	0
AT4G01080.1	1676	1477	186	41.1501
AT5G14895.1	1030	831	0	0
AT5G10400.1	786	587	189.293	105.375
AT4G26466.1	518	319	0	0
AT3G53170.2	2019	1820	2.5529e-05	4.58353e-06
AT3G53170.3	1928	1729	0	0
AT3G53170.1	1999	1800	8.24425	1.49664
AT3G53170.4	1344	1145	6.75573	1.92799
AT4G20545.1	789	590	0	0
AT1G68440.1	1728	1529	336	71.8076
AT1G05085.1	375	176	0	0
AT5G57340.1	1438	1239	9.39486	2.47775
AT5G57340.2	3046	2847	7.60514	0.872887
AT4G30200.3	2727	2528	115.727	14.9588
AT4G30200.1	2532	2333	108.677	15.2216
AT4G30200.4	2585	2386	18.0594	2.47326
AT4G30200.2	2763	2564	77.5366	9.8816
AT5G66700.1	941	742	0	0
AT2G24765.1	1018	819	127.821	50.9983
AT2G24765.2	845	646	34.1792	17.2889
AT3G12720.1	1236	1037	8	2.52086
AT5G35400.1	1574	1375	24	5.70357
AT5G35400.2	1641	1442	0	0
AT4G27700.1	1097	898	359	130.634
AT1G31970.1	1955	1756	421	78.3422
AT1G04960.1	1450	1251	60.9556	15.9219
AT1G04960.2	1698	1499	6.04435	1.31761
AT2G33560.2	1533	1334	10.6667	2.61283
AT2G33560.1	1533	1334	21.3333	5.22566
AT1G63710.1	1896	1697	4	0.770223
AT1G03103.1	640	441	0	0
AT1G27870.1	642	443	0	0
AT5G57000.1	1005	806	26	10.5409
AT5G57000.2	974	775	0	0
AT2G29420.1	887	688	155	73.6176
AT1G69090.1	1257	1058	0	0
AT5G03345.1	688	489	68.788	45.9666
AT5G03345.2	1250	1051	3.21203	0.998655
AT4G25190.1	1531	1332	0	0
AT4G25190.2	1487	1288	3	0.761104
AT5G04267.1	270	71.016	0	0
AT1G58120.1	2057	1858	1	0.17587
AT3G50750.1	1564	1365	80	19.1512
AT4G37630.3	1858	1659	0	0
AT4G37630.1	1777	1578	18.5759	3.84663
AT4G37630.2	1597	1398	11.4241	2.67027
AT1G36745.1	333	134	0	0
AT3G60600.1	1514	1315	383.226	95.2285
AT3G60600.2	1545	1346	51.7745	12.5692
AT3G60600.3	1565	1366	0	0
AT5G19595.1	192	14.0216	0	0
AT3G63170.1	1029	830	119	46.8497
AT1G61550.1	2985	2786	0	0
AT1G35680.1	939	740	1394	615.559
AT1G43760.1	1881	1682	0	0
AT3G25610.1	4053	3854	72	6.10463
AT5G58530.1	1390	1191	41	11.2489
AT5G57010.1	2011	1812	7	1.26235
AT2G07774.1	591	392	2	1.66718
AT3G59250.1	1434	1235	4	1.05836
AT5G19710.1	345	146	0	0
AT4G39040.1	1141	942	175.243	60.7894
AT4G39040.2	1144	945	42.7571	14.7848
AT4G14790.1	2444	2245	34.3602	5.00125
AT4G14790.2	2379	2180	16.6398	2.49419
AT4G39770.2	1408	1209	11.1375	3.01024
AT4G39770.1	1410	1211	32.8625	8.86736
AT1G30690.1	2126	1927	474	80.3776
AT1G30690.2	2173	1974	0	0
ATCG00600.1	114	4.78619	0	0
AT2G25355.1	1157	958	4.93814	1.68437
AT2G25355.2	963	764	26.0619	11.1468
AT2G20613.1	408	209	0	0
AT1G30757.1	694	495	0	0
AT1G30757.2	755	556	0	0
AT2G35200.1	819	620	0	0
AT3G20530.1	1706	1507	0	0
AT3G20530.2	1636	1437	0	0
AT4G37490.1	1630	1431	45	10.2757
AT1G27060.1	1277	1078	10	3.03123
AT3G05000.1	925	726	83	37.3577
AT3G24150.1	1608	1409	34.0887	7.90566
AT3G24150.2	1484	1285	22.9113	5.82619
AT2G07830.1	123	5.19716	0	0
AT2G36340.1	2031	1832	22	3.92406
AT1G49880.1	830	631	5	2.58928
AT1G49880.2	925	726	0	0
AT3G47140.1	675	476	0	0
AT1G70210.1	2506	2307	140	19.8298
AT2G29350.1	1266	1067	0	0
AT2G29350.3	1146	947	1	0.345055
AT2G29350.2	1364	1165	0	0
AT1G20132.1	1378	1179	0	0
AT2G32560.2	2076	1877	23.5016	4.09139
AT2G32560.1	1772	1573	82.4984	17.1378
AT1G43145.1	1074	875	0	0
AT3G45410.1	2677	2478	21	2.76921
AT5G37020.3	3396	3197	20.6576	2.11142
AT5G37020.1	3482	3283	185.93	18.5062
AT5G37020.2	2844	2645	134.413	16.6055
AT3G11380.1	1626	1427	0	0
AT1G69970.1	1158	959	0	0
AT1G69970.2	1182	983	7	2.32693
AT1G35467.1	324	125	0	0
AT5G04310.1	2448	2249	0	0
AT5G04310.3	1852	1653	0	0
AT5G04310.2	2240	2041	11	1.76112
AT5G50630.1	1839	1640	42	8.36843
AT1G47340.2	1663	1464	0	0
AT1G47340.3	1618	1419	0	0
AT1G47340.1	1726	1527	17	3.63788
AT1G11170.1	1864	1665	0	0
AT1G11170.2	2190	1991	0	0
AT1G11170.6	1773	1574	14	2.90644
AT1G11170.4	1937	1738	0	0
AT1G11170.9	1300	1101	0	0
AT1G11170.5	2254	2055	0	0
AT1G11170.3	1966	1767	0	0
AT1G11170.8	1577	1378	0	0
AT1G11170.7	1846	1647	0	0
AT4G00190.1	1425	1226	0	0
AT3G19230.1	1887	1688	1	0.193582
AT1G62045.1	631	432	19	14.3717
AT3G15590.1	2192	1993	63.8276	10.465
AT3G15590.2	2333	2134	37.1724	5.69199
AT1G01160.1	1045	846	72	27.81
AT1G01160.2	1129	930	0	0
AT1G03055.1	973	774	12.5912	5.31574
AT1G03055.2	1081	882	10.4088	3.85631
AT2G19045.1	460	261	0	0
AT2G19060.1	1890	1691	28	5.41069
AT5G20910.1	1277	1078	50	15.1562
AT3G02280.1	2321	2122	0.00131068	0.000201832
AT3G02280.2	2399	2200	0	0
AT3G02280.3	2301	2102	68.9987	10.7262
AT1G34827.1	510	311	0	0
AT1G05800.1	1416	1217	0	0
AT1G63350.1	2988	2789	0	0
AT1G63350.3	3120	2921	9.12966	1.02132
AT1G63350.2	3123	2924	0	0
AT1G63350.4	2913	2714	0	0
AT4G30330.1	722	523	42	26.2413
AT1G30870.1	1305	1106	71	20.9769
AT4G16200.1	867	668	0	0
AT1G56710.1	1835	1636	6	1.19841
AT4G34590.1	1370	1171	132	36.8346
AT4G24190.1	3029	2830	254.876	29.4293
AT4G24190.2	2707	2508	1196.12	155.843
ATCG01080.1	531	332	3	2.95271
AT5G05540.1	1718	1519	66.7932	14.3685
AT5G05540.2	1804	1605	12.2068	2.48523
AT1G69010.1	1777	1578	77.8461	16.1201
AT5G38150.1	2100	1901	86	14.7827
AT2G21180.1	972	773	20	8.45452
AT2G04850.1	1572	1373	61	14.5177
AT5G08535.4	905	706	4.83463	2.23767
AT5G08535.2	786	587	0	0
AT5G08535.3	987	788	0	0
AT5G08535.1	805	606	13.1654	7.09903
AT1G65780.1	3198	2999	0	0
AT4G27960.1	1176	977	329.347	110.153
AT4G27960.2	1278	1079	73.6533	22.3054
AT3G22680.1	2778	2579	85	10.7698
AT4G37060.1	1676	1477	0	0
AT4G37060.2	1545	1346	3.05642	0.742005
AT3G57780.5	2528	2329	24.9361	3.49862
AT3G57780.4	2313	2114	65.9086	10.1877
AT3G57780.1	2473	2274	0	0
AT3G57780.2	2474	2275	0	0
AT3G57780.3	2504	2305	0.155339	0.0220216
AT1G27510.1	2359	2160	165	24.9614
AT3G32380.1	192	14.0216	0	0
AT5G25540.1	1014	815	77.7173	31.1601
AT5G25540.3	1120	921	8.6726	3.077
AT5G25540.2	1079	880	23.6101	8.76706
AT3G12660.1	768	569	0	0
AT1G35220.4	3972	3773	8.72533	0.755672
AT1G35220.7	3235	3036	102.129	10.9922
AT1G35220.3	3587	3388	0	0
AT1G35220.6	3373	3174	0	0
AT1G35220.1	3632	3433	37.1459	3.5357
AT1G35220.2	4063	3864	0	0
AT1G35220.5	3401	3202	0	0
AT1G61480.1	2816	2617	3.68774	0.460463
AT3G05170.1	1387	1188	18	4.95102
AT2G36305.2	1406	1207	0	0
AT2G36305.1	1321	1122	26	7.57214
AT5G28540.1	2836	2637	1267.43	157.055
AT3G05690.1	1633	1434	63	14.3559
AT3G05690.2	1834	1635	0	0
AT3G27999.1	640	441	0	0
AT5G56530.2	1873	1674	32.7069	6.38443
AT5G56530.1	1989	1790	46.2931	8.45087
AT3G52910.1	1582	1383	72	17.0117
AT4G17085.1	536	337	17	16.4838
AT1G70100.4	2056	1857	32.2339	5.67205
AT1G70100.3	2236	2037	30.102	4.82883
AT1G70100.5	2208	2009	0	0
AT1G70100.1	2337	2138	0	0
AT1G70100.2	2186	1987	0	0
AT1G70100.6	2143	1944	3.66409	0.615897
AT1G29100.1	603	404	0	0
AT1G29100.2	1000	801	0	0
AT1G52315.1	1399	1200	8	2.17845
AT1G52315.2	1085	886	0	0
AT1G78990.1	1631	1432	26	5.93292
AT1G69490.1	1252	1053	3	0.93096
AT5G15870.1	2582	2383	114	15.6322
AT4G28775.1	604	405	0	0
AT1G11620.1	1092	893	0	0
AT5G25460.1	1599	1400	1307	305.06
AT1G65620.1	2170	1971	0	0
AT1G65620.4	1402	1203	0	0
AT1G65620.3	1816	1617	3.70023	0.747751
AT1G65620.5	1036	837	9.55977	3.73216
AT1G65620.2	1379	1180	0.740004	0.204923
AT1G14440.1	2076	1877	9.81438	1.70859
AT1G14440.2	1311	1112	58.1856	17.0982
AT1G80330.1	1068	869	1	0.376027
AT3G25840.1	3414	3215	130.792	13.2935
AT3G25840.2	3363	3164	81.2076	8.38684
AT2G16500.1	2917	2718	1915.51	230.289
AT5G41401.1	165	8.64817	0	0
AT1G48350.1	897	698	1021	477.979
AT1G54960.1	2510	2311	0	0
AT1G54960.2	2344	2145	35	5.33186
AT4G33790.1	1776	1577	11	2.27929
AT4G33790.2	1956	1757	0	0
AT3G02540.2	1500	1301	7.26365	1.82438
AT3G02540.1	1810	1611	162.258	32.9116
AT3G02540.3	1706	1507	27.4783	5.95819
AT3G52000.1	1689	1490	0	0
AT2G19720.1	730	531	23	14.1538
AT5G19210.1	1647	1448	11.7953	2.66182
AT5G19210.2	1774	1575	37.2047	7.71891
AT5G19210.3	1591	1392	0	0
AT5G61350.1	2877	2678	22	2.68442
AT3G51690.1	1453	1254	0	0
AT5G61040.1	2455	2256	33	4.77984
AT5G40382.2	482	283	0	0
AT5G40382.1	512	313	0	0
AT1G24130.1	1515	1316	1	0.248303
AT5G03545.1	936	737	29	12.8579
AT2G47680.1	3520	3321	35	3.4438
AT2G44370.1	1171	972	57	19.1623
AT2G37190.1	951	752	863	375
AT5G58670.1	2164	1965	18	2.99329
AT1G56660.1	2326	2127	34	5.22336
AT1G56660.2	1818	1619	0	0
AT4G36190.1	1910	1711	161.329	30.8107
AT5G20400.1	1357	1158	89.9459	25.3811
AT4G19030.3	1276	1077	0	0
AT4G19030.2	1348	1149	13.2646	3.77235
AT4G19030.1	1197	998	89.7354	29.3813
AT1G03080.3	5860	5661	433	24.9938
AT1G03080.1	6005	5806	0	0
AT1G03080.2	5954	5755	2.66559e-06	1.51351e-07
AT1G61400.2	2511	2312	11.9607	1.69047
AT1G61400.1	3271	3072	4.04211	0.429957
AT2G46580.1	975	776	28	11.7906
AT1G55930.2	2398	2199	32.4005	4.81465
AT1G55930.1	2825	2626	24.5995	3.06105
AT5G21150.1	3075	2876	4	0.454474
AT2G32750.1	1627	1428	3	0.686486
AT2G32750.2	1697	1498	0	0
AT1G17960.1	1596	1397	5.588	1.30707
AT1G17960.2	1346	1147	0.412	0.117374
AT4G31115.2	1181	982	8.09461	2.69354
AT4G31115.1	1109	910	36.9054	13.2522
AT4G32450.1	1953	1754	28	5.21635
AT1G18450.1	1721	1522	171	36.713
AT2G18290.1	1028	829	53	20.891
AT3G66656.1	537	338	0	0
AT3G07710.1	438	239	0	0
AT1G23680.1	399	200	0	0
AT1G47920.1	1201	1002	1	0.326115
AT1G07690.3	835	636	0	0
AT1G07690.2	847	648	0	0
AT1G07690.4	601	402	0	0
AT1G07690.1	589	390	0	0
AT1G07690.5	742	543	0	0
AT2G19620.3	1080	881	23.9399	8.87943
AT2G19620.1	1496	1297	28.0601	7.06948
AT2G19620.2	1394	1195	0	0
AT1G64660.1	1716	1517	94	20.2479
AT3G52230.1	918	719	292	132.707
AT2G17900.1	1793	1594	14	2.86997
AT3G05910.2	1387	1188	25.55	7.02769
AT3G05910.1	2107	1908	299.45	51.2843
AT1G67840.2	2159	1960	88.2817	14.7181
AT1G67840.1	2222	2023	118.718	19.1761
AT5G26770.6	1444	1245	0	0
AT5G26770.3	1269	1070	0	0
AT5G26770.5	1814	1615	0	0
AT5G26770.4	1836	1637	0	0
AT5G26770.1	1555	1356	23.8235	5.74096
AT5G26770.2	1745	1546	10.1765	2.15094
AT5G44316.1	1413	1214	0	0
AT4G26320.1	588	389	26	21.8405
AT5G42200.1	1005	806	5	2.02709
AT5G28463.1	1121	922	0	0
AT5G47640.1	1046	847	106	40.8941
AT2G23290.1	1527	1328	51	12.549
AT1G43900.1	1249	1050	112	34.8552
AT3G28480.2	1243	1044	0	0
AT3G28480.1	1357	1158	81	22.8568
AT4G03120.1	1230	1031	97	30.7434
AT5G55620.1	981	782	304	127.03
AT2G43410.6	2833	2634	1.50648	0.18689
AT2G43410.1	3195	2996	9.21192	1.00472
AT2G43410.4	3829	3630	15.8747	1.42902
AT2G43410.3	3336	3137	27.2802	2.84165
AT2G43410.5	4123	3924	20.6299	1.71794
AT2G43410.2	3324	3125	135.497	14.1683
AT3G15290.1	1248	1049	38.4249	11.9695
AT3G15290.2	975	776	4.57509	1.92653
AT5G10040.1	435	236	4	5.53843
AT4G04970.1	6083	5884	114	6.33097
AT5G64200.2	1609	1410	117.466	27.2227
AT5G64200.1	1457	1258	134.534	34.9454
AT4G02290.2	2218	2019	0	0
AT4G02290.1	2047	1848	167	29.5293
AT2G05160.2	2709	2510	0	0
AT2G05160.1	2605	2406	13	1.76557
AT2G05160.3	2554	2355	0	0
AT1G25230.1	1216	1017	19.4189	6.23939
AT1G25230.3	1438	1239	5.58108	1.47192
AT1G25230.2	1506	1307	0	0
AT5G01020.1	1822	1623	356	71.6754
AT5G55810.2	1147	948	0	0
AT5G55810.3	1238	1039	2.2481	0.70703
AT5G55810.1	1140	941	7.7519	2.69189
AT1G60783.1	938	739	0	0
AT5G06720.1	1341	1142	3	0.858407
AT2G18060.3	1177	978	5	1.67059
AT2G18060.1	1671	1472	0	0
AT2G18060.2	1580	1381	0	0
AT3G62050.1	991	792	8	3.30068
AT2G47280.1	1167	968	0	0
AT1G80700.1	948	749	23.642	10.3143
AT4G25390.1	2530	2331	46	6.44843
AT4G25390.2	1766	1567	0	0
AT1G70470.1	765	566	23.9353	13.8185
AT1G11820.1	1572	1373	25.1036	5.97453
AT1G11820.2	2033	1834	206.554	36.8021
AT1G11820.3	1714	1515	88.3426	19.0544
AT5G01620.2	1742	1543	0	0
AT5G01620.1	1648	1449	29.5714	6.66872
AT5G01620.3	1550	1351	13.4286	3.24798
AT1G14850.1	5093	4894	240	16.0245
AT2G41475.1	1057	858	91	34.6571
AT1G15720.1	1462	1263	17	4.39829
AT1G78750.2	1784	1585	0	0
AT1G78750.1	1708	1509	0	0
AT1G52690.1	862	663	0	0
AT1G52690.2	830	631	2	1.03571
AT2G31710.1	782	583	42	23.5407
AT1G70400.2	1004	805	0	0
AT1G70400.1	791	592	0	0
AT1G70400.3	910	711	0	0
AT5G42567.1	433	234	0	0
AT5G07110.1	929	730	74	33.1243
AT4G39550.1	1464	1265	12.0071	3.10161
AT5G09280.1	894	695	0	0
AT4G01395.1	2453	2254	240	34.7933
AT5G55730.2	1521	1322	153.462	37.9321
AT5G55730.1	1755	1556	179.538	37.7039
AT4G11630.1	1087	888	67.8119	24.9535
AT3G10150.1	1264	1065	1.48308	0.455045
AT3G10150.2	1217	1018	1.51692	0.486914
AT1G01360.1	1179	980	46	15.338
AT4G15400.1	1677	1478	10	2.21087
AT1G72570.1	1248	1049	0	0
AT2G17650.1	2191	1992	12	1.96848
AT2G42550.1	1035	836	0	0
AT2G18420.1	565	366	0	0
AT2G18420.2	454	255	0	0
AT1G59760.1	3286	3087	190	20.112
AT5G44070.1	1815	1616	183	37.0039
AT5G44070.2	2085	1886	0	0
AT4G20940.1	3356	3157	153	15.8364
AT4G29040.1	1632	1433	415	94.6325
AT3G07420.1	2514	2315	43.1255	6.08726
AT3G07420.2	2551	2352	51.8745	7.207
AT3G13460.2	2812	2613	3.87979	0.485185
AT3G13460.4	2818	2619	972.939	121.392
AT3G13460.3	2847	2648	719.203	88.7507
AT3G13460.1	3087	2888	123.978	14.0277
AT3G48520.1	1922	1723	7	1.32755
AT3G05110.1	1309	1110	1	0.294385
AT1G07020.1	819	620	32	16.8654
AT2G22426.1	477	278	0	0
AT2G02070.2	2713	2514	0	0
AT2G02070.1	2268	2069	248	39.1678
AT2G38610.2	1603	1404	83.6821	19.4762
AT2G38610.1	1452	1253	79.3179	20.6851
AT4G30660.1	496	297	13.1416	14.4587
AT4G30660.2	383	184	2.85841	5.07627
AT1G08300.3	2091	1892	3.40354	0.587826
AT1G08300.1	2241	2042	0	0
AT1G08300.2	2205	2006	17.5965	2.86637
AT1G80625.1	1187	988	0	0
AT3G13880.1	2416	2217	4	0.589566
AT5G06650.1	782	583	1	0.560492
AT4G11210.1	849	650	4	2.01087
AT1G14590.1	1444	1245	27	7.08652
AT5G28345.1	609	410	0	0
AT5G39460.1	1716	1517	0	0
AT1G74190.1	2908	2709	0	0
AT3G01160.1	2365	2166	123	18.556
AT5G35690.1	2438	2239	74	10.7998
AT3G12680.1	1916	1717	99	18.841
AT5G58140.4	2827	2628	12.479	1.55164
AT5G58140.6	3389	3190	1.98191e-08	2.03016e-09
AT5G58140.3	6110	5911	107.064	5.91864
AT5G58140.7	3212	3013	146.821	15.923
AT5G58140.5	3039	2840	666.015	76.6309
AT5G58140.2	6518	6319	4.54228e-05	2.34889e-06
AT5G58140.1	6334	6135	214.621	11.4313
AT3G24170.1	2242	2043	365.465	58.4543
AT3G24170.2	1900	1701	215.748	41.4458
AT3G24170.3	1809	1610	832.787	169.023
AT3G05210.1	1704	1505	67	14.5471
AT3G05210.2	1800	1601	0	0
AT4G01910.1	2303	2104	18	2.79554
AT5G19840.2	1971	1772	0	0
AT5G19840.1	1631	1432	13	2.96646
AT1G36580.1	875	676	0	0
ATMG00510.1	1185	986	5	1.65703
AT4G33550.2	690	491	15	9.9827
AT4G33550.1	617	418	0	0
AT1G67880.1	1801	1602	45	9.17885
AT5G45080.1	1520	1321	42	10.3893
AT3G02480.1	550	351	15	13.9644
AT4G05450.1	1176	977	24.1108	8.0641
AT4G05450.2	923	724	47.2456	21.3236
AT1G12855.1	1514	1315	0	0
AT1G03520.2	1404	1205	2.27285	0.616343
AT1G03520.1	2137	1938	31.7271	5.34953
AT2G31760.1	1545	1346	0	0
AT2G35630.2	6897	6698	0	0
AT2G35630.1	6591	6392	458	23.4135
AT1G15385.1	627	428	1	0.763475
AT3G45245.1	351	152	0	0
AT4G37295.1	796	597	1	0.547349
AT1G61070.1	631	432	0	0
AT5G48770.1	3733	3534	22	2.0342
AT1G02750.1	1103	904	32.8727	11.8824
AT1G02750.2	828	629	1.12727	0.585621
AT3G16660.1	929	730	75	33.572
AT3G16660.2	1002	803	165	67.1439
AT5G05730.1	2117	1918	135	22.9998
AT5G05730.2	2139	1940	0	0
AT4G37930.1	1989	1790	5837	1065.55
AT1G17280.9	1167	968	49.4471	16.6918
AT1G17280.7	1535	1336	0	0
AT1G17280.6	1919	1720	0	0
AT1G17280.2	1047	848	43.9435	16.9331
AT1G17280.5	1427	1228	0	0
AT1G17280.3	1556	1357	0	0
AT1G17280.1	1352	1153	0	0
AT1G17280.8	1416	1217	5.90321	1.58502
AT1G17280.4	1445	1246	5.70616	1.49646
AT3G60620.1	1932	1733	116.978	22.0569
AT3G60620.2	1852	1653	0.0220684	0.00436252
AT2G46370.4	2329	2130	0	0
AT2G46370.1	2180	1981	167.158	27.5729
AT2G46370.2	2325	2126	23.564	3.6218
AT2G46370.3	1931	1732	107.278	20.2395
AT5G27340.1	717	518	0	0
AT1G09630.1	1093	894	79	28.8754
AT3G17650.1	2498	2299	0.873907	0.124212
AT3G17650.2	2487	2288	215.126	30.7238
AT5G55380.1	1330	1131	57	16.4684
AT1G22830.1	3056	2857	8.07062	0.923071
AT1G22830.2	2702	2503	7.92938	1.03518
AT4G13940.3	1898	1699	1643.8	316.151
AT4G13940.1	2192	1993	5841.57	957.769
AT4G13940.4	1466	1267	0	0
AT4G13940.2	1913	1714	2646.63	504.569
AT1G75335.1	462	263	12	14.9095
AT5G16150.2	1965	1766	150.485	27.8447
AT5G16150.1	1880	1681	402.991	78.3368
AT5G16150.3	2052	1853	57.5237	10.144
AT5G61850.2	1378	1179	0	0
AT5G61850.1	1263	1064	1	0.307112
AT4G03630.1	663	464	0	0
AT5G20040.3	1757	1558	39.5397	8.29286
AT5G20040.2	1570	1371	0	0
AT5G20040.1	1820	1621	51.4603	10.3736
AT4G27050.2	1992	1793	21.0117	3.8293
AT4G27050.3	1736	1537	46.9883	9.98974
AT4G27050.5	1867	1668	0	0
AT4G27050.4	1775	1576	0	0
AT4G27050.1	2038	1839	0	0
AT3G43580.1	1623	1424	17	3.90101
AT3G29450.1	1569	1370	0	0
AT4G21040.1	699	500	0	0
AT5G53390.1	1838	1639	1	0.19937
AT5G57700.5	1360	1161	21.2212	5.97278
AT5G57700.4	1246	1047	15.6825	4.89447
AT5G57700.2	1441	1242	0	0
AT5G57700.3	1747	1548	12.3183	2.60027
AT5G57700.1	1370	1171	8.778	2.4495
AT4G26485.1	630	431	0	0
AT4G10100.3	599	400	27.2572	22.2669
AT4G10100.1	596	397	24.1071	19.8424
AT4G10100.2	563	364	18.6356	16.7294
AT1G26921.1	258	59.1108	0	0
AT1G75870.1	1130	931	0	0
AT4G11870.1	361	162	0	0
AT5G48140.1	1545	1346	0	0
AT1G59359.1	1288	1089	408.207	122.487
AT1G51480.1	2763	2564	1.04894	0.133682
AT3G11080.2	2873	2674	0	0
AT3G11080.1	3294	3095	14.2749	1.50713
AT4G27595.2	4935	4736	16.548	1.14175
AT4G27595.1	4691	4492	106.452	7.74377
AT2G17250.1	2073	1874	179	31.212
AT3G06590.4	1887	1688	0	0
AT3G06590.2	1761	1562	12.3122	2.57568
AT3G06590.3	2841	2642	0	0
AT3G06590.1	1609	1410	98.6878	22.8709
AT2G28240.1	2288	2089	25.7901	4.03416
AT2G28240.2	2126	1927	25.2099	4.27491
AT5G05370.1	469	270	116	140.389
AT5G04853.1	177	10.528	0	0
AT5G60180.1	1261	1062	2	0.615381
AT4G17245.1	661	462	76	53.7539
AT3G53510.1	2836	2637	52	6.44364
AT3G44090.1	1350	1151	0	0
AT4G37320.1	2137	1938	57	9.6108
AT5G39080.1	1775	1576	125	25.9174
AT1G70660.2	802	603	81.4058	44.114
AT1G70660.1	840	641	91.5997	46.6954
AT1G77170.1	1563	1364	15	3.59348
AT1G55510.1	1504	1305	29.4298	7.3691
AT4G17480.3	1562	1363	0	0
AT4G17480.1	1462	1263	0	0
AT4G17480.4	1423	1224	5	1.33483
AT4G17480.2	1739	1540	0	0
AT1G20370.1	2076	1877	95	16.5386
AT2G33990.1	1513	1314	67	16.6616
AT4G25580.2	2246	2047	0	0
AT4G25580.1	2171	1972	0	0
AT2G43810.2	896	697	25.8148	12.1025
AT2G43810.3	842	643	42.5593	21.6283
AT2G43810.1	981	782	5.6259	2.35084
AT3G57930.1	1431	1232	73.0524	19.3759
AT3G57930.2	1987	1788	2.94761	0.538692
AT1G73110.1	1647	1448	166.243	37.5156
AT1G73110.2	1046	847	1.75743	0.678004
AT1G36756.1	390	191	0	0
AT5G59290.2	1358	1159	131.801	37.1597
AT5G59290.3	1456	1257	0	0
AT5G59290.1	1623	1424	114.733	26.3279
AT5G59290.4	1727	1528	6.46661	1.3829
AT1G75110.1	1778	1579	21	4.34586
AT3G09750.1	936	737	0	0
AT2G45550.1	1703	1504	2	0.434531
AT5G03770.3	1775	1576	0	0
AT5G03770.2	1754	1555	0	0
AT5G03770.1	1667	1468	21	4.67446
AT1G22610.1	3327	3128	236.203	24.6749
AT1G13590.1	882	683	28	13.396
AT5G02220.1	736	537	5	3.04252
AT3G15720.1	1788	1589	0	0
AT3G15720.4	1379	1180	6	1.66153
AT3G15720.3	1625	1426	0	0
AT3G15720.2	1420	1221	0	0
AT1G50110.2	1255	1056	0	0
AT1G50110.1	1462	1263	27	6.98552
AT1G21540.1	2181	1982	30.9575	5.10389
AT1G19970.1	1219	1020	44	14.0958
AT1G19970.2	1309	1110	0	0
AT1G63640.1	3884	3685	12.0955	1.07257
AT1G63640.2	3585	3386	0.00184951	0.000178488
AT1G63640.5	3656	3457	61.6799	5.83019
AT1G63640.3	3854	3655	65.2227	5.83109
AT1G63640.4	3707	3508	8.695e-06	8.09931e-07
AT2G40113.1	1137	938	10	3.48366
AT1G06490.2	6549	6350	49.2248	2.53308
AT1G06490.1	6033	5834	18.7752	1.05161
AT1G56105.1	357	158	0	0
AT1G47578.1	860	661	5	2.47176
AT5G24220.1	1362	1163	1	0.280969
AT1G50650.1	728	529	0	0
AT3G53450.1	884	685	1	0.477032
AT2G43950.1	1411	1212	145.4	39.2013
AT2G43950.2	1593	1394	11.5998	2.7191
AT5G02900.1	1443	1244	0	0
AT1G51690.1	3964	3765	32.0674	2.78316
AT1G51690.4	4235	4036	0	0
AT1G51690.2	2255	2056	262.79	41.7661
AT1G51690.3	2336	2137	4.22772e-07	6.46458e-08
AT1G51690.5	2357	2158	25.1427	3.80715
AT5G14670.1	618	419	0	0
AT5G14670.2	886	687	0	0
AT5G14670.3	953	754	0	0
AT2G20921.1	204	18.2087	0	0
AT5G11730.1	2142	1943	88	14.7995
AT1G23510.1	962	763	0	0
AT1G23510.3	928	729	0	0
AT1G23510.2	1056	857	0	0
AT5G01040.1	2115	1916	101.256	17.2689
AT5G50790.1	1312	1113	1	0.293591
AT3G58250.1	954	755	0	0
AT1G02145.3	1655	1456	48.5896	10.9049
AT1G02145.1	1643	1444	0.0032223	0.000729185
AT1G02145.4	1724	1525	15.4007	3.29996
AT1G02145.2	1361	1162	0.00651031	0.00183077
AT1G36160.2	7428	7229	1038.77	46.9548
AT1G36160.1	7392	7193	370.735	16.8419
AT4G00234.1	792	593	0	0
AT4G37810.1	897	698	16	7.49036
AT1G09000.2	1955	1756	0	0
AT1G09000.1	2286	2087	19	2.97488
AT5G42990.1	789	590	111.105	61.5344
AT3G18030.1	1210	1011	47	15.191
AT1G72800.1	1412	1213	29.8125	8.03112
AT3G11660.1	1349	1150	128	36.3706
AT1G65150.2	1359	1160	0	0
AT1G65150.1	1312	1113	12	3.5231
AT4G13195.1	1470	1271	8	2.05676
AT4G39120.2	1409	1210	16.4402	4.43977
AT4G39120.1	1041	842	53.5598	20.7857
AT4G04960.1	2481	2282	37.5281	5.37377
AT4G04960.2	2300	2101	0.471939	0.0734004
AT3G19320.1	1687	1488	2	0.439203
AT4G11640.1	1410	1211	18	4.85698
AT4G31860.2	1624	1425	16.5441	3.79373
AT4G31860.1	1596	1397	116.136	27.165
AT4G31860.3	1164	965	7.31982	2.47863
AT1G70440.2	1034	835	5	1.95669
AT1G70440.1	1230	1031	0	0
AT3G04400.2	748	549	1232.14	733.373
AT3G04400.1	927	728	764.863	343.313
AT2G27320.1	1273	1074	0	0
AT3G43990.1	1149	950	0	0
AT1G48850.1	1758	1559	472.456	99.027
AT1G48850.3	1692	1493	0.00239284	0.000523712
AT1G48850.2	1692	1493	100.541	22.0051
AT4G32000.2	1741	1542	2.02851	0.429863
AT4G32000.3	1867	1668	0	0
AT4G32000.1	1738	1539	18.9715	4.02811
AT4G32000.4	1661	1462	0	0
AT4G13990.2	1892	1693	26.2912	5.07448
AT4G13990.1	2517	2318	3.7088	0.522827
AT1G47680.1	315	116	0	0
AT4G36510.1	268	69.0226	0	0
AT1G47870.1	1683	1484	14.84	3.26767
AT1G47870.2	1583	1384	25.16	5.94036
AT1G50570.2	1809	1610	34.2064	6.94257
AT1G50570.1	1601	1402	80.7936	18.8307
AT1G33850.1	213	22.4695	0	0
AT1G65320.1	1920	1721	85	16.139
AT5G49650.2	1983	1784	93.3022	17.0897
AT5G49650.1	2883	2684	50.6978	6.17227
AT2G03730.2	2014	1815	27.2932	4.91379
AT2G03730.1	1881	1682	137.707	26.7527
AT4G21210.1	1607	1408	186.667	43.3214
AT4G21210.2	1343	1144	163.333	46.6538
AT5G05400.1	3042	2843	13.7688	1.58255
AT5G05400.2	3112	2913	4.9794	0.558566
AT5G05400.3	3109	2910	16.2518	1.82493
AT1G21660.1	2264	2065	243	38.4525
AT1G21230.1	2418	2219	0	0
AT5G20970.1	1082	883	30.2992	11.2127
AT1G60095.2	1785	1586	0	0
AT1G60095.1	2106	1907	23	3.94108
AT1G62030.1	2587	2388	18	2.46307
AT5G48945.1	401	202	0	0
AT3G51920.1	1027	828	386	152.333
AT1G64840.1	1785	1586	48	9.88955
AT3G56790.1	679	480	0	0
AT1G29420.2	723	524	0	0
AT1G29420.1	622	423	2	1.545
AT5G45590.1	1099	900	73	26.5044
AT3G52830.1	261	62.0706	0	0
AT5G26717.1	440	241	0	0
AT4G00210.1	1068	869	1	0.376027
AT3G55060.3	3223	3024	0	0
AT3G55060.2	3136	2937	29	3.22651
AT3G55060.1	2957	2758	0	0
AT5G45200.1	4236	4037	12.0868	0.978345
AT5G45200.3	3010	2811	0	0
AT5G45200.2	3568	3369	1.91317	0.185563
AT2G17430.1	1783	1584	10	2.06292
AT2G16910.1	1893	1694	0	0
AT1G31540.3	2932	2733	0	0
AT1G31540.1	4886	4687	0	0
AT1G31540.2	4359	4160	89.4976	7.03001
AT5G26130.1	501	302	0	0
AT4G18640.1	2997	2798	94	10.9779
AT1G49170.1	907	708	6	2.76921
AT5G54390.1	1665	1466	336	74.8934
AT5G52450.1	1832	1633	78	15.608
AT1G78040.1	1897	1698	3.59666	0.69215
AT1G78040.3	1168	969	500.297	168.711
AT1G78040.2	788	589	877.65	486.905
AT1G76220.1	1045	846	2	0.772499
AT1G56400.1	1440	1241	0	0
AT1G56400.2	1395	1196	0	0
AT3G17400.1	558	359	0	0
AT2G45050.1	1338	1139	44	12.6231
AT3G18282.1	602	403	0	0
AT2G36550.1	720	521	0	0
AT1G67050.1	1320	1121	43	12.5343
AT5G35370.1	2839	2640	65	8.0454
AT2G23780.3	1325	1126	9.2855	2.69467
AT2G23780.2	1874	1675	88.4791	17.2609
AT2G23780.1	1425	1226	9.23544	2.46153
AT1G27170.2	4537	4338	0	0
AT1G27170.1	4720	4521	34.8711	2.5204
AT3G09120.1	1625	1426	0	0
AT1G04700.1	4082	3883	22	1.85137
AT1G04700.3	3260	3061	0	0
AT1G04700.2	3819	3620	0	0
AT5G45630.1	847	648	1	0.50427
AT4G19270.1	426	227	0	0
AT1G66030.1	610	411	1	0.795054
AT4G11547.1	720	521	0	0
AT4G11547.2	484	285	2	2.2931
AT2G37320.1	1713	1514	6	1.29498
AT4G19520.5	5711	5512	1.58289	0.0938382
AT4G19520.3	5480	5281	0.00631001	0.000390438
AT4G19520.2	5688	5489	52.4728	3.12377
AT4G19520.4	5700	5501	15.6825	0.93156
AT4G19520.1	5463	5264	0.255599	0.0158665
AT2G47450.1	1815	1616	974	196.95
AT3G56740.1	1416	1217	49	13.1566
AT2G37580.1	1144	945	16	5.53257
AT1G68907.1	370	171	0	0
ATCG01090.1	519	320	1	1.02115
AT3G61826.1	93	4.05064	0	0
AT4G37340.1	1764	1565	6	1.25278
AT3G20590.1	1083	884	12.6068	4.66005
AT3G58380.1	1276	1077	2	0.60681
AT5G59250.1	2021	1822	354	63.4882
AT1G55990.1	420	221	13.1165	19.3938
AT1G60570.1	1146	947	0	0
AT5G52390.1	1259	1060	3	0.924813
AT3G20900.1	207	19.5103	0	0
AT5G55950.2	1823	1624	0	0
AT5G55950.4	1485	1286	7	1.77867
AT5G55950.3	1822	1623	0	0
AT5G55950.1	1748	1549	0	0
AT1G73750.1	1795	1596	11	2.25215
AT1G73750.2	1878	1679	0	0
AT4G19620.1	342	143	0	0
AT2G13290.2	1841	1642	27.299	5.43266
AT2G13290.1	2065	1866	19.701	3.44996
AT4G20280.1	1219	1020	88	28.1917
AT4G14170.1	2051	1852	0	0
AT4G14170.2	1760	1561	5	1.04666
AT1G31300.3	1495	1296	62.193	15.681
AT1G31300.1	1563	1364	17.2641	4.13589
AT1G31300.2	1705	1506	64.5429	14.0043
AT5G40840.5	2881	2682	0.0299622	0.00365051
AT5G40840.6	2710	2511	0	0
AT5G40840.3	2649	2450	0.071641	0.00955507
AT5G40840.4	2866	2667	0	0
AT5G40840.2	2869	2670	5.15606	0.631023
AT5G40840.1	2866	2667	18.7423	2.29636
AT2G26260.1	2274	2075	29.1433	4.58943
AT2G26260.2	1918	1719	33.8567	6.43588
AT1G80390.1	873	674	0	0
AT5G51460.2	1516	1317	87.9161	21.8133
AT5G51460.4	1863	1664	0.280525	0.055088
AT5G51460.1	1929	1730	79.313	14.9809
AT5G51460.5	1755	1556	7.89324	1.65762
AT5G51460.3	2131	1932	4.5971	0.777526
AT3G26980.1	1439	1240	66	17.3924
AT5G09560.1	1823	1624	0	0
AT2G01400.1	1125	926	17.586	6.20577
AT2G01400.2	519	320	6.92275	7.06915
AT5G53700.1	1076	877	1	0.372596
AT5G53700.2	1230	1031	0	0
AT5G02140.1	973	774	0	0
AT5G02140.2	982	783	6	2.50396
AT2G28440.1	1056	857	6	2.28775
AT5G06750.3	1666	1467	0.00101339	0.000225728
AT5G06750.1	1648	1449	66.9006	15.0869
AT5G06750.2	1244	1045	11.0984	3.47043
AT1G30130.3	2118	1919	0	0
AT1G30130.1	1906	1707	28.1374	5.38627
AT1G30130.2	1178	979	93.8626	31.3291
AT5G09490.1	683	484	0	0
AT3G15860.1	513	314	0	0
AT2G33250.1	1058	859	101	38.4208
AT5G03920.1	624	425	0	0
AT2G28230.2	903	704	0	0
AT2G28230.1	938	739	41	18.1292
AT1G77660.1	1933	1734	32	6.0303
AT5G48860.1	528	329	0	0
AT2G20880.1	1344	1145	8	2.28309
AT5G14870.1	2494	2295	6	0.854293
AT4G28780.1	1984	1785	332	60.7769
AT1G55325.3	6389	6190	196.283	10.3617
AT1G55325.1	6267	6068	0	0
AT1G55325.4	7449	7250	54.717	2.46617
AT1G55325.2	6940	6741	0	0
AT1G63460.1	817	618	87	46.0012
AT3G07400.1	3453	3254	106	10.6445
AT1G74660.1	935	736	26.7834	11.8912
AT1G74660.2	1012	813	8.21661	3.30248
AT1G55207.1	530	331	0	0
AT3G28007.1	1270	1071	10	3.05105
AT2G23910.4	1465	1266	0	0
AT2G23910.1	1335	1136	2.74609	0.789905
AT2G23910.2	1394	1195	20.2539	5.53834
AT2G23910.3	1353	1154	3.98815e-08	1.12928e-08
AT5G61150.1	2287	2088	109.569	17.1473
AT5G61150.2	2259	2060	85.4311	13.5515
AT1G11220.1	1093	894	9.97973	3.6477
AT1G11220.2	1389	1190	4.02027	1.10394
AT3G22090.1	544	345	0	0
AT3G50310.1	1447	1248	0	0
AT1G18990.1	1908	1709	0	0
AT1G12320.1	3572	3373	74.5414	7.22137
AT5G41610.2	3092	2893	0	0
AT5G41610.1	3066	2867	0	0
AT5G41610.3	2774	2575	15	1.9035
AT1G08290.1	1895	1696	12	2.31203
AT2G12280.1	398	199	0	0
AT3G60870.1	1443	1244	6	1.57605
AT2G10615.1	1356	1157	0	0
AT3G57010.1	1550	1351	131	31.685
AT3G20280.2	2748	2549	0.000179781	2.30469e-05
AT3G20280.4	2724	2525	9.3594	1.21122
AT3G20280.1	2871	2672	0	0
AT3G20280.5	2721	2522	36.6404	4.74738
AT3G20280.3	2868	2669	0	0
AT1G64255.1	2253	2054	0	0
AT3G27170.1	2836	2637	265.22	32.8651
AT1G67130.1	1176	977	0	0
AT1G26260.4	1657	1458	0	0
AT1G26260.1	1923	1724	0	0
AT1G26260.6	1816	1617	8.16667	1.65034
AT1G26260.2	1667	1468	0	0
AT1G26260.3	1420	1221	12.8333	3.43449
AT1G26260.5	1944	1745	0	0
AT3G05470.1	3429	3230	42	4.24898
AT2G42710.1	1552	1353	96	23.1853
AT4G22030.1	1400	1201	0	0
AT5G10920.1	1983	1784	230	42.128
AT3G02430.1	909	710	1	0.460235
AT3G47130.1	1318	1119	1	0.292017
AT5G07060.1	1278	1079	0	0
AT5G07060.2	1352	1153	1	0.283406
AT2G20635.1	1942	1743	22.6658	4.24924
AT3G15060.1	1304	1105	50.0523	14.8013
AT4G00230.1	2620	2421	65.52	8.84336
AT4G00230.2	2527	2328	42.48	5.96266
AT3G28820.1	1605	1406	0	0
AT2G33835.1	2345	2146	26	3.95897
AT5G08480.2	1219	1020	3.26081e-06	1.04463e-06
AT5G08480.3	1208	1009	0.830356	0.268913
AT5G08480.1	1700	1501	0	0
ATMG00280.1	333	134	0	0
AT3G14190.1	1503	1304	3.69577	0.926117
AT3G14190.2	1185	986	28.3042	9.38021
AT2G41310.1	2370	2171	136	20.47
AT4G11890.2	1612	1413	0	0
AT4G11890.1	1226	1027	11.5109	3.66251
AT4G11890.4	1209	1010	0	0
AT4G11890.3	1363	1164	25.4891	7.15548
AT2G02320.1	1079	880	1	0.371326
AT5G20940.1	2211	2012	1	0.162409
AT5G26749.1	534	335	0	0
AT5G26749.2	799	600	10	5.44612
AT5G59970.1	899	700	77.3684	36.1164
AT5G59970.2	709	510	92.4534	59.2368
AT3G49380.1	1339	1140	4	1.14655
AT3G01370.1	3363	3164	259	26.7486
AT3G15150.1	1193	994	18	5.91731
AT4G17540.1	1096	897	47	17.1216
AT1G77100.1	960	761	0	0
AT5G19010.1	2621	2422	147	19.8327
AT4G17090.1	2103	1904	2405	412.749
AT5G60650.1	620	421	3	2.32851
AT1G53490.1	2252	2053	7.50914	1.1952
AT1G53490.2	885	686	1.49086	0.71015
AT3G44260.1	1339	1140	43	12.3254
AT1G18160.1	3720	3521	141	13.0855
AT1G18160.2	3791	3592	0	0
AT5G02440.1	782	583	16	8.96788
AT4G00550.1	1982	1783	56.9961	10.4456
AT4G00550.2	1867	1668	0.00393947	0.000771757
AT5G49920.1	1455	1256	1	0.260165
AT3G45450.1	1026	827	1	0.395123
AT1G03730.1	1271	1072	29	8.83978
AT1G29180.1	1335	1136	0	0
AT4G14210.1	2290	2091	153.801	24.0349
AT4G14210.3	2074	1875	283.029	49.3251
AT4G14210.2	2226	2027	28.1703	4.54125
AT4G08395.1	699	500	0	0
AT4G19185.2	2149	1950	0	0
AT4G19185.1	1621	1422	46	10.5705
AT2G26400.3	1001	802	32.8689	13.3921
AT2G26400.2	1093	894	0	0
AT2G26400.4	997	798	0	0
AT2G26400.1	879	680	71.1311	34.1814
AT1G42680.1	513	314	0	0
AT5G40350.1	992	793	0	0
AT5G40350.2	510	311	0	0
AT2G35820.1	1070	871	46	17.2575
AT2G35820.2	1249	1050	0	0
AT5G62170.3	2653	2454	0	0
AT5G62170.4	2553	2354	0	0
AT5G62170.2	2571	2372	0	0
AT5G62170.1	2498	2299	27	3.83763
AT2G33410.1	1876	1677	363	70.7313
AT1G09680.1	2092	1893	5	0.863093
AT5G50520.1	1839	1640	42	8.36843
AT5G58375.1	821	622	88	46.2307
AT3G22640.1	1697	1498	0	0
AT5G45260.2	5674	5475	13.1374	0.784088
AT5G45260.1	4632	4433	63.8626	4.70746
AT5G45260.3	4719	4520	1.72464e-06	1.2468e-07
AT5G36770.1	1051	852	0	0
AT5G61490.1	986	787	1.42058	0.589832
AT1G34300.1	2813	2614	59	7.37539
AT4G32620.1	5525	5326	77.8381	4.77562
AT4G32620.2	5226	5027	233.162	15.1561
AT3G20310.1	2168	1969	173	28.7104
AT4G15180.1	7855	7656	296	12.6336
AT1G70960.1	1110	911	0	0
AT1G63240.1	2502	2303	35	4.96607
AT5G28010.1	829	630	1	0.518678
AT5G28010.2	891	692	0	0
AT5G58770.1	1328	1129	286	82.7771
AT5G01590.1	2005	1806	455	82.325
AT1G76230.1	814	615	1	0.531329
AT2G17830.1	1557	1358	10.9429	2.63313
AT1G01690.1	1758	1559	0.00129383	0.000271187
AT1G01690.3	1695	1496	0.949708	0.207442
AT1G01690.2	1855	1656	31.049	6.12669
AT3G11040.3	2263	2064	0	0
AT3G11040.1	2238	2039	0	0
AT3G11040.2	2416	2217	7	1.03174
AT4G37095.1	123	5.19716	0	0
AT5G14240.1	1206	1007	146	47.3764
AT4G24715.1	1422	1223	0	0
AT3G51550.1	3191	2992	768	83.8761
AT1G03720.1	825	626	0	0
AT1G03720.2	901	702	0	0
AT3G59340.2	1559	1360	0	0
AT3G59340.3	1455	1256	3	0.780495
AT3G59340.1	1397	1198	0	0
AT3G59340.4	1552	1353	0	0
AT5G61820.2	2137	1938	16.3834	2.76242
AT5G61820.1	1944	1745	600.617	112.471
AT2G40260.1	1778	1579	29.7628	6.15928
AT2G40260.2	1902	1703	19.2372	3.69118
AT3G01950.1	545	346	28.3664	26.7896
AT3G46970.1	3168	2969	280	30.8167
AT1G09157.1	856	657	0	0
AT5G24490.1	1298	1099	327	97.2273
AT2G38320.2	1465	1266	0	0
AT2G38320.1	1572	1373	40	9.5198
AT4G04840.1	1036	837	179	69.8821
AT1G79570.2	4156	3957	0	0
AT1G79570.4	4092	3893	0	0
AT1G79570.1	4453	4254	224.377	17.2353
AT1G79570.5	3794	3595	0	0
AT1G79570.3	4181	3982	10.1693	0.834505
AT5G16610.2	2636	2437	35.2337	4.72434
AT5G16610.1	2221	2022	30.7663	4.97201
AT5G16610.3	2695	2496	0	0
AT5G63905.1	689	490	16	10.6699
AT5G63905.2	615	416	0	0
AT5G02700.1	1439	1240	0	0
AT1G78440.1	1311	1112	11	3.23241
AT3G22890.1	1905	1706	2076.96	397.821
AT5G14550.2	1296	1097	4.42094	1.31688
AT5G14550.1	1772	1573	21.1081	4.38489
AT5G14550.4	1044	845	4.47096	1.72895
AT5G14550.3	1125	926	0	0
AT1G11460.1	1274	1075	18.7473	5.69861
AT3G16020.2	968	769	2	0.849849
AT3G16020.3	937	738	0	0
AT3G16020.1	394	195	0	0
AT1G46984.1	1113	914	0	0
AT3G19500.2	1277	1078	7.2349	2.19307
AT3G19500.3	1128	929	3.7651	1.32434
AT3G19500.1	1200	1001	0	0
AT3G20820.1	1586	1387	399	94.0015
AT3G54990.2	744	545	0	0
AT3G54990.1	1041	842	90.5338	35.1348
AT4G10780.1	2679	2480	1	0.131761
AT4G10780.2	2903	2704	0	0
AT5G37360.1	1316	1117	216	63.1886
AT2G35585.1	954	755	10.3347	4.4729
AT2G35585.2	1067	868	4.66529	1.7563
AT2G19520.1	2181	1982	259	42.7006
AT3G30220.1	438	239	0	0
AT2G03560.1	1188	989	0	0
AT3G59295.1	325	126	0.0907785	0.235424
AT2G26160.1	1474	1275	1	0.256288
AT1G64750.2	624	425	102.288	78.6456
AT1G64750.1	616	417	127.712	100.077
AT1G64750.3	879	680	0	0
AT3G63030.1	871	672	45	21.8817
AT2G35550.2	1168	969	0	0
AT2G35550.4	1215	1016	0	0
AT2G35550.1	1320	1121	0	0
AT2G35550.3	1244	1045	0	0
AT4G11130.1	3717	3518	46	4.27268
AT1G70810.1	1008	809	29	11.7135
AT5G09860.2	2250	2051	97.9585	15.6068
AT5G09860.1	2293	2094	33.0415	5.1561
AT4G18375.1	2369	2170	0	0
AT4G18375.3	2364	2165	0	0
AT4G18375.2	2293	2094	8	1.24839
AT2G15900.1	3607	3408	67.8283	6.50354
AT2G05760.1	1980	1781	23	4.2199
AT4G10910.1	744	545	0	0
AT1G78090.1	1621	1422	51.8978	11.9258
AT1G78090.2	1484	1285	10.1022	2.56892
AT5G20360.1	3378	3179	27.3857	2.81495
AT5G20360.7	2996	2797	30.89	3.60881
AT5G20360.5	3385	3186	0	0
AT5G20360.2	3219	3020	0	0
AT5G20360.3	2885	2686	32.1766	3.91446
AT5G20360.6	3081	2882	12.1603	1.37876
AT5G20360.4	3116	2917	24.3874	2.73192
AT2G40370.1	2162	1963	23	3.82865
AT1G55200.3	2694	2495	25.2159	3.3025
AT1G55200.4	2556	2357	0	0
AT1G55200.1	2326	2127	16.7841	2.57851
AT1G55200.2	2756	2557	0	0
AT1G17070.1	2743	2544	56	7.19299
AT3G55980.1	2183	1984	159.2	26.2204
AT3G55980.2	2338	2139	13.8	2.10817
AT3G21310.1	2805	2606	0	0
AT3G21310.3	2627	2428	1	0.134583
AT3G21310.2	2600	2401	0	0
AT2G24090.1	859	660	973	481.734
AT3G49480.2	1350	1151	0	0
AT3G49480.1	930	731	1	0.447014
AT2G14080.2	3624	3425	25.2153	2.4057
AT2G14080.1	4056	3857	26.7847	2.26922
AT1G05840.1	1700	1501	56	12.1912
AT5G62620.1	2740	2541	44	5.65831
AT5G62620.2	2756	2557	0	0
AT5G17090.1	988	789	0	0
AT1G08010.2	1254	1055	43.5685	13.4946
AT1G08010.1	1507	1308	67.2095	16.7904
AT1G08010.3	1312	1113	5.40001e-08	1.5854e-08
AT5G44820.1	1338	1139	11	3.15578
AT1G22890.1	705	506	14	9.04099
AT2G45610.1	1298	1099	0	0
AT1G23830.1	1129	930	9	3.16226
AT1G76510.3	2051	1852	0	0
AT1G76510.2	1818	1619	13.5513	2.73509
AT1G76510.4	1766	1567	46.4487	9.68597
AT1G76510.1	1841	1642	0	0
AT5G53720.1	303	104	0	0
AT2G33670.1	1969	1770	0	0
AT1G32510.1	1161	962	7	2.37772
AT3G55900.1	488	289	1	1.13068
AT1G67500.4	6160	5961	21.9512	1.20331
AT1G67500.7	5935	5736	0	0
AT1G67500.1	6131	5932	0	0
AT1G67500.2	6109	5910	0	0
AT1G67500.5	6049	5850	39.4143	2.20159
AT1G67500.6	5847	5648	1.33608e-08	7.72994e-10
AT1G67500.3	6204	6005	16.6344	0.905177
AT1G26350.1	318	119	0	0
AT1G73170.2	2080	1881	85.5074	14.8543
AT1G73170.1	2230	2031	26.6316	4.28476
AT1G73170.3	2201	2002	0	0
AT1G73170.4	2312	2113	15.861	2.45284
AT5G51330.1	2200	2001	6	0.979811
AT5G51330.2	1995	1796	0	0
AT1G77140.1	2293	2094	87	13.5763
AT1G07740.1	2658	2459	14.873	1.97641
AT4G30097.1	144	6.5079	0	0
AT4G26500.1	1928	1729	71.6285	13.5372
AT3G20270.5	3277	3078	0	0
AT3G20270.1	2314	2115	1.31267	0.202808
AT3G20270.3	2367	2168	39.5756	5.96495
AT3G20270.2	3385	3186	3.04677e-05	3.12487e-06
AT3G20270.6	3087	2888	11.1117	1.25725
AT3G20270.4	3285	3086	0	0
AT1G48620.1	2308	2109	259	40.1293
AT1G74250.1	2288	2089	143	22.3685
AT4G36400.2	2058	1859	58	10.195
AT4G36400.1	2193	1994	0	0
AT5G10240.1	2153	1954	125.056	20.9131
AT5G10240.2	2028	1829	82.944	14.8187
AT5G38130.1	1554	1355	0	0
AT1G75660.1	3511	3312	407	40.1553
AT5G65950.1	4115	3916	449	37.4664
AT5G49810.1	3693	3494	484	45.2648
AT2G32200.1	561	362	1	0.902672
AT2G32200.2	626	427	0	0
AT3G27355.1	880	681	0	0
AT5G24390.1	2245	2046	10	1.5971
AT3G48425.1	1551	1352	37	8.94259
AT2G27190.1	1768	1569	101	21.0347
AT3G31925.1	492	293	0	0
AT1G06180.1	1076	877	77	28.6899
AT3G21240.2	2085	1886	55.1435	9.55413
AT3G21240.3	1611	1412	0	0
AT3G21240.1	1989	1790	245.857	44.8815
AT5G09510.2	766	567	398.234	229.506
AT5G09510.1	1278	1079	177.023	53.6102
AT4G20780.1	981	782	29	12.118
AT3G10116.1	665	466	0	0
AT5G46150.1	2519	2320	21.6279	3.04624
AT5G46150.4	1554	1355	0	0
AT5G46150.3	1713	1514	5.39253	1.16387
AT5G46150.2	1918	1719	54.9796	10.4511
AT5G40340.2	3662	3463	1.40965	0.133014
AT5G40340.1	3830	3631	167.625	15.0852
AT2G03070.1	2394	2195	83	12.3561
AT4G11810.2	2577	2378	0	0
AT4G11810.1	2502	2303	0	0
AT4G11810.3	2323	2124	0	0
AT2G35510.1	2437	2238	197.617	28.8537
AT2G35510.2	2727	2528	27.3834	3.53956
AT2G35510.3	2577	2378	0	0
AT3G61530.1	1358	1159	21.841	6.15784
AT3G61530.2	1737	1538	24.097	5.11971
AT4G39620.2	1718	1519	0	0
AT4G39620.1	1701	1502	68	14.7937
AT4G25550.1	1155	956	172	58.7907
AT1G21990.1	1398	1199	0	0
AT1G54460.1	1517	1318	110	27.2719
AT1G02810.1	2132	1933	28	4.73331
AT1G35040.1	321	122	0	0
AT3G15020.2	1405	1206	114.055	30.9033
AT3G15020.1	1732	1533	60.945	12.9907
AT4G01010.1	2660	2461	0	0
AT4G01010.2	2699	2500	9	1.17636
AT4G04610.1	1935	1736	775	145.878
AT1G73680.3	2145	1946	31.3948	5.27173
AT1G73680.4	2004	1805	2.10769	0.381564
AT1G73680.2	2051	1852	9.49752	1.67574
AT1G73680.1	2413	2214	0	0
AT3G03826.1	228	32.1317	0	0
AT1G47765.1	1158	959	0	0
AT4G28556.1	1403	1204	0	0
AT4G28556.2	703	504	1	0.648347
AT1G48820.1	1840	1641	1	0.199127
AT1G18300.1	1136	937	20	6.97475
AT4G16000.1	1028	829	6	2.36502
AT1G70760.1	824	625	368.149	192.478
AT3G47510.1	693	494	46	30.4277
AT3G49750.1	1234	1035	3.95038	1.2472
AT3G49750.2	972	773	24.0496	10.1664
AT4G26055.1	598	399	3	2.4569
AT1G48090.3	13023	12824	158.689	4.04355
AT1G48090.5	12872	12673	102.606	2.64564
AT1G48090.2	13076	12877	0.141822	0.00359887
AT1G48090.1	12995	12796	0.000155146	3.96192e-06
AT1G48090.6	12880	12681	0	0
AT1G48090.4	13017	12818	271.563	6.9229
AT2G07798.1	1480	1281	1	0.255088
AT3G63500.1	3179	2980	16.1255	1.76822
AT3G63500.2	3785	3586	295.874	26.961
AT3G63500.3	3731	3532	0	0
AT1G73120.1	696	497	44	28.9291
AT5G59020.1	3005	2806	27	3.14423
AT1G66160.1	1413	1214	25.2916	6.80763
AT1G66160.2	1365	1166	7.7084	2.16025
AT5G41110.1	2845	2646	18.8106	2.32301
AT5G41110.2	2013	1814	0.00156457	0.000281835
AT5G41110.3	2001	1802	3.18786	0.578074
AT4G28670.1	1878	1679	0	0
AT3G07273.1	311	112	1	2.91756
AT2G22760.1	1393	1194	0	0
AT2G22760.2	1079	880	0	0
AT2G04050.1	1835	1636	67.6251	13.5071
AT3G20790.1	1344	1145	139	39.6687
AT2G34010.1	1541	1342	7	1.70445
AT2G34010.2	1618	1419	0	0
AT3G26610.1	1766	1567	6	1.25118
AT1G70780.1	1136	937	438	152.747
AT2G31430.1	1163	964	0	0
AT1G71500.1	1242	1043	741	232.152
AT3G17880.1	1504	1305	96.962	24.2789
AT3G17880.2	1415	1216	0.0380211	0.0102171
AT2G44175.1	348	149	0	0
AT3G48460.1	1394	1195	180	49.2202
AT1G51600.1	1754	1555	21.8246	4.58621
AT1G51600.2	1469	1270	41.1754	10.5943
AT2G23770.1	2507	2308	23	3.25634
AT2G20930.1	944	745	53	23.2465
AT5G03680.1	2310	2111	21	3.25064
AT5G42820.1	2420	2221	187.043	27.5189
AT5G42820.2	1495	1296	51.9573	13.1003
AT4G27110.1	2264	2065	0	0
AT1G65660.1	1962	1763	101	18.7201
AT1G51780.1	1531	1332	0	0
AT4G34050.1	1153	954	1619.17	554.602
AT4G34050.2	476	277	31.2806	36.9007
AT4G34050.3	1550	1351	173.554	41.9776
AT3G58910.1	645	446	0	0
AT2G16405.1	2327	2128	56	8.59913
AT1G64160.1	897	698	1	0.468148
AT5G51140.2	1277	1078	60.9316	18.4698
AT5G51140.1	1584	1385	27.0684	6.38633
AT3G01450.1	1488	1289	22	5.5771
AT3G01450.2	1680	1481	0	0
AT1G67025.2	1700	1501	0	0
AT1G67025.1	1274	1075	0	0
AT5G36662.1	357	158	0	0
AT2G38050.1	1101	902	29	10.5058
AT2G04040.1	1845	1646	56.5255	11.2216
AT2G45360.1	829	630	13	6.74281
AT2G46020.5	7248	7049	0.000723246	3.35272e-05
AT2G46020.2	6747	6548	356.311	17.7811
AT2G46020.3	7563	7364	44.6274	1.98028
AT2G46020.4	7394	7195	134.056	6.08828
AT2G46020.1	7145	6946	3.10893e-08	1.46256e-09
AT2G46020.6	6731	6532	0.00452616	0.000226424
AT5G21430.1	1011	812	226.855	91.2916
AT5G21430.2	943	744	14.1448	6.21245
AT1G26320.2	1368	1169	0	0
AT1G26320.1	1408	1209	0	0
AT1G01680.1	1187	988	1	0.330736
AT1G67560.1	3340	3141	150	15.6049
AT5G30341.1	462	263	0	0
AT4G22080.1	1596	1397	12	2.80688
AT1G47845.1	561	362	0	0
AT2G22850.1	1321	1122	0	0
AT2G22850.2	1326	1127	28	8.11844
AT3G43170.1	402	203	0	0
AT4G38670.3	1467	1268	6.39124	1.64704
AT4G38670.1	1541	1342	9.40447	2.28992
AT4G38670.2	1458	1259	25.2043	6.54165
AT5G15725.1	595	396	0	0
AT4G29610.1	1127	928	0	0
AT4G12731.1	228	32.1317	0	0
ATMG01190.1	1524	1325	7.67935	1.89386
AT5G43935.1	882	683	1	0.478429
AT3G56590.1	2374	2175	159.03	23.8923
AT3G56590.2	2343	2144	125.97	19.1991
AT5G62210.1	1233	1034	40	12.6409
AT3G47060.1	2835	2636	61.2996	7.59889
AT5G55930.1	2820	2621	66	8.2284
AT3G14030.1	756	557	0	0
AT1G05385.2	696	497	13.5986	8.94078
AT1G05385.1	788	589	50.4014	27.9618
AT1G71970.1	1143	944	49	16.9614
AT5G26040.2	1417	1218	0	0
AT5G26040.1	1282	1083	10	3.01724
AT3G47890.1	5250	5051	174.168	11.2675
AT3G47890.2	4989	4790	26.872	1.83317
AT3G45900.1	1966	1767	63.9901	11.8335
AT1G51170.1	1596	1397	56	13.0988
AT1G67930.1	2790	2591	169	21.3136
AT3G25790.1	1507	1308	28	6.99501
AT3G25790.2	1651	1452	0	0
AT3G26445.1	357	158	0	0
AT4G33865.1	680	481	593	402.854
AT4G20703.1	591	392	0	0
AT3G51030.1	704	505	8	5.17651
AT2G01520.1	895	696	88	41.3154
AT1G62880.1	958	759	25	10.7631
AT1G62880.2	1116	917	0	0
AT4G30960.1	2156	1957	590	98.5144
AT5G59370.2	1755	1556	0	0
AT5G59370.1	1622	1423	0	0
AT5G04320.1	2031	1832	21.3016	3.79949
AT5G04320.3	2021	1822	0	0
AT5G04320.4	1826	1627	30.6488	6.15552
AT5G04320.2	1945	1746	9.04414	1.69263
AT5G04320.5	1809	1610	0.00546147	0.00110847
AT4G22745.1	994	795	43	17.6742
AT2G20260.1	607	408	853	683.168
AT5G02510.2	791	592	1	0.551971
AT5G02510.3	840	641	0	0
AT5G02510.1	547	348	0	0
AT2G16380.2	1989	1790	28.9012	5.27596
AT2G16380.3	1859	1660	0	0
AT2G16380.1	2232	2033	25.0988	4.03416
AT1G02340.2	1466	1267	0	0
AT1G02340.1	1391	1192	4	1.09653
AT4G22540.5	3024	2825	0	0
AT4G22540.2	2259	2060	0	0
AT4G22540.3	2230	2031	2.08663e-07	3.35718e-08
AT4G22540.6	2670	2471	0	0
AT4G22540.1	2928	2729	99.3754	11.8991
AT4G22540.4	2214	2015	42.6246	6.91232
AT3G02530.1	2043	1844	275	48.7315
AT3G15355.1	2307	2108	56	8.68072
AT3G53190.1	2027	1828	194	34.6788
AT3G11397.1	1103	904	92	33.2551
AT2G27389.1	788	589	3	1.66435
AT3G11110.1	957	758	35	15.0882
AT3G59090.1	1728	1529	5.54033e-06	1.18404e-06
AT3G59090.4	1777	1578	48.1694	9.97476
AT3G59090.3	1675	1476	50.8306	11.2532
AT3G59090.2	1585	1386	0	0
AT5G53940.1	609	410	40	31.8797
AT3G63200.1	1834	1635	387	77.3449
AT1G04940.1	1198	999	215	70.3253
AT2G38700.1	1943	1744	254	47.5911
AT2G45000.1	2619	2420	111	14.9881
AT3G15460.1	1216	1017	52	16.7079
AT2G35736.2	519	320	9	9.19033
AT2G35736.1	171	9.50903	0	0
AT5G09330.5	2527	2328	37.9106	5.32127
AT5G09330.2	2197	1998	0.387234	0.063331
AT5G09330.4	2190	1991	21.7662	3.57231
AT5G09330.3	1887	1688	111.749	21.6327
AT5G09330.1	2279	2080	176.187	27.6789
AT4G12980.1	1793	1594	254	52.0695
AT1G16080.1	1340	1141	354	101.381
AT4G36280.1	2239	2040	17.678	2.83167
AT1G68185.1	1045	846	0.00072441	0.000279803
AT1G68185.3	1123	924	0	0
AT1G68185.2	1081	882	20.9993	7.7799
AT3G42880.1	2580	2381	0	0
AT5G65450.2	2759	2560	10.7338	1.37009
AT5G65450.1	2282	2083	32.2662	5.06171
AT5G15820.1	1472	1273	10	2.56691
AT5G37780.1	903	704	171.487	79.5971
AT5G37780.4	937	738	0	0
AT5G37780.3	858	659	0	0
AT5G37780.2	825	626	82.5128	43.071
AT1G08730.2	5270	5071	5	0.322192
AT1G08730.1	4739	4540	0	0
AT3G19390.1	1900	1701	79	15.1761
AT3G06390.1	1324	1125	36	10.4565
AT1G01570.2	1885	1686	14	2.71337
AT1G01570.1	1437	1238	0	0
AT3G44265.1	1109	910	0	0
AT2G01090.3	591	392	20.0162	16.6853
AT2G01090.4	574	375	0.000887427	0.000773285
AT2G01090.2	356	157	1.98295	4.12715
AT2G01090.1	624	425	0	0
AT5G43900.2	5074	4875	1.79527	0.120335
AT5G43900.1	5158	4959	194.307	12.8036
AT5G43900.3	5083	4884	176.898	11.8355
AT1G01910.1	1388	1189	76.3091	20.9716
AT1G01910.4	1591	1392	0	0
AT1G01910.3	1519	1320	49.5709	12.2713
AT1G01910.2	1762	1563	33.0596	6.91158
AT1G01910.5	1374	1175	39.0604	10.8627
AT1G59940.2	1311	1112	0	0
AT1G59940.1	1154	955	18.0718	6.18351
AT2G24692.1	628	429	1.33431	1.01634
AT4G21310.1	891	692	14	6.6109
AT4G21310.2	872	673	0	0
AT2G39670.2	1698	1499	0.0976088	0.0212777
AT2G39670.1	1747	1548	246.902	52.1186
AT4G25950.2	480	281	0	0
AT4G25950.1	895	696	1	0.469493
AT5G07340.2	1901	1702	143.681	27.5853
AT5G07340.1	2158	1959	30.4903	5.08587
AT5G01190.2	1892	1693	9	1.7371
AT5G01190.1	1934	1735	0	0
AT5G09530.1	1649	1450	242	54.5363
AT3G13630.1	856	657	0	0
AT3G13630.2	739	540	0	0
AT4G07445.1	484	285	0	0
AT4G10420.1	1243	1044	9	2.81696
AT1G78890.2	976	777	49.1598	20.6741
AT1G78890.1	1419	1220	9.17001	2.45611
AT4G14520.11	1188	989	0	0
AT4G14520.4	1800	1601	0	0
AT4G14520.7	1343	1144	0	0
AT4G14520.8	1073	874	0	0
AT4G14520.9	1561	1362	0	0
AT4G14520.6	1406	1207	0	0
AT4G14520.1	1081	882	0	0
AT4G14520.10	1499	1300	0	0
AT4G14520.3	1191	992	0	0
AT4G14520.5	1558	1359	0	0
AT4G14520.2	1040	841	18	6.99383
AT2G40630.2	2448	2249	0	0
AT2G40630.3	2652	2453	16.1078	2.14575
AT2G40630.1	2553	2354	51.7609	7.18512
AT5G17120.1	624	425	0	0
AT4G13030.3	1769	1570	2.72488e-07	5.67135e-08
AT4G13030.1	1825	1626	20.9998	4.2202
AT4G13030.2	1760	1561	0.00020027	4.19229e-05
AT3G56110.3	1123	924	5.57775	1.97254
AT3G56110.1	1506	1307	5.25768	1.31449
AT3G56110.2	1172	973	0	0
AT3G56110.4	1158	959	103.165	35.152
AT5G02580.3	849	650	0	0
AT5G02580.1	830	631	6.53035	3.38178
AT5G02580.2	814	615	3.46965	1.84352
AT1G55540.2	5736	5537	60.6886	3.58155
AT1G55540.1	5903	5704	68.3114	3.91338
AT1G55947.1	579	380	1	0.859913
AT4G24490.1	2439	2240	106	15.4631
AT4G24490.2	2425	2226	0	0
AT2G23150.1	2016	1817	79	14.2073
AT1G33470.2	1991	1792	123.942	22.6005
AT1G33470.1	2098	1899	180.058	30.9832
AT1G33470.3	2086	1887	0	0
AT1G78922.1	863	664	2.06968	1.01853
AT5G51640.1	1873	1674	49	9.56487
AT4G13640.1	1359	1160	52	14.6482
AT4G13640.2	1294	1095	0	0
AT1G70300.1	2996	2797	61	7.12649
AT5G65670.1	1950	1751	410.983	76.6966
AT5G65670.2	1486	1287	369.017	93.6928
AT5G42830.1	1668	1469	68	15.126
AT3G06483.1	1762	1563	234	48.921
AT3G61370.3	784	585	0	0
AT3G61370.1	695	496	16.1573	10.6445
AT3G61370.2	579	380	3.84274	3.30442
AT3G53380.1	2658	2459	86	11.4282
AT5G28460.1	2667	2468	85.1104	11.2687
AT1G02070.1	789	590	1	0.553843
AT3G58875.1	492	293	3	3.34574
AT3G53620.1	1367	1168	106	29.6552
AT1G66070.2	1297	1098	9.66283	2.87568
AT1G66070.1	1389	1190	129.337	35.5152
AT2G39870.1	2225	2026	183	29.5155
AT2G36895.2	895	696	131.446	61.7132
AT2G36895.3	1574	1375	15.8899	3.77622
AT2G36895.1	1493	1294	22.6637	5.72314
AT4G29370.1	1251	1052	0	0
AT1G14685.1	1536	1337	65.5646	16.0242
AT1G14685.4	1564	1365	8.65471	2.07185
AT1G14685.3	1733	1534	18.7807	4.00061
AT1G14685.2	1512	1313	0	0
AT2G38690.1	935	736	0	0
AT1G72210.1	1759	1560	12.287	2.57371
AT1G72210.2	2421	2222	6.71299	0.987212
AT5G05080.2	1193	994	158.018	51.9467
AT5G05080.3	1615	1416	0	0
AT5G05080.1	1344	1145	97.8949	27.9378
AT5G05080.4	1464	1265	5.0873	1.31412
AT4G03080.1	3258	3059	233	24.8894
AT1G35620.1	1668	1469	150	33.3663
AT3G16970.1	423	224	0	0
AT3G18915.1	389	190	1.72924	2.974
AT4G37780.1	1310	1111	0	0
AT3G18910.1	1493	1294	24	6.0606
AT3G63140.1	1529	1330	1798	441.75
AT2G42885.1	662	463	0	0
AT4G17718.1	306	107	0	0
AT3G16710.1	1652	1453	4.56287	1.02615
AT3G16710.2	1583	1384	2.43713	0.575415
AT4G10613.1	1364	1165	0	0
AT5G66750.1	2770	2571	98	12.4555
AT5G07220.1	1516	1317	320	79.3967
AT1G14840.2	2682	2483	0	0
AT1G14840.1	2550	2351	160	22.2385
AT3G23910.1	1710	1511	52.8322	11.4254
AT3G23910.2	1264	1065	20.7622	6.37035
AT5G56050.1	1282	1083	13	3.92241
AT1G28210.2	1546	1347	7.54986	1.83151
AT1G28210.1	1582	1383	6.45014	1.524
AT1G28210.3	1978	1779	0	0
AT2G24510.1	907	708	0	0
AT3G16510.1	1522	1323	16	3.95183
AT5G59260.1	2297	2098	6	0.93451
AT4G31050.1	1122	923	15	5.31041
AT2G24120.1	3600	3401	155	14.8924
AT2G24120.2	3695	3496	0	0
AT3G03550.1	1634	1435	45	10.2471
AT1G72960.1	2787	2588	0.130189	0.016438
AT1G72960.2	2781	2582	1.86981	0.236635
AT2G16230.1	1666	1467	12	2.67294
AT1G35255.1	940	741	2	0.881963
AT1G24020.1	1086	887	60.4534	22.2708
AT1G24020.2	910	711	217.547	99.9818
AT5G48950.1	820	621	0	0
AT5G48950.2	889	690	7	3.31503
AT2G18730.1	1965	1766	206	38.1167
AT2G31320.1	3422	3223	55	5.57623
AT1G77420.1	1568	1369	39	9.30892
AT1G27310.1	880	681	325	155.946
AT2G24850.1	2398	2199	7	1.04019
ATCG00860.1	6885	6686	14.5	0.708663
AT3G52630.2	703	504	12.1739	7.89293
AT3G52630.1	496	297	16.8261	18.5125
AT2G22140.1	2121	1922	10.9716	1.86533
AT2G22140.2	2131	1932	0.0283778	0.00479965
AT4G32060.1	1977	1778	316	58.0756
AT4G32060.2	1712	1513	0	0
AT4G21105.2	419	220	0	0
AT4G21105.1	807	608	409.184	219.914
AT4G21105.3	1139	940	6.81614	2.36946
AT4G14905.1	1464	1265	53	13.6906
AT4G14905.2	1653	1454	0	0
ATMG00620.1	420	221	0	0
AT5G41300.1	1168	969	3	1.01166
AT4G31720.2	1092	893	81.5731	29.8493
AT4G31720.3	1218	1019	0	0
AT4G31720.1	1109	910	63.4269	22.7756
AT2G40830.1	1553	1354	123.675	29.8471
AT2G40830.3	1565	1366	0	0
AT2G40830.4	2196	1997	8.32504	1.36222
AT2G40830.2	1662	1463	0	0
AT1G57565.1	579	380	0	0
AT5G02410.1	2080	1881	60	10.4232
AT4G03415.1	1767	1568	48.6046	10.1291
AT4G03415.3	1815	1616	43.435	8.78288
AT4G03415.2	2432	2233	32.9604	4.82327
AT2G39550.1	1458	1259	48	12.4582
AT1G34245.1	828	629	15	7.79254
AT5G27780.1	643	444	0	0
AT3G54640.1	1456	1257	228	59.2704
AT5G12480.1	2228	2029	165.2	26.6053
AT5G12480.2	1749	1550	25.7996	5.439
ATMG00590.1	942	743	0	0
AT5G58110.1	988	789	316	130.873
AT5G54150.1	483	284	0	0
AT4G14710.2	955	756	191.742	82.8769
AT4G14710.5	1030	831	0	0
AT4G14710.4	1020	821	0	0
AT4G14710.6	1069	870	10.4925	3.94092
AT4G14710.3	1031	832	0	0
AT4G14710.1	1045	846	43.4231	16.7721
AT3G10200.2	2080	1881	9.82174	1.70623
AT3G10200.1	2780	2581	5.73317	0.725847
AT4G17410.4	2676	2477	25.3131	3.33932
AT4G17410.2	2981	2782	2.32223e-07	2.72764e-08
AT4G17410.6	3130	2931	9.96939	1.11145
AT4G17410.5	3200	3001	31.7129	3.4531
AT4G17410.3	3373	3174	8.71785e-08	8.97513e-09
AT4G17410.1	3360	3161	9.00455	0.930842
AT1G76680.1	2041	1842	63.9161	11.3386
AT1G76680.2	1511	1312	478.711	119.228
AT4G36100.1	1043	844	0	0
AT5G63625.1	714	515	3	1.9035
AT3G11860.1	759	560	0	0
AT5G48953.1	361	162	0	0
AT1G58225.2	588	389	0	0
AT1G58225.1	792	593	0	0
AT1G24520.1	706	507	0	0
AT5G66020.1	1816	1617	0	0
AT5G01800.1	1488	1289	196	49.6869
AT4G34690.1	624	425	0	0
AT3G28610.1	1425	1226	0	0
AT1G66370.1	943	744	0	0
AT1G48510.1	1419	1220	0	0
AT1G48510.4	1597	1398	0	0
AT1G48510.2	1507	1308	12	2.99786
AT1G48510.3	1602	1403	0	0
AT5G18570.1	2434	2235	188	27.4865
AT3G15210.1	1260	1061	133	40.9614
AT3G04160.3	2749	2550	0	0
AT3G04160.1	2664	2465	22	2.91638
AT3G04160.2	2610	2411	0	0
AT3G18235.1	620	421	0	0
AT5G11650.2	1512	1313	90.256	22.4621
AT5G11650.1	1926	1727	66.744	12.6287
AT1G71330.1	975	776	6	2.52655
AT4G38000.1	975	776	0	0
AT3G17310.1	2921	2722	65.8358	7.90338
AT3G17310.2	2811	2612	47.1642	5.90034
AT3G17310.3	2483	2284	1.55621e-07	2.22643e-08
AT1G23910.1	222	27.8721	0	0
AT5G14470.1	1379	1180	2	0.553843
AT2G22125.1	7205	7006	869	40.5311
AT2G44390.1	630	431	1	0.75816
AT2G15630.1	2116	1917	5	0.852288
AT5G67080.1	1336	1137	0	0
AT3G20940.1	1849	1650	20.7268	4.10474
AT2G32788.1	278	79.0036	0	0
AT1G23060.3	1591	1392	0	0
AT1G23060.1	1607	1408	0	0
AT1G23060.4	1409	1210	14.9489	4.03703
AT1G23060.5	1616	1417	0	0
AT1G23060.2	1415	1216	0.0511058	0.0137333
AT5G40770.1	2161	1962	377	62.7886
AT2G11015.1	441	242	0	0
AT1G50480.1	2338	2139	565	86.313
AT1G20540.1	1268	1069	45	13.7554
AT5G51170.2	1038	839	3.42627	1.33444
AT5G51170.3	1110	911	0	0
AT5G51170.1	1039	840	0.872834	0.33954
AT5G51170.4	843	644	2.7009	1.37044
AT3G56170.1	1501	1302	86	21.5837
AT3G10730.1	1816	1617	55	11.1145
AT1G58150.1	276	77.0053	1	4.24344
AT2G19960.2	374	175	0	0
AT2G19960.4	415	216	0	0
AT2G19960.1	652	453	0	0
AT2G19960.3	698	499	0	0
ATCG00480.1	1497	1298	166	41.7899
AT3G09820.1	1697	1498	1194.74	260.615
AT3G09820.2	1674	1475	21.2621	4.71035
AT3G25230.1	2310	2111	182.346	28.2257
AT3G25230.2	2009	1810	298.654	53.9174
AT1G62930.1	2153	1954	24.0763	4.02628
AT5G21940.1	1644	1445	200	45.2273
AT3G52850.1	2372	2173	383	57.594
AT5G03406.1	1460	1261	18.1229	4.69624
AT2G17290.1	2446	2247	171	24.8675
AT2G17290.2	2645	2446	0	0
AT3G56230.1	1288	1089	4	1.20025
AT1G72530.2	579	380	0	0
AT1G72530.1	1319	1120	2	0.583513
AT2G22990.3	1635	1436	340.643	77.5146
AT2G22990.2	1531	1332	28.6744	7.03441
AT2G22990.1	1985	1786	136.305	24.9384
AT2G22990.6	1987	1788	62.981	11.5101
AT2G22990.5	1606	1407	0	0
AT2G22990.4	1637	1438	68.9279	15.663
AT1G55440.1	2098	1899	2	0.344147
AT3G04750.1	2511	2312	19	2.68537
AT3G13682.1	2819	2620	17	2.12024
AT1G34310.1	1782	1583	0	0
AT4G23240.1	1989	1790	0	0
AT4G23240.2	1092	893	5	1.8296
AT3G12220.1	1736	1537	0.405059	0.0861158
AT3G12220.2	1731	1532	17.063	3.63945
AT3G12220.3	1256	1057	0	0
AT1G61688.1	414	215	0	0
AT1G24390.1	455	256	0	0
AT5G55470.1	1861	1662	5	0.983054
AT2G07120.1	1062	863	0	0
AT5G63450.2	1905	1706	0	0
AT5G63450.1	1836	1637	6	1.19768
AT5G25180.1	1565	1366	0	0
AT4G04025.1	557	358	0	0
AT1G71730.1	941	742	113	49.7637
AT5G13460.1	1827	1628	71	14.2509
AT3G52330.1	924	725	0	0
AT2G44690.1	1031	832	13	5.10574
AT3G60800.1	1646	1447	77	17.3884
AT4G39060.1	1107	908	0	0
AT1G57777.1	564	365	0	0
AT3G44670.1	4214	4015	122.282	9.95215
AT3G44670.2	4393	4194	159.534	12.4298
AT5G14650.2	1658	1459	34.0888	7.63476
AT5G14650.1	1757	1558	76.9112	16.131
AT5G35050.1	819	620	0	0
AT5G46570.1	1987	1788	87	15.8997
AT1G18690.3	2586	2387	25.4703	3.48675
AT1G18690.4	3142	2943	4.52967	0.502938
AT1G18690.2	2822	2623	0	0
AT1G18690.1	3047	2848	0	0
AT2G02240.1	1284	1085	1	0.301168
AT3G24090.1	2268	2069	42	6.63326
AT1G09150.1	1213	1014	97	31.2588
AT5G38800.1	749	550	0	0
AT3G51140.1	1636	1437	213.456	48.539
AT3G51140.2	1387	1188	3.54353	0.97467
AT5G42620.1	3322	3123	225	23.5423
AT5G42620.2	3219	3020	0	0
AT2G42120.2	1744	1545	0	0
AT2G42120.1	1518	1319	35	8.67085
AT3G23460.1	975	776	0	0
AT3G08810.1	1239	1040	0	0
AT1G52618.1	597	398	1	0.821023
AT1G05610.1	1608	1409	0.491211	0.113919
AT1G05610.2	1606	1407	2.50879	0.582651
AT5G20860.1	1539	1340	0	0
AT5G20860.2	1925	1726	2	0.378641
AT3G33528.2	1074	875	0	0
AT3G33528.3	893	694	0	0
AT3G33528.4	644	445	0	0
AT3G33528.5	616	417	0	0
AT3G33528.1	920	721	0	0
AT4G16050.1	2132	1933	0	0
AT3G14595.1	1000	801	136	55.4811
AT2G10455.1	210	20.9285	0	0
AT2G26360.1	1491	1292	18	4.55248
AT1G09575.1	1925	1726	0	0
AT1G09575.2	1206	1007	11	3.56945
AT2G33240.1	5393	5194	0	0
AT2G33240.6	5620	5421	0	0
AT2G33240.8	5250	5051	0	0
AT2G33240.3	5632	5433	0	0
AT2G33240.4	5568	5369	0	0
AT2G33240.7	5250	5051	0	0
AT2G33240.2	6086	5887	0	0
AT2G33240.5	3981	3782	4	0.345602
AT1G10370.1	1160	961	644	218.978
AT4G25750.1	2017	1818	18	3.23532
AT1G07250.1	1850	1651	196	38.7925
ATCG00490.1	1440	1241	130	34.2302
AT4G40042.1	383	184	10	17.7591
AT2G08986.1	3657	3458	0	0
AT1G74300.1	1387	1188	16.7915	4.61862
AT1G74300.2	1104	905	5.20848	1.88062
AT2G41280.1	602	403	0	0
AT2G36695.1	541	342	0	0
AT1G10200.1	1236	1037	119.126	37.5375
AT1G10200.2	1427	1228	4.87426	1.29703
AT4G25620.1	2077	1878	112	19.4877
AT4G02600.2	2156	1957	84.999	14.1926
AT4G02600.1	2240	2041	40.001	6.40421
AT3G04735.1	395	196	0	0
AT5G55540.2	4209	4010	37.9221	3.0902
AT5G55540.1	4440	4241	55.0779	4.24373
AT3G58540.1	504	305	0	0
AT2G29065.1	2301	2102	19	2.95365
AT5G52140.1	887	688	0	0
AT2G41820.1	3293	3094	234	24.7135
AT5G16800.2	1351	1152	11.5589	3.27869
AT5G16800.1	1460	1261	0	0
AT5G16800.3	1343	1144	37.4411	10.6945
AT3G29173.1	397	198	1	1.65034
AT1G73050.1	1659	1460	0	0
AT5G67370.1	1553	1354	658	158.798
AT3G58020.1	1254	1055	42	13.0087
AT2G34300.2	2642	2443	143.42	19.1834
AT2G34300.3	3053	2854	0	0
AT2G34300.1	2842	2643	158.58	19.606
AT1G55870.2	2692	2493	5.89959e-05	7.73282e-06
AT1G55870.1	2660	2461	38.1867	5.07037
AT1G55870.4	2641	2442	0	0
AT1G55870.3	2735	2536	33.8132	4.35688
AT1G50900.1	793	594	437.769	240.822
AT1G10590.2	816	617	110.688	58.6212
AT1G10590.1	940	741	217.312	95.8304
AT1G10590.3	835	636	0	0
AT4G22980.1	1972	1773	22	4.05464
AT5G55230.3	2646	2447	0	0
AT5G55230.2	2224	2025	128.727	20.7723
AT5G55230.1	2389	2190	159.273	23.7649
AT3G27331.1	387	188	0	0
AT1G68325.1	302	103	0	0
AT1G78520.1	574	375	1	0.871379
AT2G34655.1	979	780	0	0
AT1G65090.1	1284	1085	0	0
AT1G65090.2	1418	1219	0	0
AT1G65090.3	1200	1001	0	0
AT1G32160.1	1465	1266	199	51.3639
AT4G16141.1	1121	922	154	54.5793
AT4G21640.1	2202	2003	0	0
AT2G22920.2	1685	1486	6.8188	1.49944
AT2G22920.3	1062	863	4.27183	1.61749
AT2G22920.4	1443	1244	8.12647	2.13462
AT2G22920.1	1510	1311	0	0
AT3G21330.1	1814	1615	30	6.06998
AT5G52340.1	2250	2051	3	0.477963
AT2G39220.1	2179	1980	90	14.8531
AT5G18470.1	1513	1314	19	4.72494
AT4G09970.1	1070	871	46.9	17.5952
AT4G09970.2	810	611	4.1	2.19271
AT3G63460.1	3827	3628	331.083	29.82
AT3G63460.3	3785	3586	0.000342352	3.11962e-05
AT3G63460.2	3777	3578	535.917	48.9435
AT2G07721.1	854	655	0	0
AT1G16090.1	1310	1111	32	9.41183
AT2G23370.2	1432	1233	0	0
AT2G23370.1	1354	1155	57	16.1262
AT3G57110.1	757	558	0	0
AT3G18570.1	835	636	1	0.513785
AT3G03700.1	1680	1481	12.1884	2.68925
AT5G13370.1	2283	2084	86.3976	13.547
AT1G17330.1	1140	941	38	13.1957
AT1G03650.1	892	693	4	1.8861
AT5G24580.5	1166	967	4.82478	1.63038
AT5G24580.2	1271	1072	2.00612	0.611505
AT5G24580.3	1240	1041	32.8014	10.2963
AT5G24580.4	1291	1092	0	0
AT5G24580.1	1536	1337	6.36767	1.55628
AT2G37520.1	3373	3174	104	10.7069
AT1G23100.1	524	325	27	27.1468
AT5G40660.1	1665	1466	102.505	22.8481
AT1G70940.1	2751	2552	393	50.3211
AT1G06810.1	620	421	0	0
AT1G32220.1	1452	1253	190	49.5497
AT1G69270.1	2053	1854	49	8.63624
AT5G24410.1	1201	1002	11	3.58726
AT2G25180.1	2291	2092	100	15.6198
AT3G57450.1	1718	1519	100	21.512
AT4G00335.2	1147	948	21.8182	7.52053
AT4G00335.1	1279	1080	8.18182	2.47551
AT4G00335.3	1297	1098	4.69715e-08	1.39788e-08
AT4G28800.2	1623	1424	0	0
AT4G28800.1	1356	1157	0	0
AT3G58720.4	833	634	5.41038	2.78854
AT3G58720.1	717	518	0	0
AT3G58720.3	1014	815	0	0
AT3G58720.2	944	745	19.5896	8.59227
AT3G01070.1	1116	917	7	2.49441
AT1G01550.1	1572	1373	271.814	64.6904
AT1G01550.2	1595	1396	264.186	61.839
AT4G12510.1	806	607	97.1645	52.3067
AT5G20150.1	1206	1007	144	46.7274
AT2G23260.1	1513	1314	0	0
AT2G42040.1	1556	1357	35	8.42804
AT1G34410.1	1821	1622	0	0
AT4G28720.1	1734	1535	16	3.40604
AT4G36830.1	1266	1067	14	4.28748
AT4G36830.2	1450	1251	0	0
AT5G03620.1	2413	2214	2	0.295183
AT5G03620.2	2494	2295	0	0
AT1G59885.1	390	191	0	0
AT2G13422.1	105	4.43819	0	0
AT1G64790.1	8428	8229	794.976	31.5679
AT1G64790.2	8334	8135	0	0
AT1G64790.3	8503	8304	0.0238185	0.000937272
AT5G22910.1	2403	2204	0	0
AT1G58270.1	1862	1663	442	86.8497
AT5G58120.1	3517	3318	71	6.9923
AT2G20463.1	368	169	0	0
AT2G01021.1	102	4.33389	0	0
AT1G48060.1	1008	809	2	0.80783
AT2G36440.1	380	181	0	0
AT2G18700.1	2945	2746	23	2.73694
AT4G15080.2	3048	2849	66.2562	7.59928
AT4G15080.1	3005	2806	123.744	14.4103
AT5G40050.1	1248	1049	0	0
AT3G12480.1	1378	1179	108	29.9329
AT1G21430.1	1176	977	0	0
AT1G52930.1	1250	1051	154	47.8802
AT2G40670.1	2073	1874	1.77294	0.309146
AT2G40670.2	1016	817	8.22706	3.29049
AT5G03230.1	1126	927	42	14.805
AT3G25420.1	1485	1286	0	0
AT5G46877.1	324	125	0	0
AT2G22155.1	411	212	0	0
AT5G56560.2	1257	1058	0	0
AT5G56560.1	1824	1625	0	0
AT3G54310.1	1077	878	0	0
AT3G14310.1	2323	2124	703	108.153
AT4G19060.1	1385	1186	38	10.4698
AT5G67380.2	1358	1159	94.3615	26.6042
AT5G67380.1	2116	1917	55.6385	9.48401
AT3G29060.1	2874	2675	0	0
AT1G52620.1	2492	2293	18	2.56511
AT4G00752.1	1759	1560	65	13.6153
AT2G34030.1	1735	1536	0	0
AT5G49510.2	927	728	72.8511	32.6996
AT5G49510.1	1303	1104	85.1489	25.2028
AT3G59010.1	2072	1873	9	1.57016
AT3G57460.1	1510	1311	4	0.997001
AT1G77750.1	1058	859	76	28.9107
AT5G46450.3	3454	3255	0	0
AT5G46450.1	3897	3698	122	10.7803
AT5G46450.2	3316	3117	0	0
AT4G12920.1	1170	971	0	0
AT5G64760.1	1717	1518	77.6684	16.719
AT5G64760.3	1789	1590	0	0
AT5G64760.2	1686	1487	0.0251358	0.00552358
AT3G05710.1	1744	1545	24.5757	5.19774
AT3G05710.2	1584	1385	48.4243	11.4249
AT5G62340.1	934	735	19	8.44704
AT1G11990.1	1853	1654	2	0.395123
AT1G11990.2	2084	1885	0	0
AT1G18790.1	882	683	0	0
AT5G08290.2	1263	1064	9.81629	3.0147
AT5G08290.1	884	685	276.184	131.749
AT5G46420.1	2692	2493	387	50.7256
AT1G14830.1	2404	2205	353	52.3124
AT3G32960.1	645	446	0	0
AT2G17010.2	2880	2681	0.997475	0.121575
AT2G17010.1	2894	2695	0.00252451	0.000306095
AT5G03830.2	1500	1301	5.96789	1.49893
AT5G03830.3	1282	1083	6.03211	1.82003
AT5G03830.1	1296	1097	2.38083e-06	7.09187e-07
AT5G53060.2	1037	838	0	0
AT5G53060.3	2081	1882	15.1266	2.6264
AT5G53060.1	2768	2569	44.8734	5.70772
AT5G01750.1	1526	1327	69.1306	17.0231
AT5G01750.2	1461	1262	188.869	48.9036
AT3G24500.1	1092	893	34.2971	12.55
AT3G24500.2	585	386	9.70295	8.214
AT1G71430.1	713	514	47	29.8795
AT5G41790.1	5137	4938	333.416	22.0635
AT5G41790.2	5613	5414	443.584	26.7729
AT5G16880.3	1502	1303	0	0
AT5G16880.4	2155	1956	18.8281	3.1454
AT5G16880.1	1656	1457	71.2952	15.9897
AT5G16880.2	1674	1475	191.877	42.5078
AT1G65040.2	1980	1781	52.9271	9.71074
AT1G65040.5	2373	2174	0	0
AT1G65040.6	1307	1108	17.4177	5.13675
AT1G65040.4	1911	1712	0	0
AT1G65040.1	1978	1779	9.65504	1.77344
AT1G65040.3	1577	1378	0.000243076	5.76409e-05
AT2G32150.3	1201	1002	26.2779	8.56962
AT2G32150.2	1245	1046	41.0926	12.8372
AT2G32150.1	1416	1217	12.6295	3.39104
AT3G02160.1	1736	1537	0	0
AT3G02160.2	1576	1377	10	2.37304
AT1G77460.2	7070	6871	121.268	5.76721
AT1G77460.3	7274	7075	0	0
AT1G77460.4	7022	6823	5.73134	0.274485
AT1G77460.1	6970	6771	0.000257687	1.24359e-05
AT1G20440.1	2320	2121	558	85.967
AT1G01630.1	1479	1280	216	55.142
AT3G15950.1	2599	2400	508.276	69.2032
AT3G15950.4	2113	1914	115.139	19.6571
AT3G15950.2	2489	2290	144.627	20.6373
AT3G15950.3	2134	1935	1.93522	0.326804
AT3G15950.5	2000	1801	0.0227	0.0041186
AT2G35310.1	1419	1220	15	4.01763
AT2G34670.2	2812	2613	29	3.62658
AT2G34670.1	2841	2642	0	0
AT1G14455.1	582	383	1	0.853178
AT3G48208.1	488	289	0	0
AT5G23730.1	1534	1335	189	46.2614
AT5G63050.2	1438	1239	14.8382	3.91336
AT5G63050.1	1527	1328	200.162	49.2517
AT5G53570.1	2399	2200	173.997	25.8439
AT5G53570.2	2250	2051	0.0026474	0.000421786
AT1G09900.1	1797	1598	79	16.1543
AT1G66200.1	1659	1460	3050.54	682.751
AT1G66200.3	1282	1083	7.59793e-05	2.29248e-05
AT1G66200.2	1279	1080	2.02078e-06	6.11411e-07
AT2G18530.1	642	443	0	0
AT2G01008.1	1602	1403	30.1653	7.02567
AT2G39060.1	1260	1061	0	0
AT1G24440.1	1488	1289	20	5.07009
AT1G24440.2	1670	1471	0	0
AT1G01440.1	2830	2631	66	8.19712
AT3G13000.3	2620	2421	0	0
AT3G13000.1	2446	2247	61.1303	8.88979
AT3G13000.2	2616	2417	53.6427	7.25224
AT5G53320.1	2079	1880	16	2.781
AT4G16515.1	578	379	12.2843	10.5913
AT4G16515.2	680	481	2.65131	1.80117
AT1G13620.1	704	505	0	0
AT1G13620.2	590	391	1	0.835722
AT3G21890.1	1101	902	38	13.7662
AT3G49070.2	1401	1202	0	0
AT3G49070.1	1251	1052	10	3.10615
AT3G62420.1	1265	1066	163	49.9653
AT1G04110.1	2513	2314	74	10.4498
AT5G06920.1	1062	863	0	0
AT3G04240.1	3418	3219	390.297	39.6198
AT3G04240.2	2798	2599	35.7029	4.48885
AT3G47590.1	1369	1170	55.8594	15.6009
AT3G47590.2	721	522	11.0781	6.93481
AT3G46355.1	876	677	0	0
AT5G38392.1	654	455	0	0
AT5G43745.1	2839	2640	166	20.5467
AT4G30120.2	2301	2102	0	0
AT4G30120.1	2594	2395	20	2.72874
AT1G43130.2	1534	1335	0	0
AT1G43130.3	1449	1250	0	0
AT1G43130.1	1354	1155	58	16.4091
AT5G48420.1	429	230	0	0
AT5G65020.2	1474	1275	8.1939	2.1
AT5G65020.1	1237	1038	223.806	70.4552
AT2G32850.2	2555	2356	189	26.2135
AT2G32850.1	2495	2296	0	0
AT3G09470.2	1689	1490	88	19.299
AT2G27860.1	1732	1533	807	172.016
AT5G59930.1	2328	2129	0.0581667	0.00892766
AT5G59930.2	2318	2119	12.9418	1.99574
AT2G36630.1	1936	1737	623	117.2
AT5G39365.1	490	291	0	0
AT4G14600.1	887	688	19	9.02409
AT1G05310.1	1447	1248	15	3.92749
AT5G58130.1	2440	2241	194	28.2877
AT5G42460.1	1423	1224	11.0571	2.95187
AT1G37150.2	1286	1087	0	0
AT1G37150.9	1255	1056	0	0
AT1G37150.3	1372	1173	0	0
AT1G37150.8	1312	1113	2	0.587183
AT1G37150.4	1108	909	0	0
AT1G37150.1	1111	912	0	0
AT1G37150.5	1584	1385	0	0
AT1G37150.7	1354	1155	0	0
AT1G37150.6	1483	1284	0	0
AT4G21323.1	3029	2830	3	0.346396
AT1G51380.4	1666	1467	0	0
AT1G51380.2	1802	1603	17.8307	3.63475
AT1G51380.3	1601	1402	0	0
AT1G51380.1	1714	1515	0.169256	0.0365065
AT2G47930.1	707	508	120.289	77.3747
AT5G13140.1	1142	943	212	73.462
AT5G22700.2	2949	2750	0	0
AT5G22700.3	2733	2534	65.3093	8.42183
AT5G22700.6	1550	1351	0	0
AT5G22700.1	2803	2604	0	0
AT5G22700.5	1673	1474	17.0439	3.77841
AT5G22700.4	2539	2340	12.6469	1.76606
AT5G34881.1	493	294	0	0
AT1G31000.1	1098	899	0	0
AT1G26665.1	901	702	26.243	12.2156
AT1G26665.2	794	595	14.757	8.10438
AT5G37310.1	2249	2050	152	24.2286
AT5G37310.2	2277	2078	0	0
AT5G18680.1	1569	1370	99.8539	23.8168
AT5G18680.2	1760	1561	7.14612	1.49591
AT1G03120.1	629	430	0	0
AT1G03120.2	648	449	2	1.45553
AT1G09690.1	968	769	1490.18	633.212
AT1G14780.1	2374	2175	30	4.50713
AT2G35080.2	720	521	0	0
AT2G35080.1	684	485	0	0
AT1G71696.1	2087	1888	0	0
AT1G71696.2	1945	1746	60	11.2291
AT4G36900.1	1214	1015	17	5.47295
AT4G26070.2	1628	1429	7.17118	1.63982
AT4G26070.4	1343	1144	0	0
AT4G26070.1	1718	1519	6.31295	1.35804
AT4G26070.3	1519	1320	6.39458	1.58298
AT4G26070.5	1305	1106	11.1213	3.28578
AT5G58730.1	1546	1347	78	18.9219
AT4G34135.2	2177	1978	75.1694	12.418
AT4G34135.1	2126	1927	167.421	28.39
AT5G19315.1	264	65.044	0	0
AT1G24280.1	2154	1955	265	44.2932
AT2G46470.1	1655	1456	102	22.8917
AT5G08030.2	1295	1096	5.6224e-06	1.67629e-06
AT5G08030.1	1282	1083	4.99999	1.50862
AT3G27030.1	429	230	19	26.9938
AT3G30222.1	276	77.0053	0	0
AT2G29320.3	1260	1061	0	0
AT2G29320.2	1388	1189	15.2294	4.18543
AT2G29320.1	1287	1088	39.4596	11.8512
AT4G29750.1	2804	2605	145	18.1886
AT4G29750.2	2830	2631	0	0
AT5G35480.2	512	313	0	0
AT5G35480.1	553	354	16	14.7691
AT5G19090.5	2201	2002	40.759	6.6527
AT5G19090.2	1797	1598	85.4797	17.4793
AT5G19090.4	2386	2187	0	0
AT5G19090.3	1797	1598	85.4797	17.4793
AT5G19090.1	2466	2267	64.2816	9.2656
AT4G34700.1	1021	822	487	193.596
AT5G42223.1	314	115	0	0
AT1G65300.1	929	730	0	0
AT5G49590.1	387	188	0	0
AT3G23510.1	3191	2992	33.5414	3.66318
AT2G07777.1	2150	1951	46	7.7044
AT1G60320.1	516	317	0	0
AT2G25409.1	634	435	0	0
AT4G14070.1	2511	2312	163	23.0376
AT5G23900.1	946	747	567	248.028
AT5G58320.5	1872	1673	15.9042	3.10638
AT5G58320.1	1999	1800	0	0
AT5G58320.2	1966	1767	62.0958	11.4832
AT5G58320.4	1830	1631	0	0
AT5G58320.3	1784	1585	0	0
AT4G36940.1	2132	1933	84.9386	14.3586
AT5G43380.2	2033	1834	0	0
AT5G43380.1	1659	1460	26	5.81914
AT5G43380.3	1239	1040	0	0
AT5G15340.1	2126	1927	1	0.169573
AT1G53010.1	537	338	0	0
AT5G57035.1	2635	2436	73	9.79228
AT5G21070.1	1370	1171	52	14.5106
AT2G25735.1	1262	1063	5	1.537
AT1G01060.4	2641	2442	1214.18	162.471
AT1G01060.8	2132	1933	394.653	66.7148
AT1G01060.2	2814	2615	75.2998	9.40937
AT1G01060.3	2517	2318	29.1366	4.10737
AT1G01060.6	2933	2734	0	0
AT1G01060.1	2708	2509	400.184	52.1191
AT1G01060.7	2908	2709	151.099	18.226
AT1G01060.5	2722	2523	0	0
AT2G01780.1	828	629	0	0
AT1G58280.3	1078	879	19.9927	7.43227
AT1G58280.2	1309	1110	9.78444	2.88039
AT1G58280.4	1098	899	0	0
AT1G58280.1	1234	1035	57.2228	18.0662
AT1G49320.1	1250	1051	42	13.0582
AT1G66400.1	975	776	19	8.00074
AT1G23210.1	1631	1432	2	0.456379
AT4G33660.1	1333	1134	37	10.6617
AT3G56060.1	2374	2175	96	14.4228
AT1G64650.1	1890	1691	404	78.0685
AT1G64650.2	1728	1529	0	0
AT1G61562.1	558	359	0	0
AT1G20135.1	1274	1075	0	0
AT4G22820.1	1062	863	105.785	40.0546
AT4G22820.2	1241	1042	14.2149	4.45775
AT1G62700.1	1926	1727	5.25723	0.994725
AT1G62700.2	1269	1070	1.74277	0.532224
AT1G53330.2	2299	2100	0	0
AT1G53330.1	2039	1840	4	0.710363
AT3G50510.1	768	569	0	0
AT3G50510.2	737	538	0	0
AT3G19160.1	1040	841	0	0
AT3G18291.1	241	42.9444	0	0
AT2G35770.1	1590	1391	27	6.34271
AT2G02390.1	1161	962	42.984	14.6006
AT2G02390.2	954	755	0	0
AT2G02390.3	1014	815	92.2169	36.9736
AT2G02390.4	900	701	23.7991	11.0938
AT5G60030.2	980	781	0.443146	0.18541
AT5G60030.1	1159	960	53.5568	18.2298
AT5G60030.3	954	755	7.42807e-06	3.2149e-06
AT4G00660.1	2847	2648	246.406	30.4069
AT4G00660.2	2809	2610	0	0
AT1G47265.1	594	395	0	0
AT1G25280.3	1933	1734	0	0
AT1G25280.2	2049	1850	83.5839	14.7635
AT1G25280.1	2210	2011	112.416	18.2665
AT1G48000.1	952	753	4	1.73581
AT3G13780.1	1224	1025	16	5.10076
AT4G35080.1	1609	1410	195.323	45.2659
AT4G35080.3	1529	1330	0	0
AT4G35080.2	1370	1171	41.6775	11.6301
AT4G19210.1	2356	2157	454	68.7771
AT1G66970.2	2663	2464	338.531	44.8948
AT1G66970.1	3006	2807	65.4694	7.62139
AT1G66970.3	3029	2830	0	0
AT4G28080.1	6117	5918	3248	179.341
AT3G51850.3	2251	2052	78.4519	12.4929
AT3G51850.1	2261	2062	198.548	31.4641
AT3G51850.2	2473	2274	0	0
AT4G00700.1	3611	3412	49.8102	4.77032
AT4G00700.2	3474	3275	23.1898	2.31379
AT2G35615.1	1443	1244	0	0
AT1G17840.1	3207	3008	599.767	65.1543
AT1G18080.1	1449	1250	2166	566.222
AT5G53540.1	1733	1534	148	31.5264
AT3G44763.1	243	44.7603	0	0
AT3G27310.1	1193	994	89	29.2578
AT1G05780.1	864	665	14	6.87931
AT2G21080.1	1529	1330	48	11.7931
AT4G10640.1	1651	1452	12.6285	2.842
AT4G29035.1	456	257	0	0
AT5G45760.1	1368	1169	24	6.70865
AT5G45760.2	1205	1006	0	0
AT3G49680.2	1575	1376	230.933	54.841
AT3G49680.1	1753	1554	192.067	40.3869
AT2G15260.1	1089	890	0	0
AT4G09860.1	165	8.64817	0	0
AT1G22530.1	2618	2419	261.252	35.2908
AT1G22530.2	2368	2169	255.748	38.5293
AT3G49240.1	2243	2044	59.4775	9.50846
ATMG00410.1	1321	1122	0	0
AT1G15460.2	2455	2256	8.50579	1.23201
AT1G15460.1	2469	2270	0.00700345	0.00100815
AT1G15460.3	2579	2380	0	0
AT1G15460.4	2190	1991	2.4872	0.408205
AT1G78895.1	832	633	9.67024	4.99197
AT4G31405.1	412	213	0	0
AT4G31405.2	447	248	1	1.31761
AT4G03110.1	2072	1873	125.709	21.9314
AT4G03110.3	1979	1780	20.8083	3.81992
AT4G03110.2	2196	1997	28.4831	4.66067
AT2G46600.1	582	383	87	74.2265
AT1G15670.1	1721	1522	62	13.3111
AT3G45200.1	903	704	0	0
AT5G65710.1	3229	3030	57	6.1471
AT3G22050.1	1123	924	0	0
AT2G29870.1	623	424	0	0
AT5G59865.1	373	174	0	0
AT1G49420.1	570	371	0	0
AT5G40150.1	1540	1341	33.2037	8.09088
AT4G26170.1	1523	1324	0	0
AT1G09932.1	1281	1082	1.69048e-07	5.10531e-08
AT1G09932.3	1290	1091	8.43784	2.52723
AT1G09932.2	1213	1014	7.76888	2.50356
AT1G09932.4	1135	936	10.7933	3.76804
AT2G42960.3	2428	2229	0	0
AT2G42960.5	2417	2218	6.84568	1.00854
AT2G42960.4	2350	2151	0	0
AT2G42960.2	2537	2338	0	0
AT2G42960.1	2093	1894	24.1543	4.16729
AT1G48720.1	729	530	2.16999	1.33789
AT4G12470.1	865	666	598	293.404
AT3G14430.1	653	454	47	33.8283
AT4G10070.1	2576	2377	73	10.0353
AT1G26220.1	722	523	68	42.486
AT5G26260.1	1585	1386	123.296	29.0685
AT5G24400.1	1446	1247	169	44.2852
AT3G57640.1	1528	1329	8	1.967
AT3G06190.5	1942	1743	34.8277	6.52928
AT3G06190.3	2331	2132	13.5677	2.0795
AT3G06190.1	2000	1801	71.4385	12.9616
AT3G06190.4	1995	1796	42.1661	7.67176
AT3G06190.2	1512	1313	0	0
AT4G02715.1	2496	2297	213.483	30.3698
AT4G02715.2	1377	1178	29.5165	8.18763
AT1G15130.1	2887	2688	303	36.8342
AT5G67260.1	1487	1288	308	78.14
AT5G67260.2	1437	1238	0	0
AT1G56050.1	1533	1334	213	52.175
AT1G55365.1	1049	850	1.10705	0.425584
AT5G12910.1	396	197	0	0
AT2G07695.1	1898	1699	2.51672	0.484038
AT2G19350.1	745	546	20	11.9695
AT1G15610.1	768	569	0	0
AT1G15610.2	1001	802	0	0
AT5G51310.1	1214	1015	12	3.86326
AT5G01430.2	974	775	44.6618	18.831
AT5G01430.1	1070	871	27.2188	10.2115
AT5G62480.3	885	686	0	0
AT5G62480.2	953	754	8.95764	3.88205
AT5G62480.1	1031	832	41.0424	16.1193
AT4G34620.1	703	504	1445	936.862
AT2G25482.1	556	357	0	0
AT3G13229.1	1310	1111	0	0
AT1G77080.5	892	693	0	0
AT1G77080.2	872	673	29.7701	14.4545
AT1G77080.11	1375	1176	21.2464	5.90359
AT1G77080.9	3683	3484	0	0
AT1G77080.8	1095	896	0	0
AT1G77080.12	1051	852	3.76616	1.44443
AT1G77080.3	722	523	0	0
AT1G77080.7	4018	3819	0	0
AT1G77080.4	1014	815	51.2245	20.538
AT1G77080.6	4099	3900	0	0
AT1G77080.10	3562	3363	6.3826	0.620168
AT5G05090.1	1263	1064	16	4.91379
AT3G22460.1	986	787	1.87828	0.779874
AT3G22460.2	567	368	0.121718	0.10808
AT2G40080.1	660	461	2	1.41764
AT2G04790.8	1017	818	0	0
AT2G04790.3	765	566	0.00949708	0.00548292
AT2G04790.2	726	527	18.3194	11.3589
AT2G04790.10	926	727	0	0
AT2G04790.1	741	542	7.50515	4.52479
AT2G04790.9	955	756	0	0
AT2G04790.11	1009	810	9.53446	3.84636
AT2G04790.7	1040	841	0	0
AT2G04790.4	857	658	7.95752	3.95176
AT2G04790.12	902	703	0	0
AT2G04790.13	879	680	0	0
AT2G04790.5	1152	953	0	0
AT2G04790.15	758	559	0	0
AT2G04790.16	870	671	2.674	1.3022
AT2G04790.14	849	650	0	0
AT2G04790.6	1060	861	0	0
AT4G21895.1	1201	1002	0	0
AT4G21895.2	987	788	0	0
AT3G62540.1	2055	1856	20.1397	3.54578
AT5G19025.2	1126	927	15	5.28749
AT5G19025.1	1168	969	0	0
AT4G38170.1	2101	1902	52.0744	8.94647
AT3G06930.2	2025	1826	0	0
AT3G06930.1	2083	1884	126	21.8539
AT4G25590.1	815	616	0	0
AT4G25590.2	1014	815	0	0
AT5G03600.1	1055	856	0	0
AT5G03600.2	1527	1328	0	0
AT3G02820.2	1160	961	12.6447	4.29957
AT3G02820.1	1084	885	20.3553	7.51574
AT4G36660.1	987	788	98	40.6386
AT5G66950.1	3381	3182	179	18.3819
AT4G17270.1	1591	1392	199	46.7146
AT1G36100.1	564	365	0	0
AT5G38740.1	1363	1164	0	0
AT4G14620.1	1617	1418	47	10.8308
AT3G06240.1	1765	1566	41	8.55521
AT1G08150.1	2754	2555	0	0
AT3G12570.3	1939	1740	41.833	7.85612
AT3G12570.2	2113	1914	133.167	22.7349
AT3G12570.1	1881	1682	0	0
AT3G12570.4	1995	1796	0	0
AT1G74920.2	1828	1629	111.325	22.3311
AT1G74920.1	1948	1749	422.675	78.9687
AT4G01850.2	1269	1070	413.272	126.209
AT4G01850.1	1686	1487	802.338	176.313
AT5G16390.1	1429	1230	480	127.519
AT5G16390.2	1469	1270	0	0
AT2G07360.2	4065	3866	0	0
AT2G07360.1	4023	3824	359	30.6771
AT1G12600.1	1470	1271	7	1.79966
AT2G32380.1	813	614	55	29.2707
AT5G19310.1	3618	3419	39.45	3.77039
AT5G19310.2	2838	2639	26.55	3.28748
AT5G37000.1	2146	1947	16	2.6853
AT2G36710.1	1429	1230	3	0.796993
AT3G27060.1	1692	1493	479	104.837
AT5G52010.1	1729	1530	89	19.008
AT1G54370.1	1875	1676	126	24.566
AT1G44608.1	979	780	4	1.67573
AT2G30150.2	1772	1573	77.0735	16.0109
AT2G30150.1	1323	1124	75.9265	22.0732
AT1G49520.1	1607	1408	16	3.71326
AT3G05630.1	3520	3321	25	2.45985
AT5G21970.1	1837	1638	35	6.9822
AT5G21970.2	1897	1698	0	0
AT3G62000.1	1222	1023	25.6267	8.18568
AT3G62000.2	1370	1171	4.37335	1.22038
AT5G16030.2	1256	1057	56.9113	17.5939
AT5G16030.3	1278	1079	35.6414	10.7937
AT5G16030.5	851	652	46.7159	23.4129
AT5G16030.1	1462	1263	0	0
AT5G16030.4	967	768	54.7315	23.287
AT2G05752.1	594	395	0	0
AT4G24130.1	923	724	54	24.3721
AT3G17227.1	686	487	0	0
AT2G25565.1	621	422	0	0
AT3G45760.1	1425	1226	0	0
AT3G45760.2	1715	1516	0	0
AT5G58250.1	1126	927	643	226.657
AT1G04440.1	2407	2208	200	29.5985
AT2G32415.2	2898	2699	0	0
AT2G32415.3	3063	2864	47.2088	5.38627
AT2G32415.1	2881	2682	21.7912	2.65498
AT5G13440.1	1534	1335	507.297	124.171
AT1G08440.1	1807	1608	3	0.60964
AT3G25011.1	558	359	1	0.910215
AT1G34490.1	1056	857	0	0
AT4G17440.3	1332	1133	0	0
AT4G17440.4	1132	933	0	0
AT4G17440.1	1061	862	10	3.7908
AT4G17440.2	1222	1023	0	0
AT5G25195.1	180	11.1077	0	0
AT3G49910.1	1227	1028	1780	565.803
AT1G41830.1	2117	1918	757	128.969
AT1G31490.1	2067	1868	6.51085	1.13894
AT2G26580.2	882	683	10.0082	4.78821
AT2G26580.1	1126	927	37.9918	13.3921
AT3G62230.1	1616	1417	0	0
AT1G30560.1	1769	1570	3	0.624396
AT4G31630.1	1539	1340	0	0
AT2G47580.1	1022	823	130	51.6157
AT1G01800.2	1098	899	112.826	41.0099
AT1G01800.1	1236	1037	90.1739	28.4145
AT1G27260.1	669	470	0	0
AT1G15470.1	1494	1295	39.9609	10.0833
AT1G15470.2	1504	1305	28.0391	7.02088
AT4G37590.1	3161	2962	358	39.4945
AT4G18290.2	2893	2694	4.3104	0.522827
AT4G18290.1	2268	2069	20.6896	3.26761
AT5G06620.2	1218	1019	9	2.88607
AT5G06620.1	1121	922	0	0
AT1G64060.1	3994	3795	139	11.9685
AT2G29260.1	1435	1236	2	0.528749
AT2G18150.1	1404	1205	55.8526	15.1459
AT4G20735.1	657	458	1	0.713465
AT1G16740.1	697	498	76	49.8681
AT3G26395.1	442	243	22	29.5839
AT5G64900.1	691	492	9	5.97745
AT5G47220.1	1314	1115	11	3.22371
AT2G40760.1	1672	1473	85	18.8562
AT1G27290.2	1005	806	23.3139	9.45188
AT1G27290.1	1228	1029	27.6861	8.79194
AT4G01830.1	3713	3514	6	0.55794
AT4G01830.2	3181	2982	0	0
AT4G19480.1	387	188	0	0
AT5G45360.1	1446	1247	105	27.5145
AT5G22990.1	975	776	0	0
AT5G50375.2	1212	1013	7.81564	2.52112
AT5G50375.1	1472	1273	74.0312	19.0031
AT5G50375.3	1722	1523	5.15321	1.10565
AT3G47090.1	3424	3225	2	0.202646
AT2G43570.1	1139	940	18	6.25724
AT5G10300.1	1165	966	19	6.4271
AT5G10300.2	1141	942	0	0
AT5G03530.2	1126	927	26.2866	9.26602
AT5G03530.1	1440	1241	23.7134	6.24396
AT3G52190.1	1798	1599	108	22.0706
AT3G20480.3	1535	1336	7.59091	1.85663
AT3G20480.4	1443	1244	0	0
AT3G20480.2	1458	1259	0	0
AT3G20480.5	1306	1107	0	0
AT3G20480.1	1359	1160	3.40909	0.960327
AT1G56225.1	225	29.9375	0	0
AT5G20990.2	2887	2688	20.7302	2.52007
AT5G20990.1	2390	2191	126.36	18.8455
AT5G20990.3	2130	1931	66.9094	11.3225
AT5G45480.1	2987	2788	201	23.5582
AT3G57800.1	1817	1618	57.0759	11.5269
AT3G57800.2	1975	1776	89.9241	16.5452
AT1G75560.2	1315	1116	24.4768	7.16684
AT1G75560.1	1194	995	139.523	45.8207
AT1G53705.1	396	197	0	0
AT1G53705.2	465	266	0	0
AT3G04110.3	2806	2607	0.000892304	0.000111843
AT3G04110.2	2736	2537	0	0
AT3G04110.1	2820	2621	69.9991	8.72698
AT4G35110.1	2085	1886	0	0
AT4G35110.2	1795	1596	35	7.16595
AT4G35110.4	2016	1817	0	0
AT4G35110.3	2017	1818	0	0
AT4G35110.6	1951	1752	0	0
AT4G35110.5	2328	2129	0	0
AT4G37770.1	1785	1586	9	1.85429
AT2G38960.2	1437	1238	0	0
AT2G38960.3	1680	1481	0	0
AT2G38960.1	1923	1724	61	11.5619
AT4G10650.1	1833	1634	5.37147	1.07419
AT2G07640.1	471	272	0	0
AT1G11400.6	1566	1367	0	0
AT1G11400.3	1055	856	14.4148	5.50268
AT1G11400.1	1044	845	32.0291	12.3859
AT1G11400.4	1611	1412	4.21092	0.974498
AT1G11400.2	1436	1237	29.3452	7.75184
AT1G11400.5	1598	1399	0	0
AT4G19260.1	867	668	0	0
AT2G07690.2	2406	2207	83.2807	12.3305
AT2G07690.1	2691	2492	43.7193	5.73276
AT3G06610.1	878	679	126	60.6372
AT2G25990.1	121	5.0996	0	0
AT5G37920.1	1830	1631	0	0
AT3G30320.1	2088	1889	0	0
AT5G23340.1	1829	1630	79	15.8372
AT5G19880.1	1250	1051	1	0.310911
AT2G13985.1	333	134	0	0
ATCG00790.1	408	209	17	26.5791
AT3G03490.1	1171	972	58	19.4984
AT5G53350.1	2304	2105	321	49.83
AT1G12860.2	2185	1986	45.3982	7.46961
AT1G12860.1	2066	1867	93.6018	16.3824
AT1G12860.3	2118	1919	0	0
AT4G15800.1	1209	1010	124	40.1179
AT1G72290.1	1071	872	0	0
AT5G64500.1	1863	1664	182	35.7402
AT1G53230.1	1844	1645	118.204	23.4803
AT1G53230.2	1176	977	34.7964	11.638
AT5G06730.1	1423	1224	10	2.66967
AT1G01970.1	1710	1511	177	38.2778
AT1G74720.1	3905	3706	200	17.6345
AT3G50860.1	1088	889	29	10.6594
AT3G50860.2	1178	979	0	0
AT1G53023.1	951	752	0	0
AT1G33440.1	2246	2047	21	3.35228
AT1G25025.1	777	578	0	0
AT4G23493.1	730	531	5	3.0769
AT1G01650.3	2504	2305	0	0
AT1G01650.1	2229	2030	153.914	24.7754
AT1G01650.4	2220	2021	4.33913	0.701577
AT1G01650.2	2500	2301	12.7468	1.81018
AT1G16510.1	872	673	36	17.4794
AT1G28440.1	3476	3277	367	36.5955
AT1G65920.1	3344	3145	54	5.61063
AT1G65920.2	3638	3439	0	0
AT1G11915.1	1278	1079	6	1.81706
AT2G39590.1	393	194	0	0
AT5G11870.1	1343	1144	0	0
AT5G11870.2	1323	1124	4	1.16287
AT4G21850.1	981	782	127	53.0683
AT4G21850.2	898	699	0	0
AT4G10890.3	2075	1876	18.2021	3.1705
AT4G10890.1	2137	1938	0	0
AT4G10890.2	2550	2351	19.7979	2.75172
AT3G53920.1	2128	1929	146.42	24.803
AT3G53920.2	2222	2023	27.5805	4.45497
AT2G42600.2	3160	2961	1028.6	113.513
AT2G42600.1	3519	3320	467.508	46.014
AT2G42600.3	3515	3316	296.89	29.2563
AT5G17480.1	603	404	0	0
AT4G40020.1	2188	1989	7	1.15001
AT5G46050.2	1672	1473	5.87629	1.30358
AT5G46050.1	1963	1764	12.1237	2.24582
AT1G18835.1	648	449	5	3.63883
AT5G01120.1	1840	1641	3	0.59738
AT3G19710.1	1451	1252	478.865	124.982
AT3G27680.1	405	206	0	0
AT3G23560.2	2086	1887	0	0
AT3G23560.1	2012	1813	147	26.4946
AT2G44925.1	596	397	0	0
AT1G56360.1	1401	1202	0	0
AT4G22490.1	784	585	561	313.361
AT3G16840.2	2788	2589	147	18.5534
AT3G16840.1	2908	2709	0	0
AT4G14500.1	2167	1968	134.022	22.253
AT4G14500.2	1944	1745	18.9589	3.55022
AT5G05010.2	2007	1808	128.236	23.1766
AT5G05010.1	2109	1910	561.764	96.1079
AT5G06390.1	2470	2271	251	36.1156
AT1G70850.3	1203	1004	276.465	89.9798
AT1G70850.1	1293	1094	248.599	74.2542
AT1G70850.2	1358	1159	58.5746	16.5145
AT1G67810.1	1228	1029	8	2.54046
AT5G10440.1	1232	1033	6	1.89797
AT5G10440.2	1373	1174	0	0
AT4G36680.1	1697	1498	111	24.2131
AT1G09240.1	1403	1204	27	7.32783
AT3G45780.2	3451	3252	168.519	16.9331
AT3G45780.1	3449	3250	341.481	34.3338
AT2G15010.1	704	505	0	0
AT3G01980.2	1302	1103	36.2819	10.7486
AT3G01980.5	1601	1402	0	0
AT3G01980.3	1568	1369	0	0
AT3G01980.6	1589	1390	0	0
AT3G01980.1	1647	1448	0	0
AT3G01980.4	1406	1207	37.7181	10.2113
AT1G49240.1	1805	1606	1575.71	320.605
AT3G09270.1	1359	1160	177	49.8602
AT2G01850.1	1545	1346	340	82.5415
AT1G63615.1	742	543	3	1.80534
AT3G54100.1	2743	2544	60	7.70677
AT4G05475.1	930	731	0	0
AT3G60160.1	5290	5091	12.1616	0.780599
AT3G60160.3	5232	5033	13.9569	0.906149
AT3G60160.2	5195	4996	0	0
AT3G61172.1	348	149	0	0
AT3G50940.1	1523	1324	0	0
AT5G57110.1	3637	3438	0.231033	0.0219587
AT5G57110.3	3746	3547	0	0
AT5G57110.2	3795	3596	231.769	21.0608
AT1G10540.1	2052	1853	1.84481	0.325323
AT1G10540.2	2056	1857	0.155191	0.0273082
AT2G31425.1	789	590	0	0
AT1G09410.1	2288	2089	4	0.625691
AT5G58590.1	1137	938	130	45.2876
AT2G17740.1	1059	860	9	3.41966
AT3G60310.1	2837	2638	1.357e-07	1.68091e-08
AT3G60310.2	2793	2594	33	4.15702
AT3G02400.2	2050	1851	14.921	2.63409
AT3G02400.1	2155	1956	17.079	2.8532
AT1G04770.1	1284	1085	142	42.7658
AT3G53610.2	1028	829	70.1154	27.6374
AT3G53610.3	1478	1279	8.32524	2.12699
AT3G53610.1	1355	1156	81.5594	23.0544
AT1G67920.1	597	398	13	10.6733
AT2G24480.1	597	398	0	0
AT4G40100.1	678	479	0	0
AT5G10010.1	1926	1727	256	48.438
AT3G53611.1	153	7.28986	0	0
AT5G67450.1	1415	1216	20	5.37446
AT3G43148.1	2022	1823	0	0
AT1G62120.1	1965	1766	21.4908	3.97649
AT4G31350.4	1988	1789	14.154	2.58528
AT4G31350.1	1902	1703	28.2973	5.42962
AT4G31350.3	1761	1562	48.1549	10.0739
AT4G31350.2	1882	1683	6.3938	1.24141
AT3G23780.1	4119	3920	119.073	9.92581
AT3G23780.2	4146	3947	0.0450358	0.00372845
AT2G44525.1	766	567	53	30.5444
AT2G33150.1	2142	1943	520.858	87.5962
AT1G27200.1	2431	2232	65	9.51607
AT2G13440.1	2720	2521	159	20.6093
AT1G17710.1	1250	1051	0	0
AT1G17710.2	1210	1011	10	3.23212
AT4G24220.2	1719	1520	0	0
AT4G24220.1	1722	1523	458	98.2661
AT1G63740.2	3780	3581	36	3.28501
AT1G63740.1	3555	3356	0	0
AT1G09870.1	1972	1773	104	19.1674
AT3G28070.4	1350	1151	0	0
AT3G28070.2	1371	1172	0	0
AT3G28070.1	1421	1222	61.5186	16.4503
AT3G28070.3	1475	1276	0	0
AT3G28070.5	1760	1561	14.7826	3.09447
AT3G50660.2	2844	2645	15.8325	1.95596
AT3G50660.1	2092	1893	68.1675	11.767
AT2G43745.1	1227	1028	19.5832	6.22485
AT1G06570.1	1338	1139	107.093	30.7238
AT1G06570.2	1547	1348	232.907	56.4587
AT1G55310.5	1072	873	46.627	17.4527
AT1G55310.6	1219	1020	25.5371	8.18107
AT1G55310.1	1634	1435	0	0
AT1G55310.3	1264	1065	0.211655	0.0649409
AT1G55310.4	2399	2200	37.1682	5.52062
AT1G55310.7	881	682	17.456	8.36368
AT1G55310.2	1305	1106	0	0
AT5G27460.1	1592	1393	32	7.5065
AT3G10370.1	2296	2097	118	18.3875
AT5G48610.4	2950	2751	0	0
AT5G48610.1	2688	2489	0	0
AT5G48610.3	2569	2370	20.6565	2.84804
AT5G48610.2	2861	2662	7.57307	0.929614
AT5G48610.5	2396	2197	17.7705	2.64306
AT2G26520.1	1084	885	8	2.95383
AT4G33520.3	3248	3049	3.5866e-06	3.84383e-07
AT4G33520.1	1160	961	144.406	49.102
AT4G33520.4	1359	1160	11.3509	3.19749
AT4G33520.2	3315	3116	139.244	14.6021
ATCG00660.1	354	155	4	8.4327
AT5G64590.1	621	422	0	0
AT2G30290.1	2164	1965	0	0
AT2G30290.2	2107	1908	0	0
AT1G12064.1	598	399	0	0
AT1G42440.1	2879	2680	243	29.6285
AT5G58640.2	1051	852	9.62831	3.69274
AT5G58640.1	1104	905	85.3717	30.825
AT4G36930.1	1647	1448	19	4.28769
AT4G35940.4	2054	1855	7.91414	1.39411
AT4G35940.1	1820	1621	16.145	3.25457
AT4G35940.7	1687	1488	0	0
AT4G35940.3	1658	1459	0	0
AT4G35940.2	1475	1276	13.6547	3.49679
AT4G35940.8	1468	1269	0	0
AT4G35940.5	1935	1736	0	0
AT4G35940.6	1982	1783	14.5159	2.66031
AT1G61350.1	2328	2129	70	10.7439
AT1G76210.1	1047	848	0	0
AT1G34430.1	1838	1639	430	85.729
AT3G16100.1	989	790	94	38.8812
AT1G14460.1	4209	4010	119	9.69708
AT4G27100.2	2032	1833	27	4.81326
AT4G27100.1	1626	1427	0	0
AT1G13530.1	1308	1109	7	2.06255
AT1G18260.1	2432	2233	157	22.9747
AT5G01210.1	1802	1603	116	23.6463
AT5G18110.1	1120	921	189	67.0564
AT1G62410.1	672	473	0	0
AT2G36560.1	1780	1581	0	0
AT3G26930.2	1566	1367	0	0
AT3G26930.1	1449	1250	0	0
AT1G67890.3	2902	2703	0	0
AT1G67890.1	3007	2808	105.289	12.2525
AT1G67890.4	2467	2268	0	0
AT1G67890.2	3628	3429	14.1368	1.34716
AT3G21210.1	2762	2563	4	0.509976
ATCG00560.1	117	4.91545	0	0
AT1G53282.1	317	118	0	0
AT3G27416.1	522	323	0	0
AT3G15930.1	2064	1865	0	0
AT5G05970.2	2733	2534	0	0
AT5G05970.1	2730	2531	75	9.68295
AT3G29430.1	1454	1255	3	0.781117
AT1G62422.1	1217	1018	15	4.81484
AT3G10720.1	2045	1846	8.07269	1.42898
AT3G10720.2	2266	2067	447.927	70.8118
AT4G01250.1	1326	1127	35	10.148
AT4G04080.1	774	575	0	0
AT1G58936.1	1461	1262	4	1.03571
AT1G24320.2	2369	2170	0	0
AT1G24320.1	2582	2383	22	3.01673
AT1G19990.1	1128	929	35	12.3109
AT2G30820.2	1556	1357	12.7786	3.07711
AT2G30820.1	1831	1632	15.9007	3.18372
AT3G49170.1	2690	2491	24	3.1483
AT5G48740.1	2872	2673	4	0.488989
AT4G34210.1	526	327	1	0.999288
AT4G38710.1	1936	1737	270.516	50.89
AT4G38710.2	1814	1615	123.484	24.9848
AT1G03980.1	1186	987	0	0
AT1G03980.3	1596	1397	2.0049	0.468959
AT1G03980.4	1371	1172	0	0
AT1G03980.2	1662	1463	0	0
AT5G51580.1	958	759	3.07287	1.32294
AT1G52700.3	1170	971	2.91623	0.981388
AT1G52700.5	1040	841	0	0
AT1G52700.2	1743	1544	8.08377	1.71082
AT1G52700.6	861	662	0	0
AT1G52700.1	748	549	0	0
AT1G52700.4	1046	847	0	0
AT1G60986.1	548	349	0	0
AT4G28397.1	659	460	0	0
AT4G28397.2	578	379	0	0
AT2G46940.1	1068	869	4	1.50411
AT2G18490.2	1121	922	0	0
AT2G18490.1	813	614	1	0.532194
AT3G30180.1	1913	1714	161	30.694
AT3G48760.1	1907	1708	154	29.4626
AT1G53200.2	2251	2052	0.0322255	0.0051317
AT1G53200.1	2290	2091	42.9678	6.71471
AT1G35250.1	1780	1581	0	0
AT1G35250.2	1769	1570	4.38268	0.912175
AT1G35250.3	1110	911	15.8553	5.68713
AT2G44890.2	1659	1460	0	0
AT2G44890.1	1536	1337	0	0
AT4G33900.1	1140	941	0	0
AT1G22860.1	3577	3378	73	7.06157
AT3G22190.3	1892	1693	0	0
AT3G22190.2	2039	1840	70.9115	12.5932
AT3G22190.4	1425	1226	0.420721	0.112135
AT3G22190.1	1726	1527	10.3928	2.22399
AT1G77600.3	4706	4507	0	0
AT1G77600.2	4664	4465	0	0
AT1G77600.1	4689	4490	88	6.40434
AT1G68790.1	3888	3689	283	25.0678
AT4G38230.1	1800	1601	30.1267	6.14891
AT4G38230.4	1706	1507	0	0
AT4G38230.2	1946	1747	17.2403	3.2247
AT4G38230.3	1802	1603	13.0433	2.65885
AT5G09590.1	2576	2377	484.019	66.5382
AT2G28180.1	2451	2252	0	0
AT1G11330.2	3499	3300	20.8202	2.06162
AT1G11330.1	2865	2666	100.18	12.2789
AT1G11330.3	3580	3381	0	0
AT4G29910.2	2545	2346	13.0575	1.81874
AT4G29910.1	2006	1807	33.9425	6.13796
AT2G20400.1	1883	1684	1.6036e-06	3.11167e-07
AT2G20400.2	1859	1660	23	4.5275
AT4G38530.1	1923	1724	12	2.27448
AT2G37570.2	1657	1458	0	0
AT2G37570.1	2157	1958	101	16.8557
AT1G21060.1	1679	1480	60.9128	13.4488
AT1G21060.2	1644	1445	26.0872	5.89927
AT1G43730.1	963	764	0	0
AT5G48440.2	1691	1492	1.27701	0.279683
AT5G48440.1	1841	1642	12.2694	2.44167
AT5G48440.3	1721	1522	69.4536	14.9114
AT1G75950.1	1121	922	637	225.76
AT1G75800.1	1705	1506	170	36.8861
AT1G22260.1	2953	2754	3	0.355955
AT1G22260.2	2468	2269	0	0
AT1G22260.3	2671	2472	0	0
AT3G14810.1	3230	3031	203	21.8851
AT3G14810.2	3092	2893	2.70712e-06	3.05771e-07
AT4G27420.1	2152	1953	0	0
AT5G45880.1	931	732	0	0
AT3G10950.1	279	80.003	0	0
AT3G27590.1	588	389	0	0
AT3G21920.2	935	736	0	0
AT3G21920.1	893	694	0	0
AT1G32320.1	918	719	0	0
AT1G71830.1	2570	2371	52	7.16655
AT2G38750.2	1785	1586	3.85529	0.794315
AT2G38750.1	1423	1224	99.1447	26.4683
AT4G35820.1	819	620	0	0
AT1G48040.1	1825	1626	37	7.43566
AT1G63400.1	2307	2108	16.3521	2.53479
AT2G42975.1	809	610	60	32.141
AT1G57560.2	1156	957	0	0
AT1G57560.1	1282	1083	18	5.43103
ATCG00700.1	132	5.68809	0	0
AT1G78800.1	1567	1368	61	14.5708
AT3G31900.1	1182	983	0	0
AT1G76770.1	850	651	2	1.00389
AT4G33420.1	1359	1160	36.7653	10.3566
AT4G33420.2	1312	1113	138.235	40.5845
AT3G16525.1	340	141	0	0
AT2G05400.1	1415	1216	0	0
AT2G05400.3	1332	1133	0	0
AT2G05400.2	1243	1044	0	0
AT1G75990.1	1813	1614	125	25.3072
AT4G15570.3	2709	2510	7.72308	1.00544
AT4G15570.1	2768	2569	0	0
AT4G15570.2	2917	2718	0	0
AT4G15570.4	2384	2185	50.2769	7.51892
AT3G03060.1	2392	2193	84	12.5164
AT5G20100.1	907	708	0	0
AT4G32520.2	1821	1622	122.152	24.6087
AT4G32520.1	2084	1885	164.848	28.5766
AT1G79410.1	1931	1732	112	21.1304
AT4G04800.1	853	654	88	43.9687
AT5G62390.1	2014	1815	589	106.042
AT2G34180.1	1722	1523	7	1.50188
AT1G22660.5	1658	1459	2.66434e-05	5.96724e-06
AT1G22660.2	1880	1681	0	0
AT1G22660.3	2467	2268	6.85296	0.987356
AT1G22660.1	2008	1809	33.4054	6.03416
AT1G22660.4	2237	2038	2.74157	0.439575
AT5G03310.1	483	284	0	0
AT1G01715.1	884	685	7	3.33923
AT1G01715.2	624	425	0	0
AT1G29160.1	1123	924	20	7.07288
AT3G06690.1	727	528	20.6304	12.7677
AT5G53870.1	1535	1336	5	1.22293
AT5G53870.2	1315	1116	0	0
AT4G38330.2	846	647	9.49868	4.7973
AT4G38330.5	836	637	2.0889	1.07156
AT4G38330.4	641	442	0	0
AT4G38330.3	648	449	5.71133	4.15651
AT4G38330.1	782	583	0.000189341	0.000106124
AT1G49225.1	569	370	1	0.883154
AT5G13050.2	1196	997	0	0
AT5G13050.1	1271	1072	72	21.947
AT5G20420.1	4214	4015	4	0.325546
AT2G42410.2	1071	872	0	0
AT2G42410.1	874	675	0	0
AT2G42410.3	949	750	0	0
AT1G12170.1	1095	896	0	0
AT1G48280.1	2069	1870	25	4.36854
AT3G56730.4	873	674	0	0
AT3G56730.2	692	493	1.40146	0.928907
AT3G56730.5	829	630	4.59854	2.38516
AT3G56730.1	882	683	0	0
AT3G56730.3	920	721	0	0
AT3G56730.6	996	797	0	0
AT2G11773.1	108	4.54805	0	0
AT2G20310.1	1730	1531	27	5.76271
AT3G23250.1	1427	1228	19	5.05584
AT3G23250.2	1421	1222	0	0
AT5G15110.1	1919	1720	0	0
AT3G14950.1	2632	2433	0	0
AT3G49780.1	1642	1443	15	3.39675
AT5G03010.1	1073	874	1	0.373875
AT1G34320.1	2845	2646	182.848	22.5808
AT1G34320.2	2914	2715	24.152	2.90684
AT5G54370.1	1323	1124	66	19.1874
AT4G03440.2	2840	2641	7.95482	0.984238
AT4G03440.1	2508	2309	10.0452	1.42158
AT4G03440.3	3061	2862	0	0
AT1G52050.1	1282	1083	36	10.8621
AT5G24910.1	1867	1668	4	0.783614
AT5G24910.2	1971	1772	0	0
AT5G23450.2	3444	3245	14.2761	1.43759
AT5G23450.4	2888	2689	0	0
AT5G23450.3	3126	2927	130.961	14.6203
AT5G23450.1	3310	3111	0	0
AT5G23450.5	2948	2749	169.763	20.1794
AT1G73910.1	1014	815	0	0
AT1G73910.2	817	618	0	0
AT1G73910.3	770	571	1	0.572272
AT4G00889.1	618	419	0.373868	0.29157
AT4G13760.1	1215	1016	0	0
AT1G34815.1	279	80.003	0	0
AT4G22310.1	948	749	277.951	121.262
AT4G30440.1	1895	1696	489	94.2153
AT4G13330.1	2364	2165	0	0
AT4G13330.5	2366	2167	3.24904	0.489931
AT4G13330.4	1873	1674	10.025	1.9569
AT4G13330.3	2261	2062	0	0
AT4G13330.6	1555	1356	0	0
AT4G13330.2	2468	2269	8.64973	1.24568
AT5G05250.1	1500	1301	291	73.0893
AT1G11430.1	1038	839	342	133.199
AT1G17145.1	1671	1472	20.0956	4.46098
AT1G17145.2	1378	1179	26.9044	7.45673
AT5G63940.1	2627	2428	242	32.569
AT2G42530.1	1584	1385	11.068	2.6113
AT5G02800.1	1669	1470	73	16.2272
AT3G17690.3	1960	1761	0	0
AT3G17690.1	2760	2561	10	1.27594
AT3G17690.2	2809	2610	0	0
AT5G56520.1	1295	1096	10	2.98145
AT3G11825.1	599	400	0	0
AT5G35210.1	5856	5657	129.01	7.45207
AT5G35210.2	6028	5829	415.309	23.2818
AT2G31820.1	3359	3160	136	14.0634
AT1G71150.2	1090	891	0	0
AT1G71150.1	1258	1059	0	0
AT1G23170.1	1710	1511	19.7521	4.27157
AT1G23170.2	2307	2108	28.2479	4.37879
AT5G56985.1	429	230	25.0065	35.5274
AT3G21350.2	1090	891	0	0
AT3G21350.1	1000	801	53	21.6213
AT4G19040.1	2834	2635	108.966	13.5129
AT4G19040.3	2568	2369	16.0338	2.21162
AT4G19040.2	2849	2650	0	0
AT3G17410.2	2018	1819	4.37426	0.785797
AT3G17410.1	1635	1436	218.626	49.7491
AT1G19930.1	1035	836	0	0
AT4G23360.1	1363	1164	0	0
AT3G58930.4	2080	1881	0	0
AT3G58930.2	1983	1784	8.3956	1.53778
AT3G58930.3	2182	1983	0	0
AT3G58930.1	2305	2106	0	0
AT3G58930.5	2074	1875	20.6044	3.59085
AT1G62520.1	1147	948	19	6.54913
AT2G31470.2	1117	918	0	0
AT2G31470.1	1187	988	0	0
AT3G63160.1	636	437	523	391.074
AT5G09315.1	1210	1011	20	6.46424
AT2G34700.1	766	567	4	2.30524
AT5G27630.4	2265	2066	0	0
AT5G27630.3	2476	2277	7.20037	1.03331
AT5G27630.2	2579	2380	5.67702	0.779439
AT5G27630.1	2273	2074	0	0
AT1G24270.1	913	714	0	0
AT1G05350.1	1913	1714	100	19.0646
AT3G16800.5	1646	1447	0	0
AT3G16800.2	1552	1353	0	0
AT3G16800.1	1481	1282	13.0816	3.33436
AT3G16800.4	1751	1552	0	0
AT3G16800.6	1476	1277	0	0
AT3G16800.3	1383	1184	63.9184	17.6406
AT5G19560.4	2239	2040	4.64632	0.744247
AT5G19560.2	2324	2125	0	0
AT5G19560.1	2044	1845	0	0
AT5G19560.3	2255	2056	0.000591576	9.40211e-05
AT5G19560.5	1800	1601	6.35309	1.29668
AT3G63420.3	1007	808	29.2552	11.8312
AT3G63420.1	1027	828	0	0
AT3G63420.2	427	228	15.7448	22.5653
AT5G08500.2	2380	2181	0	0
AT5G08500.1	2199	2000	80	13.0707
AT3G60810.2	840	641	0	0
AT3G60810.1	855	656	50	24.906
AT4G35519.1	123	5.19716	0	0
AT2G01880.1	1346	1147	14	3.98844
AT3G04470.1	2975	2776	364	42.847
AT2G13960.1	851	652	3.88095	1.94504
AT2G13960.2	515	316	1.02409	1.05898
AT2G13960.3	954	755	0	0
AT5G20885.1	1452	1253	91	23.7317
AT5G41770.1	2479	2280	287	41.1325
AT4G37430.1	1764	1565	131	27.3524
AT3G21880.3	1160	961	0	0
AT3G21880.2	1512	1313	0	0
AT3G21880.1	1192	993	0	0
AT1G44318.1	1316	1117	2	0.58508
AT3G14410.1	1371	1172	49	13.6618
AT3G13030.3	1991	1792	0	0
AT3G13030.5	1911	1712	21.1557	4.03795
AT3G13030.4	1934	1735	38.3195	7.21703
AT3G13030.1	2047	1848	23.5248	4.15971
AT3G13030.2	2327	2128	0	0
AT5G60550.1	1950	1751	162	30.232
AT5G23140.1	1585	1386	127	29.9419
AT3G11420.1	2367	2168	95	14.3187
AT4G39800.1	2095	1896	2210.79	381.02
AT4G22530.1	1886	1687	240.527	46.5894
AT4G22530.2	1520	1321	0	0
AT4G22170.1	1296	1097	0	0
AT1G66190.1	1258	1059	25	7.71405
AT4G32880.1	3161	2962	170	18.7544
AT5G37630.1	3596	3397	70	6.7335
AT3G07850.1	1722	1523	0	0
AT1G23850.1	1512	1313	7	1.74209
AT3G42723.1	2457	2258	0	0
AT3G01720.1	3033	2834	250	28.8256
AT3G53430.1	1208	1009	1273	412.264
AT5G48760.1	940	741	205.426	90.5889
AT5G48760.2	839	640	170.574	87.0907
AT3G04870.3	1924	1725	2.94937	0.558699
AT3G04870.1	2153	1954	210.969	35.2804
AT3G04870.4	1820	1621	45.1243	9.09632
AT3G04870.2	2031	1832	203.957	36.3791
AT2G41231.2	528	329	13.2649	13.1748
AT2G41231.1	335	136	2.94964	7.0871
AT5G16140.2	1204	1005	0	0
AT5G16140.1	1003	804	40	16.2571
AT5G19190.1	1374	1175	147	40.8807
AT5G20950.2	2412	2213	300.362	44.3509
AT5G20950.3	2514	2315	0	0
AT5G20950.1	2492	2293	200.638	28.5921
AT1G36940.1	1093	894	0	0
AT1G36940.2	1018	819	6	2.3939
AT3G59750.1	1922	1723	8	1.5172
AT3G47250.3	2020	1821	0	0
AT3G47250.2	2035	1836	85.3953	15.1985
AT3G47250.1	1820	1621	191.605	38.6244
AT3G55005.1	1268	1069	57.3858	17.5414
AT5G43850.1	1037	838	178	69.4088
AT3G13120.3	1057	858	314.49	119.773
AT3G13120.2	1071	872	658.696	246.835
AT3G13120.1	1509	1310	8.8135	2.19844
AT5G65180.1	1843	1644	50.1613	9.97023
AT5G65180.2	2029	1830	9.83871	1.75681
AT5G43250.1	862	663	5	2.46431
AT1G73780.1	769	570	3	1.71983
AT2G24200.3	1745	1546	75.986	16.0606
AT2G24200.2	1853	1654	534.578	105.612
AT2G24200.1	2009	1810	162.436	29.3253
AT2G05790.1	2028	1829	456	81.4685
AT4G05100.1	1317	1118	10	2.92278
AT4G01190.3	1362	1163	0	0
AT4G01190.1	1206	1007	1	0.324496
AT4G01190.2	1554	1355	0	0
AT5G39775.1	537	338	0	0
AT5G19350.2	1586	1387	7.62289e-05	1.7959e-05
AT5G19350.1	1667	1468	183	40.7346
AT2G19760.1	939	740	423	186.787
AT2G11626.1	729	530	0	0
AT1G04985.2	2122	1923	5.7361	0.974711
AT1G04985.1	1539	1340	61.2639	14.9396
AT1G08035.1	686	487	0	0
AT1G08035.3	714	515	0	0
AT1G08035.2	620	421	0	0
AT5G53100.1	1095	896	0	0
AT3G59950.4	1623	1424	24.8631	5.70538
AT3G59950.5	1486	1287	6.55324	1.66386
AT3G59950.3	1265	1066	0	0
AT3G59950.2	2228	2029	0	0
AT3G59950.1	1905	1706	88.5836	16.9673
AT1G24220.2	2235	2036	1	0.160495
AT1G24220.1	2268	2069	0	0
AT5G20790.1	1246	1047	42.1046	13.1408
AT5G20790.2	500	301	29.8954	32.4546
AT1G66460.1	1643	1444	11.3667	2.5722
AT1G66460.3	1727	1528	0	0
AT1G66460.2	1820	1621	0	0
AT1G08090.1	2111	1912	1276.84	218.216
AT5G27650.1	3583	3384	97	9.36655
AT5G66460.1	2667	2468	84	11.1217
AT5G05300.1	755	556	0	0
AT4G39680.2	2407	2208	116.847	17.2924
AT4G39680.1	2544	2345	462.153	64.3994
AT3G43572.1	213	22.4695	0	0
AT2G36960.3	2814	2615	0	0
AT2G36960.1	2816	2617	48.6431	6.07374
AT2G36960.2	2547	2348	14.3569	1.99802
AT5G44345.1	546	347	0	0
AT5G48060.1	3299	3100	37	3.90012
AT4G11860.1	2539	2340	89	12.4283
AT1G49530.1	1261	1062	10	3.0769
AT1G18486.1	357	158	0	0
AT1G12880.1	1268	1069	32	9.78162
AT3G17230.1	604	405	0	0
AT3G14860.1	1865	1666	70.25	13.7787
AT3G14860.2	1921	1722	30.75	5.83513
AT5G58870.1	2969	2770	474	55.9161
AT1G28190.1	1269	1070	12	3.66468
AT5G56900.1	2206	2007	37.6778	6.13446
AT5G56900.2	2295	2096	17.9145	2.79288
AT5G56900.3	2178	1979	61.4077	10.1395
AT1G25480.1	2037	1838	48	8.53364
AT4G03460.1	3111	2912	7.06796	0.793124
AT4G03460.2	2287	2088	11.932	1.86734
AT1G26797.1	606	407	0	0
AT1G18390.2	2128	1929	9.27863	1.57177
AT1G18390.1	2531	2332	42.7214	5.98625
AT1G55630.1	1947	1748	29	5.42119
ATCG00270.1	1062	863	27	10.2233
AT5G56780.1	1760	1561	21	4.39597
AT4G29450.1	2680	2481	0	0
AT2G44730.1	1233	1034	61	19.2774
AT1G65770.1	1083	884	0	0
AT1G21395.1	387	188	0	0
AT1G13810.1	1298	1099	24	7.13595
AT1G14520.4	1527	1328	0	0
AT1G14520.2	1217	1018	7	2.24693
AT1G14520.1	1435	1236	0	0
AT1G14520.3	1625	1426	0	0
AT4G01000.2	1788	1589	215	44.2133
AT4G01000.1	1871	1672	0	0
AT5G01080.1	555	356	0	0
AT3G30385.1	449	250	0	0
AT1G01350.1	1434	1235	89.3328	23.6364
AT5G49640.1	680	481	42.3001	28.7366
AT1G26790.1	1381	1182	21	5.80551
AT1G03620.8	1387	1188	0	0
AT1G03620.10	1339	1140	0	0
AT1G03620.3	1796	1597	0	0
AT1G03620.9	1382	1183	0	0
AT1G03620.6	1743	1544	0	0
AT1G03620.12	1494	1295	0	0
AT1G03620.1	1764	1565	2.55777	0.534055
AT1G03620.2	1922	1723	0	0
AT1G03620.7	1585	1386	0	0
AT1G03620.4	1585	1386	0	0
AT1G03620.5	1378	1179	0	0
AT1G03620.11	1312	1113	1.44223	0.423426
AT1G03620.13	1275	1076	0	0
AT3G27840.1	597	398	0	0
AT1G02570.1	1010	811	2	0.805838
AT2G24020.1	916	717	235.021	107.109
AT2G24020.2	898	699	59.9795	28.0391
AT1G09620.1	3720	3521	877	81.3902
AT4G05030.1	423	224	0	0
AT4G05030.2	446	247	0	0
AT3G21840.1	709	510	0	0
AT5G51230.2	2412	2213	108.829	16.0695
AT5G51230.1	2599	2400	64.1711	8.73709
AT5G51230.3	2226	2027	0	0
AT1G35190.2	1284	1085	33.8994	10.2094
AT1G35190.1	1453	1254	37.1006	9.66767
AT1G07850.1	2172	1973	0	0
AT5G07890.2	1888	1689	0	0
AT5G07890.4	2034	1835	0	0
AT5G07890.5	1847	1648	22.8071	4.52222
AT5G07890.1	1790	1591	18.1874	3.73541
AT5G07890.3	1859	1660	0.0055063	0.0010839
AT3G44590.1	855	656	192.941	96.108
AT3G44590.2	651	452	6.05882	4.38014
AT3G07220.1	1210	1011	81.5972	26.3732
AT3G50460.1	953	754	0	0
AT2G33460.1	1424	1225	4.893	1.3052
AT2G02290.1	909	710	0	0
AT1G71520.1	899	700	2	0.93362
AT3G26820.2	2038	1839	0	0
AT3G26820.1	1905	1706	1	0.19154
AT3G19550.1	927	728	2	0.897712
AT1G34792.1	389	190	0	0
AT3G10390.2	3147	2948	20.5052	2.27287
AT3G10390.4	2370	2171	0	0
AT3G10390.3	3074	2875	62.3415	7.08562
AT3G10390.1	2655	2456	16.1533	2.14918
AT5G50260.1	1580	1381	10	2.36616
AT3G23470.3	2010	1811	0	0
AT3G23470.1	1773	1574	31.5993	6.56012
AT3G23470.2	1779	1580	0.400655	0.0828612
AT4G09730.1	2156	1957	194	32.3929
AT1G69480.2	2817	2618	0	0
AT1G69480.1	2730	2531	12	1.54927
AT5G58990.1	1083	884	71.4372	26.4065
AT1G74180.2	3538	3339	12.2084	1.19476
AT1G74180.1	2991	2792	16.7916	1.96524
AT4G37510.1	1985	1786	413	75.5626
AT1G16705.2	790	591	1	0.552905
AT1G16705.1	853	654	0	0
AT1G16705.3	1064	865	0	0
AT4G09740.1	1437	1238	0	0
AT5G38440.1	402	203	0	0
AT1G36980.1	900	701	8.09605	3.77393
AT1G36980.2	827	628	184.904	96.211
AT5G46830.1	1821	1622	4	0.805838
AT4G13100.5	1210	1011	0	0
AT4G13100.8	1371	1172	0	0
AT4G13100.7	1127	928	1.68286	0.59257
AT4G13100.2	907	708	0	0
AT4G13100.9	1201	1002	5.06651	1.65227
AT4G13100.1	1340	1141	13.9257	3.98812
AT4G13100.4	1027	828	34.8343	13.7472
AT4G13100.3	1209	1010	18.4907	5.98233
AT4G13100.6	1224	1025	0	0
AT4G27010.1	7796	7597	1.07045e-05	4.60428e-07
AT4G27010.2	8023	7824	97	4.05118
AT1G62720.1	1619	1420	5	1.15059
AT3G32260.1	930	731	0	0
AT5G65158.1	834	635	1	0.514594
AT3G12977.2	1068	869	7	2.63219
AT3G12977.1	1325	1126	0	0
AT2G34340.1	1184	985	4	1.32697
AT1G10210.2	1876	1677	9.82763	1.91494
AT1G10210.3	1509	1310	18.4738	4.60812
AT1G10210.1	1768	1569	2.9211	0.608362
AT2G24530.2	2220	2021	22	3.55709
AT2G24530.1	2116	1917	0	0
AT4G22650.1	471	272	0	0
AT4G34630.1	1304	1105	161	47.6104
AT5G58030.1	969	770	122	51.7735
AT4G01100.2	1415	1216	18.51	4.97405
AT4G01100.3	2050	1851	10.1092	1.78464
AT4G01100.1	1756	1557	692.381	145.31
AT1G01600.1	2323	2124	82	12.6153
AT2G26690.1	2011	1812	432.589	78.011
AT2G26690.3	1874	1675	105.039	20.4915
AT2G26690.2	2192	1993	14.3722	2.35643
AT1G63580.1	1058	859	3	1.14121
AT4G16160.1	744	545	0	0
AT4G16160.2	806	607	0	0
AT4G37670.1	2200	2001	0	0
AT4G37670.2	2117	1918	20.0862	3.42207
AT2G19180.2	1079	880	11.3548	4.21635
AT2G19180.1	924	725	56.6452	25.5307
AT5G22785.1	192	14.0216	0	0
AT5G65460.5	3469	3270	45.3783	4.5346
AT5G65460.6	4252	4053	22.9818	1.85287
AT5G65460.4	4201	4002	79.8908	6.52316
AT5G65460.2	4298	4099	0	0
AT5G65460.1	3795	3596	21.179	1.92453
AT5G65460.3	4222	4023	9.26049e-05	7.52181e-06
AT3G12850.1	1104	905	0	0
AT4G17370.2	1577	1378	56	13.2794
AT4G17370.1	1650	1451	0	0
AT2G44581.1	631	432	0	0
AT1G52530.1	1216	1017	0	0
AT1G52530.2	1076	877	9	3.35337
AT5G08695.1	2643	2444	0	0
AT1G03830.2	3654	3455	6.89621	0.65223
AT1G03830.1	3153	2954	46.1038	5.09993
AT3G13435.1	539	340	12	11.533
AT1G10880.1	1341	1142	0	0
AT2G46520.1	3874	3675	214	19.0281
AT1G64633.1	3	1.91977	0	0
AT5G56220.2	4080	3881	0	0
AT5G56220.1	3911	3712	125	11.0037
AT2G23090.1	604	405	507	409.064
AT3G47750.1	3058	2859	32.8741	3.75732
AT5G47620.1	1843	1644	160.294	31.8606
AT5G47620.2	2054	1855	96.7062	17.0353
AT5G47620.5	2105	1906	0	0
AT5G47620.3	1835	1636	0	0
AT5G47620.4	2066	1867	0	0
AT3G03170.1	860	661	4	1.97741
AT5G54080.1	1656	1457	54.7067	12.2693
AT5G54080.2	2185	1986	1.90192	0.312933
AT3G58460.2	1512	1313	63.3333	15.7618
AT3G58460.1	1668	1469	37.6667	8.37864
AT1G44090.1	1219	1020	0	0
AT3G55610.2	2008	1809	0.000334456	6.04141e-05
AT3G55610.1	2745	2546	830.523	106.594
AT1G62450.1	1318	1119	0	0
AT3G20190.1	2537	2338	0	0
AT3G20190.2	2322	2123	0	0
AT2G25600.1	3320	3121	1	0.104699
AT1G16830.1	1994	1795	7	1.2743
AT1G14550.1	1214	1015	6	1.93163
AT5G45469.1	259	60.0956	0	0
AT4G30074.1	527	328	0	0
AT2G26790.1	3530	3331	13	1.27528
AT2G26790.2	3111	2912	0	0
AT3G03800.2	1195	996	0	0
AT3G03800.1	1323	1124	0	0
AT1G30190.1	1175	976	0	0
AT4G14010.1	866	667	59.0508	28.9293
AT3G16260.3	3087	2888	0	0
AT3G16260.2	3100	2901	0	0
AT3G16260.1	3009	2810	176	20.4666
AT2G24710.3	2923	2724	0	0
AT2G24710.2	2994	2795	0	0
AT2G24710.1	2688	2489	10	1.31285
AT2G16890.4	1547	1348	17.7488	4.30247
AT2G16890.2	1801	1602	65.2512	13.3096
AT2G16890.3	1900	1701	0	0
AT2G16890.1	2339	2140	0	0
AT4G18900.1	1477	1278	0	0
AT5G60830.1	621	422	0	0
AT2G21470.2	2575	2376	0	0
AT2G21470.3	2421	2222	0	0
AT2G21470.1	2382	2183	228	34.1287
AT2G33160.1	1995	1796	0	0
AT3G23690.1	2143	1944	135	22.6922
AT3G25493.1	480	281	4.61139	5.36246
AT5G20680.6	1737	1538	38.7866	8.2407
AT5G20680.2	2401	2202	0	0
AT5G20680.4	2917	2718	0.498404	0.0599198
AT5G20680.1	2385	2186	3.92157	0.586203
AT5G20680.3	2548	2349	21.9878	3.0587
AT5G20680.5	2824	2625	21.8056	2.71442
AT3G30845.1	318	119	0	0
AT5G50010.1	1858	1659	20	3.93933
AT4G09060.2	1303	1104	0	0
AT4G09060.1	1324	1125	14	4.06644
AT5G64820.1	438	239	0	0
AT2G19530.1	1110	911	13	4.66298
AT1G58160.1	396	197	6	9.9523
AT1G54350.1	2338	2139	264	40.3303
AT1G33520.1	2072	1873	134	23.3779
AT3G57370.1	1195	996	0	0
AT4G12960.2	979	780	0	0
AT4G12960.1	1111	912	0	0
AT5G40450.2	8999	8800	676.744	25.1293
AT5G40450.1	9194	8995	92.2564	3.35146
AT4G36920.1	1825	1626	89.1714	17.9202
AT4G36920.2	1743	1544	33.8286	7.15938
AT5G44740.2	2306	2107	18	2.79156
AT5G44740.3	2570	2371	0	0
AT5G44740.1	2215	2016	1.13082e-06	1.83291e-07
AT4G20947.1	277	78.0044	0	0
AT1G52570.1	3171	2972	4.33174	0.476268
AT1G52570.3	2612	2413	0	0
AT1G52570.2	2783	2584	8.66826	1.09617
AT2G18500.1	1317	1118	11	3.21506
AT3G21490.1	411	212	0	0
AT5G67120.1	848	649	0	0
AT4G31180.1	2259	2060	90.6918	14.386
AT4G31180.2	2100	1901	380.16	65.3465
AT5G43810.4	3613	3414	38.5908	3.69367
AT5G43810.1	3668	3469	125.861	11.8557
AT5G43810.2	3763	3564	2.46597	0.226093
AT5G43810.3	3796	3597	17.0822	1.55182
AT5G35380.1	2303	2104	0	0
ATCG01280.1	6885	6686	14.5	0.708663
AT1G20010.1	2015	1816	454	81.6918
AT2G39930.1	2890	2691	151.48	18.3941
AT2G39930.3	2002	1803	13.5203	2.45036
AT2G39930.2	2086	1887	0	0
AT5G03650.1	2812	2613	421	52.6479
AT5G42390.1	4647	4448	1130	83.0141
AT5G42390.2	3578	3379	0	0
AT4G02390.2	2183	1984	0	0
AT4G02390.3	2332	2133	25	3.8299
AT4G02390.1	2478	2279	0	0
AT2G34320.1	879	680	1	0.48054
AT4G38760.1	6331	6132	359	19.1307
AT3G25220.1	753	554	146	86.1155
AT5G41170.1	2099	1900	6	1.0319
AT5G41170.3	1848	1649	0	0
AT5G41170.2	2009	1810	0	0
AT3G17655.1	817	618	0	0
AT5G54700.2	2347	2148	37	5.62867
AT5G54700.1	1443	1244	0	0
AT2G41590.1	1646	1447	0	0
AT2G33570.1	2290	2091	123	19.2216
AT5G43920.1	2734	2535	69	8.89425
AT3G15770.2	778	579	12.2944	6.93853
AT3G15770.1	863	664	3.70558	1.82359
AT1G80810.1	2418	2219	0	0
AT1G80810.3	2973	2774	25.8751	3.04799
AT1G80810.5	2948	2749	0.000322892	3.83814e-05
AT1G80810.4	3089	2890	24.914	2.81698
AT1G80810.2	2583	2384	4.21054	0.577126
AT1G54957.1	470	271	0	0
AT1G65310.1	1082	883	40.5221	14.9958
AT1G65310.2	1218	1019	22.4779	7.2081
ATCG01060.1	246	47.5399	1	6.87354
AT2G29410.1	1481	1282	2	0.509777
AT3G50830.1	1214	1015	134	43.1397
AT1G13820.1	1461	1262	158	40.9106
AT1G15880.1	1262	1063	86	26.4365
AT1G13320.3	2128	1929	102.049	17.2868
AT1G13320.1	2217	2018	113.371	18.3577
AT1G13320.4	2296	2097	0	0
AT1G13320.2	2073	1874	0	0
AT1G34150.1	1807	1608	39	7.92532
AT3G09630.1	1635	1436	2293.4	521.872
AT3G09630.2	1598	1399	0	0
AT2G03180.1	363	164	0	0
AT1G18850.1	1703	1504	106	23.0301
AT2G45590.1	3124	2925	115	12.8473
AT5G14970.1	1482	1283	276	70.2944
AT4G25870.1	2036	1837	97	17.2544
AT1G49650.1	1481	1282	20	5.09777
AT2G02250.1	1148	949	2	0.688656
AT5G65440.6	3679	3480	0	0
AT5G65440.5	3546	3347	20.3249	1.98431
AT5G65440.1	3724	3525	75.303	6.98058
AT5G65440.4	3648	3449	10.0051	0.947908
AT5G65440.2	3811	3612	4.31857	0.390689
AT5G65440.8	3556	3357	0	0
AT5G65440.3	3832	3633	46.0485	4.14179
AT5G65440.9	3497	3298	0	0
AT5G65440.7	3620	3421	2.03155e-08	1.9405e-09
AT2G17420.1	1607	1408	605.551	140.536
AT2G17420.2	2159	1960	6.44945	1.07524
AT2G27790.1	955	756	0	0
AT2G27790.3	1035	836	1.18526	0.463283
AT2G27790.4	787	588	0	0
AT2G27790.2	1055	856	0	0
AT4G24000.2	1903	1704	0	0
AT4G24000.1	2608	2409	0	0
AT1G15440.1	2933	2734	165.697	19.8041
AT1G15440.2	2735	2536	32.303	4.16229
AT4G33860.1	2021	1822	0	0
AT1G61300.1	2923	2724	15.8455	1.9008
AT1G61300.2	2616	2417	78.5223	10.6159
AT1G15840.1	923	724	0	0
AT5G22830.1	1736	1537	148.941	31.6649
AT5G22830.2	1542	1343	0	0
AT1G22380.1	1729	1530	2	0.427147
AT3G51330.2	2278	2079	0	0
AT3G51330.1	1997	1798	137.574	25.0025
AT3G51330.3	2165	1966	14.4264	2.39781
AT3G53830.3	2027	1828	0	0
AT3G53830.2	2172	1973	1.86476	0.30884
AT3G53830.4	2018	1819	70.7262	12.7053
AT3G53830.1	2088	1889	44.4091	7.68207
AT4G36080.2	11964	11765	133.772	3.71545
AT4G36080.3	11979	11780	30.9819	0.859412
AT4G36080.1	12133	11934	143.994	3.94273
AT5G65900.1	2268	2069	100	15.7935
AT2G37630.1	1920	1721	245.314	46.5779
AT1G32990.1	1103	904	839	303.272
AT5G50950.3	1608	1409	1.03841e-05	2.40823e-06
AT5G50950.4	1341	1142	0	0
AT5G50950.2	2061	1862	102.593	18.0044
AT5G50950.1	1702	1503	31.7312	6.89867
AT1G02110.1	2314	2115	129	19.9305
AT3G51240.2	1356	1157	487.842	137.779
AT3G51240.1	1508	1309	551.158	137.586
AT1G17460.2	2234	2035	0	0
AT1G17460.1	2239	2040	17	2.72306
AT1G17460.3	2176	1977	0	0
AT1G23147.1	372	173	0	0
AT4G36060.2	1317	1118	0	0
AT4G36060.4	1254	1055	0	0
AT4G36060.3	1317	1118	15.9714	4.6681
AT4G36060.1	1247	1048	6.02857	1.87971
AT5G07280.1	4026	3827	43	3.67154
AT5G03740.1	1348	1149	245	69.6762
AT5G50670.1	1659	1460	69.5581	15.568
AT5G50670.2	1817	1618	8.43045	1.70259
AT2G36970.1	1713	1514	61	13.1657
AT1G05190.1	1051	852	1533	587.951
AT1G60660.1	980	781	63	26.3589
AT1G13950.1	941	742	27	11.8904
AT3G29791.1	378	179	0	0
AT4G04030.2	864	665	0	0
AT4G04030.1	971	772	0	0
AT3G50480.2	941	742	0	0
AT3G50480.1	1056	857	76	28.9782
AT4G36210.3	2481	2282	233	33.364
AT4G36210.2	2161	1962	0	0
AT4G36210.1	2617	2418	0	0
AT5G57370.1	1140	941	51	17.71
AT1G04420.1	1539	1340	459	111.93
AT4G32540.1	1450	1251	0	0
AT4G32540.2	1341	1142	4	1.14454
AT3G06778.1	1023	824	21	8.3278
AT1G02410.2	1456	1257	18.0186	4.68408
AT1G02410.1	1278	1079	68.9814	20.8905
AT1G02410.3	1284	1085	0	0
AT4G04910.1	2758	2559	304	38.8188
AT5G24470.1	1677	1478	8	1.7687
AT4G36520.1	4414	4215	66	5.11664
AT5G40550.3	1518	1319	0	0
AT5G40550.1	1349	1150	19.4975	5.54013
AT5G40550.4	1507	1308	0	0
AT5G40550.2	1399	1200	0	0
AT5G23380.1	1192	993	22.0831	7.26691
AT5G23380.3	1492	1293	0	0
AT5G23380.2	1775	1576	0	0
AT1G50830.1	2759	2560	2	0.255287
AT5G55740.1	2739	2540	100	12.8648
AT3G42473.1	401	202	0	0
AT2G46308.1	189	13.1915	0	0
AT3G45690.1	1551	1352	0	0
AT5G66300.1	1399	1200	6	1.63384
AT1G16650.3	1909	1710	28	5.35057
AT1G16650.2	1998	1799	0	0
AT1G16650.1	1946	1747	0	0
AT3G26250.1	1473	1274	0	0
AT4G18197.1	1995	1796	22.5081	4.09516
AT4G08530.1	381	182	0	0
AT4G34330.1	1173	974	1	0.33549
AT1G50090.1	1213	1014	8	2.57804
AT5G11590.1	1274	1075	23	6.9913
AT1G50320.1	843	644	443	224.779
AT3G14930.2	2040	1841	282.692	50.1762
AT3G14930.3	1645	1446	415.308	93.8513
AT3G14930.1	1958	1759	0	0
AT1G77330.1	1384	1185	138	38.0539
AT3G22590.1	1799	1600	64	13.0707
AT4G20530.1	1094	895	0	0
AT1G80050.2	1094	895	40.1905	14.6737
AT1G80050.1	1539	1340	25.8095	6.29381
AT3G28920.1	1529	1330	128	31.4483
AT4G24810.5	1902	1703	0	0
AT4G24810.3	2340	2141	0	0
AT4G24810.6	1620	1421	28.1863	6.48159
AT4G24810.2	1891	1692	53.4283	10.3183
AT4G24810.4	2070	1871	10.2696	1.79357
AT4G24810.1	1952	1753	19.1158	3.56326
AT1G19025.3	1937	1738	3.73837	0.702863
AT1G19025.2	2111	1912	0	0
AT1G19025.1	2035	1836	3.26163	0.580498
AT5G50530.1	2085	1886	83.5591	14.4774
AT5G40420.1	925	726	0	0
AT3G57260.1	1249	1050	1	0.311207
AT3G57260.2	1477	1278	0	0
AT5G07730.1	1076	877	8	2.98077
AT4G31615.1	1852	1653	1	0.197681
AT4G14750.2	1748	1549	6.60227e-07	1.39277e-07
AT4G14750.1	1597	1398	37.5422	8.77507
AT4G14750.3	1820	1621	12.4578	2.51129
AT2G47650.2	1600	1401	76.5281	17.8493
AT2G47650.1	1695	1496	184.843	40.3747
AT1G11410.1	2742	2543	0.00259818	0.000333858
AT1G11410.4	2719	2520	87.9974	11.4106
AT1G11410.3	2932	2733	0	0
AT1G11410.2	2936	2737	0	0
AT5G44220.1	888	689	0	0
AT1G67670.1	371	172	0	0
AT5G55330.1	1414	1215	0	0
AT3G25585.6	1458	1259	0.00254911	0.000661609
AT3G25585.4	1908	1709	0	0
AT3G25585.1	1912	1713	127.088	24.2429
AT3G25585.3	1849	1650	91.0256	18.0268
AT3G25585.5	2013	1814	0	0
AT3G25585.2	1711	1512	199.884	43.1981
ATMG00160.1	783	584	2.48328	1.38948
AT5G59720.1	978	779	11	4.61417
AT4G11653.1	289	90.0004	0	0
AT4G15415.3	2696	2497	30.9062	4.04451
AT4G15415.1	2622	2423	76.5237	10.32
AT4G15415.4	2546	2347	1.05153e-06	1.46401e-07
AT4G15415.2	2511	2312	32.5701	4.6033
AT4G15415.5	2678	2479	0	0
AT5G53637.1	714	515	0	0
AT5G49400.1	1295	1096	72	21.4665
AT4G17695.1	1399	1200	20	5.44612
AT3G02100.1	1395	1196	0	0
AT3G27080.1	1052	853	108	41.3726
AT5G13520.1	2241	2042	146	23.3634
AT4G18480.1	1608	1409	1946.89	451.511
AT1G10720.1	1817	1618	93	18.782
AT5G66840.2	1713	1514	0	0
AT5G66840.1	1885	1686	13	2.51956
AT2G42500.3	923	724	5.09891	2.30132
AT2G42500.1	1606	1407	356.886	82.8847
AT2G42500.2	1421	1222	31.6685	8.46828
AT2G42500.5	863	664	0	0
AT2G42500.4	969	770	4.09594	1.7382
AT2G32240.1	4480	4281	709	54.1177
AT3G29636.1	600	401	0	0
AT3G12810.2	6836	6637	40.7263	2.00512
AT3G12810.1	6964	6765	158.274	7.64503
AT4G30760.2	831	632	95.4015	49.326
AT4G30760.1	978	779	34.5985	14.5131
AT5G20460.1	153	7.28986	0	0
AT5G19040.1	1822	1623	0	0
AT5G19040.2	1790	1591	7.46948	1.53412
AT5G19040.3	1577	1378	18.5305	4.39417
AT5G58360.1	1648	1449	8	1.8041
AT1G52460.1	828	629	0	0
AT5G46790.2	1122	923	132	46.7316
AT5G46790.1	1378	1179	0	0
AT4G14050.2	2034	1835	17	3.02727
AT4G14050.1	2057	1858	1.04756e-05	1.84236e-06
AT3G18960.3	563	364	0	0
AT3G18960.2	747	548	0	0
AT3G18960.1	900	701	10.3394	4.81966
AT4G39140.3	2115	1916	13.9515	2.37937
AT4G39140.5	1600	1401	1.13522e-07	2.64778e-08
AT4G39140.2	1726	1527	1.33023e-06	2.8466e-07
AT4G39140.4	2038	1839	0	0
AT4G39140.1	1703	1504	49.0485	10.6565
AT4G28280.2	1796	1597	3.50742	0.717663
AT4G28280.1	874	675	0	0
AT4G28280.3	992	793	0	0
AT1G59660.3	3415	3216	21.2814	2.16233
AT1G59660.1	3200	3001	0	0
AT1G59660.2	3405	3206	22.7186	2.31556
AT1G26090.1	1647	1448	51	11.5091
AT4G01970.2	3230	3031	0	0
AT4G01970.1	2849	2650	22	2.71278
AT3G22810.3	1467	1268	0	0
AT3G22810.2	2135	1936	4.54	0.766283
AT3G22810.1	1832	1633	26.46	5.29471
AT3G59330.1	937	738	12	5.31329
AT3G59330.3	964	765	0	0
AT3G59330.2	1052	853	0	0
AT5G15220.2	1220	1021	0	0
AT5G15220.1	1111	912	68.0136	24.3691
AT2G41460.2	1267	1068	1.3666	0.418126
AT2G41460.4	2069	1870	13.8262	2.41601
AT2G41460.1	2126	1927	33.8072	5.73279
AT2G41460.3	2105	1906	0	0
AT1G75160.1	1517	1318	2	0.495853
AT5G20930.1	2648	2449	66	8.8063
AT4G22400.1	1184	985	0	0
ATCG00630.1	135	5.87326	0	0
AT3G24800.1	1602	1403	72.0167	16.7731
AT1G29030.2	1903	1704	1.27636e-06	2.4476e-07
AT1G29030.1	1966	1767	41	7.58203
AT3G45577.1	847	648	0	0
AT1G72690.1	554	355	5	4.60235
AT1G31500.7	1582	1383	0	0
AT1G31500.6	1589	1390	12.9402	3.04204
AT1G31500.4	1569	1370	0	0
AT1G31500.2	1405	1206	36.2583	9.82423
AT1G31500.5	1502	1303	0	0
AT1G31500.8	1634	1435	0	0
AT1G31500.1	1517	1318	34.8015	8.62822
AT1G31500.3	1611	1412	0	0
AT1G15820.1	1204	1005	10047	3266.7
AT2G14288.1	741	542	0	0
AT5G06270.1	1639	1440	18.3439	4.16264
AT5G06270.2	1482	1283	53.6561	13.6657
AT1G62850.2	1745	1546	30.1441	6.37135
AT1G62850.3	1397	1198	4.73107	1.29045
AT1G62850.4	734	535	20.4557	12.4939
AT1G50520.1	1754	1555	22	4.62307
AT1G67870.1	1319	1120	799	233.113
AT1G26945.1	1055	856	36	13.7425
AT3G18070.5	1519	1320	0	0
AT3G18070.6	1221	1022	0	0
AT3G18070.3	1748	1549	0	0
AT3G18070.1	1506	1307	0	0
AT3G18070.2	1453	1254	0	0
AT3G18070.7	1043	844	0	0
AT3G18070.4	1585	1386	9	2.12186
AT1G63970.1	994	795	181.907	74.7687
AT1G63970.2	522	323	12.0932	12.2343
AT1G44920.1	1138	939	258	89.7827
AT2G46430.1	2508	2309	0	0
AT2G46430.2	2633	2434	66.8185	8.97046
AT1G54217.6	1082	883	0	0
AT1G54217.1	883	684	0	0
AT1G54217.8	892	693	7	3.30068
AT1G54217.4	1226	1027	0	0
AT1G54217.7	1005	806	0	0
AT1G54217.5	881	682	0	0
AT1G54217.2	811	612	0	0
AT1G54217.3	869	670	0	0
AT3G29360.1	2005	1806	177.111	32.0454
AT3G29360.2	1790	1591	340.889	70.0135
AT5G52150.1	603	404	0	0
AT1G20630.1	2226	2027	45	7.25433
AT4G26790.1	1680	1481	13.423	2.96164
AT4G26790.2	1349	1150	22.577	6.41516
AT2G04870.1	219	25.9389	0	0
AT2G01905.1	3280	3081	2	0.212118
AT5G63460.3	742	543	10.2246	6.15296
AT5G63460.4	872	673	0.301385	0.146334
AT5G63460.1	977	778	39.8038	16.718
AT5G63460.2	832	633	11.6702	6.02439
AT5G37220.1	645	446	0	0
AT1G56240.1	1275	1076	1	0.303687
AT5G24313.1	622	423	4	3.09
AT3G26710.1	1277	1078	306	92.7558
AT1G71010.1	5999	5800	539	30.3668
AT3G10460.1	673	474	0	0
AT1G53860.1	1684	1485	7	1.54032
AT1G53860.2	1437	1238	0	0
AT1G35630.1	1060	861	0	0
AT3G44115.1	539	340	0	0
AT1G55040.1	2859	2660	50	6.14224
AT1G14130.1	1555	1356	38	9.15719
AT2G34440.1	1064	865	0	0
AT1G07220.1	1942	1743	55	10.3111
AT3G01750.2	2540	2341	3.52992	0.492721
AT3G01750.1	2674	2475	18.4701	2.43855
AT3G61280.2	2079	1880	0	0
AT3G61280.1	1976	1777	4	0.735548
AT1G27920.1	2140	1941	55.3066	9.31087
AT1G27920.2	1403	1204	10.6934	2.90219
AT1G64380.1	1624	1425	2	0.458621
AT4G37370.1	1790	1591	28	5.75077
AT1G65610.1	2265	2066	50	7.90821
AT1G53880.1	1410	1211	54.1482	14.6109
AT1G67310.1	3051	2852	105	12.0303
AT3G17320.1	1230	1031	0	0
AT5G37370.8	1192	993	0	0
AT5G37370.6	1376	1177	5.80742	1.6123
AT5G37370.10	1040	841	0.803309	0.312123
AT5G37370.2	1466	1267	52.9725	13.6619
AT5G37370.3	778	579	4.90677	2.76921
AT5G37370.7	1291	1092	42.3627	12.6765
AT5G37370.4	1614	1415	19.0691	4.40365
AT5G37370.12	897	698	0	0
AT5G37370.1	1676	1477	17.8984	3.95979
AT5G37370.11	988	789	0	0
AT5G37370.9	1159	960	2.44984e-07	8.33881e-08
AT5G37370.5	2562	2363	10.1797	1.4077
AT3G28770.2	6423	6224	0	0
AT3G28770.3	6285	6086	4	0.214766
AT3G28770.1	6483	6284	0	0
AT1G79270.2	2856	2657	30.7959	3.78739
AT1G79270.4	2788	2589	316.776	39.9814
AT1G79270.3	2851	2652	32.629	4.02039
AT1G79270.1	2567	2368	157.479	21.731
AT3G49100.2	1021	822	0	0
AT3G49100.1	647	448	42	30.6344
AT5G25310.1	1647	1448	1	0.225668
AT1G68710.2	4485	4286	0	0
AT1G68710.1	4788	4589	59.5974	4.24373
AT1G68710.3	4403	4204	33.4026	2.59631
AT5G02660.1	2077	1878	0	0
AT4G01671.1	174	9.99669	0	0
AT1G64550.1	2493	2294	359	51.1375
AT3G62980.1	2648	2449	371	49.5021
AT4G05020.1	2451	2252	232.808	33.7806
AT4G05020.2	2364	2165	28.1921	4.25509
AT2G30380.1	1600	1401	2	0.466477
AT1G57730.1	697	498	0	0
AT3G29570.1	984	785	0	0
AT3G62360.1	4026	3827	106.727	9.11285
AT3G62360.2	4119	3920	421.273	35.1169
AT5G10200.3	3047	2848	0	0
AT5G10200.1	2580	2381	116	15.9198
AT5G10200.2	2717	2518	0	0
AT1G67775.1	385	186	0	0
AT4G10115.1	457	258	0	0
AT3G22060.1	1145	946	161	55.6126
AT3G10915.5	1167	968	0	0
AT3G10915.6	1040	841	0	0
AT3G10915.2	1140	941	25.472	8.84528
AT3G10915.1	1201	1002	7.52929	2.45541
AT3G10915.4	1101	902	0	0
AT3G10915.3	1479	1280	17.0414	4.35044
AT3G10915.7	973	774	0.95735	0.404174
AT3G58100.1	952	753	14.4119	6.25409
AT3G58100.2	2180	1981	4.17802	0.689167
AT4G08685.1	750	551	96	56.9322
AT1G29140.1	1057	858	0	0
AT1G55110.3	2001	1802	0	0
AT1G55110.1	1704	1505	71.7987	15.589
AT1G55110.2	2160	1961	19.6918	3.2813
AT2G20208.1	452	253	0	0
AT5G01730.1	3939	3740	29.9302	2.61503
AT5G01730.11	3523	3324	0	0
AT5G01730.4	3634	3435	17.6308	1.67719
AT5G01730.7	3819	3620	0	0
AT5G01730.9	3569	3370	7.39092e-06	7.1665e-07
AT5G01730.5	3245	3046	0	0
AT5G01730.3	3688	3489	2.94753e-07	2.76055e-08
AT5G01730.8	3664	3465	0	0
AT5G01730.2	3843	3644	0	0
AT5G01730.10	3577	3378	0	0
AT5G01730.6	2754	2555	14.439	1.84665
AT3G62499.1	306	107	0	0
AT2G31141.2	673	474	15	10.3407
AT2G31141.1	528	329	0	0
AT1G57680.3	2200	2001	15.5811	2.54442
AT1G57680.1	2011	1812	160.236	28.8962
AT1G57680.2	1721	1522	234.183	50.2781
AT4G13885.1	792	593	2.13083	1.17418
AT2G18970.1	531	332	1.88207	1.8524
AT5G53410.1	108	4.54805	0	0
AT2G37650.2	2160	1961	0	0
AT2G37650.1	2600	2401	25	3.40241
AT1G79340.1	1789	1590	454	93.3033
AT3G18660.2	2360	2161	0	0
AT3G18660.1	2143	1944	12	2.01708
AT3G18660.3	2180	1981	0	0
AT2G04230.1	1999	1800	38.7561	7.03567
AT5G46870.2	1302	1103	0	0
AT5G46870.1	1398	1199	17	4.63306
AT5G47830.2	1127	928	0	0
AT5G47830.1	1107	908	20	7.19751
AT2G43370.1	1319	1120	4.35798	1.27147
AT2G43370.2	1062	863	18.642	7.05863
AT5G01850.1	1864	1665	49	9.61657
AT5G01850.2	1936	1737	0	0
AT1G18050.1	866	667	1	0.489906
AT5G28920.1	1850	1651	0	0
AT5G07930.2	962	763	0	0
AT5G07930.1	849	650	0	0
AT5G07930.3	1130	931	0	0
AT4G16650.2	2398	2199	7.32547	1.08855
AT4G16650.1	2392	2193	168.675	25.1333
AT5G42650.1	2032	1833	297	52.9459
AT5G38220.3	1361	1162	27.442	7.717
AT5G38220.1	1665	1466	10.3147	2.29911
AT5G38220.2	1425	1226	29.2433	7.79424
AT1G33230.1	1788	1589	130	26.7336
AT1G33230.2	1857	1658	0	0
AT2G11623.2	362	163	0	0
AT2G11623.1	333	134	0	0
AT1G22210.1	1293	1094	0	0
AT4G33030.1	1909	1710	357	68.2198
AT3G48720.1	1855	1656	102	20.127
AT5G52680.1	855	656	0	0
AT5G52680.2	776	577	0	0
AT5G36250.1	2186	1987	102	16.7742
AT5G36250.3	2248	2049	0	0
AT5G36250.2	2191	1992	0	0
AT4G09930.1	1039	840	0	0
AT5G57330.1	1591	1392	269	63.1468
AT4G16210.1	1324	1125	52	15.1039
AT5G43990.8	2803	2604	0	0
AT5G43990.16	2608	2409	0	0
AT5G43990.3	2597	2398	0	0
AT5G43990.9	2789	2590	0	0
AT5G43990.15	2608	2409	0	0
AT5G43990.2	2680	2481	0	0
AT5G43990.5	2720	2521	13.5703	1.75896
AT5G43990.11	2729	2530	0	0
AT5G43990.1	2641	2442	0.00882949	0.00118148
AT5G43990.12	2756	2557	0	0
AT5G43990.6	2877	2678	0	0
AT5G43990.10	2729	2530	25.4704	3.28968
AT5G43990.7	2817	2618	0	0
AT5G43990.17	2534	2335	3.9692	0.555463
AT5G43990.13	2682	2483	0	0
AT5G43990.4	2715	2516	0	0
AT5G43990.14	2631	2432	0.981236	0.13184
AT3G52610.1	1662	1463	77	17.1983
AT2G43330.1	2184	1985	84	13.8279
AT1G35516.1	983	784	135	56.2673
AT1G35516.2	969	770	0	0
AT1G63470.1	1881	1682	129	25.0612
AT1G13640.1	2562	2363	184.58	25.5246
AT1G13640.2	2492	2293	27.4202	3.90755
AT3G29230.1	2626	2427	64	8.61685
AT1G07040.1	1774	1575	54	11.2034
AT1G71170.1	1521	1322	44	10.8758
AT5G38050.1	1602	1403	17	3.9594
AT1G15510.1	2648	2449	36	4.80344
AT2G15400.2	1052	853	0	0
AT2G15400.1	1310	1111	2.04636	0.601875
AT4G12050.1	2515	2316	22	3.10401
AT3G11680.2	1765	1566	0	0
AT3G11680.1	1467	1268	0	0
AT3G04200.1	854	655	0	0
AT1G74035.1	294	95.0001	0	0
AT5G66390.1	1439	1240	64	16.8654
AT2G17190.1	2265	2066	289.39	45.7711
AT1G07985.1	942	743	2	0.879588
AT4G32970.1	2299	2100	25	3.89008
AT1G75040.1	1095	896	63	22.9758
AT3G46860.1	258	59.1108	0	0
AT3G62690.1	1373	1174	52	14.4735
AT3G50620.1	1561	1362	5.82051	1.39644
AT3G50620.2	1675	1476	0	0
AT3G50620.3	1327	1128	30.1795	8.74261
AT5G11910.2	1129	930	20.6676	7.26182
AT5G11910.4	1215	1016	0	0
AT5G11910.3	1223	1024	0	0
AT5G11910.1	1172	973	27.3324	9.17917
AT1G11500.1	569	370	0	0
AT1G11500.3	841	642	1	0.508983
AT1G11500.2	927	728	0	0
AT4G06598.2	1001	802	20	8.14881
AT4G06598.1	1087	888	0	0
AT3G13760.1	2132	1933	9	1.52142
AT1G20460.1	1334	1135	32	9.21282
AT5G41180.1	2479	2280	31.4227	4.50347
AT5G41180.2	1958	1759	29.5773	5.49453
AT4G39560.2	1541	1342	19	4.62636
AT4G39560.1	1627	1428	0	0
AT1G26740.1	801	602	65	35.2822
AT4G04985.1	477	278	0	0
AT1G02290.1	1767	1568	52	10.8367
AT3G26500.1	1855	1656	27	5.32772
AT5G06790.1	1387	1188	39	10.7272
AT2G23670.1	709	510	540	345.989
AT3G10110.3	1197	998	0	0
AT3G10110.1	930	731	19.6132	8.76735
AT3G10110.4	1087	888	7.36892	2.71162
AT3G10110.2	1263	1064	2.97817	0.91463
AT2G35620.3	2660	2461	0	0
AT2G35620.1	2431	2232	41.9729	6.14488
AT2G35620.2	2403	2204	118.795	17.6126
AT2G35620.4	2144	1945	27.2325	4.57516
AT1G64140.1	2743	2544	588	75.5264
AT2G39090.1	1948	1749	50	9.34154
AT2G39090.2	1927	1728	0	0
AT5G56320.3	1047	848	27.1429	10.4592
AT5G56320.1	1418	1219	10.4902	2.81201
AT5G56320.2	1527	1328	24.367	5.99573
AT3G15358.1	1059	860	2	0.759924
AT3G09310.1	795	596	11	6.03094
AT2G39910.1	1481	1282	21	5.35266
AT1G13890.1	1013	814	0	0
AT1G13890.2	1096	897	0	0
AT1G24260.1	1268	1069	0	0
AT1G24260.2	1206	1007	0	0
AT1G24260.3	1110	911	0	0
AT4G31780.3	2087	1888	0	0
AT4G31780.1	2022	1823	0	0
AT4G31780.2	2036	1837	267	47.4942
AT5G04290.2	4814	4615	121	8.56746
AT5G04290.1	4482	4283	0	0
AT1G18610.1	2423	2224	34.6198	5.08661
AT1G18610.2	2544	2345	19.3802	2.70055
AT2G02080.1	1954	1755	37.1153	6.91057
AT2G02080.6	1848	1649	0.0657909	0.0130372
AT2G02080.4	2070	1871	43.9724	7.67971
AT2G02080.5	2100	1901	0	0
AT2G02080.3	2323	2124	18.8465	2.89945
AT2G02080.2	2034	1835	0	0
AT1G69870.1	2420	2221	194	28.5425
AT3G03560.1	1987	1788	100	18.2756
AT1G60870.1	1485	1286	112	28.4587
AT5G08550.1	3066	2867	113	12.8792
AT3G18620.1	1974	1775	31	5.70692
AT4G37560.1	1667	1468	68.1225	15.1636
AT4G37560.2	1242	1043	0.00127479	0.000399387
AT1G50390.1	441	242	0	0
AT3G14480.1	528	329	0	0
AT2G18320.1	374	175	0	0
AT3G62180.2	1015	816	0	0
AT3G62180.1	939	740	0	0
AT4G37450.1	1160	961	283	96.228
AT4G37450.2	1334	1135	0	0
AT4G16070.2	2447	2248	0	0
AT4G16070.1	2497	2298	0	0
AT4G16070.3	2318	2119	41	6.32254
AT1G21590.2	2952	2753	1.50357e-08	1.78467e-09
AT1G21590.1	2975	2776	253	29.781
AT4G14430.1	1416	1217	106	28.4612
AT1G21370.2	1533	1334	2.83471	0.694371
AT1G21370.1	1712	1513	59.1653	12.7781
AT5G37480.2	939	740	0	0
AT5G37480.1	954	755	44	19.0434
AT2G07631.1	156	7.59116	0	0
AT1G13370.1	696	497	0	0
AT5G64380.1	1493	1294	32	8.08079
AT5G46930.1	739	540	0	0
AT2G28140.1	1201	1002	8	2.60892
AT3G17150.1	641	442	0	0
AT1G16022.1	451	252	1	1.29669
AT3G58290.2	664	465	0	0
AT3G58290.3	795	596	0	0
AT3G58290.1	849	650	0	0
AT2G07560.1	3486	3287	0	0
AT1G66610.1	1101	902	1	0.36227
AT1G66610.2	1219	1020	0	0
AT2G47880.1	675	476	29	19.9081
AT1G12190.1	1128	929	0	0
AT5G60340.1	990	791	234	96.6669
AT1G28430.1	1905	1706	0	0
AT2G31210.1	1693	1494	0	0
AT5G46610.2	2051	1852	0	0
AT5G46610.1	2123	1924	0	0
AT5G46610.3	1982	1783	0	0
AT4G23070.1	1082	883	2	0.740129
AT3G28850.1	2046	1847	17	3.0076
AT2G04378.1	1545	1346	183.597	44.5715
AT2G04378.2	1174	975	5.38651	1.80527
AT1G47240.1	2030	1831	92	16.4187
AT3G48410.1	3481	3282	19.9868	1.98995
AT3G48410.2	3502	3303	0.0132065	0.00130652
AT3G62220.1	1449	1250	46.012	12.0282
AT3G62220.3	1553	1354	0	0
AT3G62220.2	1500	1301	0	0
AT1G49350.1	1499	1300	30	7.54078
AT1G78760.1	1437	1238	0	0
AT1G44542.1	1344	1145	0	0
AT1G14080.1	1897	1698	57	10.9692
AT2G03240.1	3603	3404	142	13.6313
AT3G60220.1	1615	1416	14	3.23075
AT1G24090.1	1542	1343	22	5.35285
AT1G09640.2	1057	858	63.8839	24.33
AT1G09640.1	1950	1751	1136.96	212.176
AT5G54970.1	1144	945	62	21.4387
AT2G39435.2	1600	1401	0	0
AT2G39435.4	1641	1442	8.82583	1.99999
AT2G39435.3	1935	1736	9.10517	1.71386
AT2G39435.1	1794	1595	7.06901	1.44823
AT2G39435.5	1682	1483	0	0
AT2G39435.6	1651	1452	0	0
AT5G56850.2	2033	1834	0	0
AT5G56850.8	1363	1164	51.5142	14.4615
AT5G56850.5	1694	1495	19.0794	4.17024
AT5G56850.6	1699	1500	5.47346	1.19236
AT5G56850.1	1952	1753	40.7926	7.60393
AT5G56850.4	2058	1859	26.4625	4.65147
AT5G56850.3	2163	1964	17.1163	2.84777
AT5G56850.7	1677	1478	6.5616	1.45069
AT4G20590.1	771	572	0	0
AT5G38750.1	408	209	0	0
AT3G58430.2	978	779	0	0
AT3G58430.1	1519	1320	10	2.47551
AT4G01280.1	2243	2044	8.71084	1.39257
AT4G01280.2	1659	1460	84.778	18.9744
AT3G44280.1	874	675	31.3873	15.1946
AT3G44280.2	968	769	5.61269	2.38497
AT3G01460.1	7073	6874	228	10.8384
AT1G10530.1	998	799	6	2.45382
AT2G25830.1	1609	1410	153	35.4577
AT1G28250.1	762	563	40	23.2161
AT5G49630.1	1946	1747	100	18.7045
AT1G66630.1	1105	906	0	0
AT2G44195.1	804	605	0	0
AT2G47844.1	361	162	0	0
AT5G59190.1	2082	1883	0	0
AT3G01690.1	1861	1662	267	52.4951
AT4G16970.1	3262	3063	62.4596	6.66332
AT4G31460.1	1274	1075	101	30.7009
AT1G03040.3	1639	1440	23.3707	5.30332
AT1G03040.1	1573	1374	132.663	31.5501
AT1G03040.2	1440	1241	31.9664	8.41707
AT1G72430.1	1205	1006	284	92.2484
AT3G10340.1	2722	2523	104	13.4696
AT5G58787.3	1508	1309	0	0
AT5G58787.1	1421	1222	16.5538	4.42654
AT5G58787.2	1318	1119	9.44622	2.75846
AT5G52830.1	1582	1383	19	4.48921
AT5G11110.1	3629	3430	111	10.5747
AT1G18970.1	1115	916	69.6887	24.8602
AT3G23130.1	1117	918	0	0
AT1G06040.2	1309	1110	316.479	93.1666
AT1G06040.1	1393	1194	950.521	260.133
AT3G23190.1	1074	875	63	23.5272
AT3G15578.1	183	11.741	0	0
AT4G24500.3	1464	1265	16.8257	4.3463
AT4G24500.1	1550	1351	3.37908	0.817301
AT4G24500.2	1345	1146	23.7953	6.78491
AT2G39720.1	1640	1441	113.903	25.829
AT2G39720.2	2358	2159	42.0975	6.3715
AT5G52000.1	1404	1205	0	0
AT1G68490.1	2111	1912	163	27.8572
AT2G46660.1	2029	1830	44	7.8567
AT1G79110.3	1551	1352	4.1462e-05	1.0021e-05
AT1G79110.1	1369	1170	29.7187	8.30007
AT1G79110.2	1586	1387	43.2813	10.1968
AT3G11170.1	2089	1890	1182.61	204.464
AT2G46110.1	1452	1253	27	7.04127
AT5G26692.1	677	478	0	0
AT3G43270.1	2232	2033	63	10.1261
AT4G30060.2	1755	1556	19.1503	4.02166
AT4G30060.1	2214	2015	65.8497	10.6787
AT1G27150.1	1818	1619	117	23.6144
AT1G04630.1	745	546	102	61.0444
AT3G43540.2	1629	1430	46.4861	10.6225
AT3G43540.1	1552	1353	88.5139	21.3773
AT1G63880.2	3326	3127	0	0
AT1G63880.1	3500	3301	104	10.295
AT4G36090.3	1944	1745	17.5462	3.28569
AT4G36090.4	2092	1893	7.4844	1.29195
AT4G36090.1	2040	1841	31.0754	5.5157
AT4G36090.2	2048	1849	0	0
AT4G36090.5	1996	1797	3.89404	0.708093
AT2G40380.1	1142	943	110	38.1171
AT4G23520.1	1316	1117	0	0
AT4G04885.1	3252	3053	162	17.3391
AT3G23770.1	1793	1594	0	0
AT1G32930.1	1698	1499	39	8.50161
AT1G48310.1	2405	2206	23.9783	3.55182
AT1G48310.2	2221	2022	12.0217	1.94278
AT1G48310.4	1716	1517	0	0
AT1G48310.3	1990	1791	0	0
AT5G22380.1	937	738	0	0
AT3G18900.5	2016	1817	0	0
AT3G18900.1	2120	1921	2.4868	0.42301
AT3G18900.2	2105	1906	3.78926	0.649636
AT3G18900.4	2031	1832	0	0
AT3G18900.6	1602	1403	2.72394	0.634422
AT3G18900.3	2064	1865	0	0
AT4G12005.2	649	450	1	0.726149
AT4G12005.1	606	407	0	0
AT1G29470.1	3030	2831	344.926	39.813
AT1G29470.2	2595	2396	517.074	70.5186
AT5G53510.1	2226	2027	0	0
AT2G40070.2	2089	1890	44.5266	7.69831
AT2G40070.1	2585	2386	58.1285	7.96081
AT2G40070.3	3029	2830	22.3449	2.58007
AT2G07674.2	975	776	0	0
AT2G07674.1	812	613	1	0.533062
AT4G19645.2	1284	1085	0	0
AT4G19645.1	1563	1364	0	0
AT4G19645.3	1117	918	8	2.84764
AT4G19645.5	1202	1003	0	0
AT4G19645.4	1106	907	0	0
AT1G63420.2	2281	2082	0	0
AT1G63420.1	2098	1899	83	14.2821
AT1G75960.1	2000	1801	16	2.90298
AT2G33260.2	1835	1636	7	1.39815
AT2G33260.1	1499	1300	0	0
AT3G04720.1	1134	935	174	60.8101
AT1G29465.1	618	419	19	14.8176
AT4G10040.1	815	616	185	98.1362
AT1G08100.1	1709	1510	11.1603	2.41512
AT3G46650.1	1425	1226	1.79182	0.477576
AT5G65400.2	1162	963	7.82927	2.65664
AT5G65400.1	1039	840	19.1707	7.45758
AT3G19030.1	497	298	42	46.0544
AT1G42540.1	3161	2962	92.2177	10.1734
AT1G42540.3	3202	3003	43.7416	4.75968
AT1G42540.4	3181	2982	0.0407086	0.00446085
AT1G42540.2	3307	3108	0	0
AT3G13130.1	848	649	0	0
AT4G17860.1	1302	1103	4	1.18501
AT5G08005.1	780	581	0	0
AT4G40040.2	1025	826	53.2952	21.0837
AT4G40040.3	1289	1090	27.6827	8.2989
AT4G40040.1	1079	880	1113.02	413.294
AT2G43795.1	844	645	0	0
AT2G43795.2	774	575	0	0
AT1G56000.2	1007	808	21.926	8.86718
AT1G56000.1	1593	1394	68.297	16.0095
AT1G51920.1	315	116	0	0
AT5G07680.1	1626	1427	29.5922	6.77628
AT5G07680.2	1192	993	4.40783	1.45049
AT3G27480.2	1284	1085	0	0
AT3G27480.1	2192	1993	2	0.327915
AT5G10860.1	1096	897	263	95.808
AT1G69400.1	1319	1120	9	2.62581
AT1G69400.2	1296	1097	0	0
AT4G23150.1	2236	2037	1.07629	0.172653
AT4G02120.2	2107	1908	83.1943	14.248
AT4G02120.3	2091	1892	0	0
AT4G02120.1	2041	1842	1.81328e-06	3.21672e-07
AT4G02120.4	2150	1951	0	0
AT4G02120.5	1844	1645	46.8057	9.2976
AT3G55810.1	1479	1280	0	0
AT4G10140.1	1050	851	41	15.7432
AT4G01700.1	966	767	107	45.5855
AT3G27360.1	833	634	111.294	57.3617
AT1G33055.1	1273	1074	5	1.52126
AT2G17350.1	829	630	43	22.3032
AT1G27450.3	1292	1093	13.3714	3.99755
AT1G27450.2	1457	1258	14.4232	3.74644
AT1G27450.1	1299	1100	68.6406	20.3904
AT1G27450.4	950	751	401.565	174.725
AT5G52900.1	1447	1248	28	7.33131
AT3G54260.1	1488	1289	67	16.9848
AT2G24740.1	2268	2069	0	0
AT1G47810.1	1056	857	0	0
AT1G44940.1	246	47.5399	0	0
AT1G44940.2	261	62.0706	0	0
AT3G12240.1	1567	1368	11.6738	2.78846
AT2G28710.1	677	478	16	10.9378
AT1G04550.1	1391	1192	5.71543	1.56679
AT1G04550.2	1355	1156	127.285	35.9796
AT2G42350.1	1300	1101	33	9.79411
AT3G14470.1	3569	3370	0	0
AT3G14470.2	3549	3350	40	3.9017
AT2G37610.1	506	307	1	1.06439
AT5G64401.1	162	8.26769	0	0
AT5G42420.1	1519	1320	61.3953	15.1985
AT5G42420.2	1218	1019	20.6047	6.60738
AT2G07621.1	567	368	0	0
AT1G53270.1	1830	1631	13	2.60452
AT2G01320.8	2510	2311	0.00084114	0.000118934
AT2G01320.2	2693	2494	37.0883	4.85935
AT2G01320.5	2453	2254	0.102795	0.0149025
AT2G01320.3	2684	2485	68.2787	8.97837
AT2G01320.1	2766	2567	16.1181	2.05176
AT2G01320.7	2630	2431	26.4878	3.5604
AT2G01320.4	2428	2229	48.9234	7.17208
AT2G01320.6	2724	2525	0	0
AT2G13430.1	543	344	0	0
AT1G67070.1	1768	1569	11.7749	2.45229
AT1G67070.3	1235	1036	0.225144	0.0710133
AT1G67070.2	2053	1854	0	0
AT4G27390.1	1105	906	37	13.3448
AT1G04810.1	3435	3236	347	35.0396
AT3G04970.3	1533	1334	0	0
AT3G04970.2	1527	1328	0	0
AT3G04970.1	1441	1242	19	4.99885
AT1G15140.1	1322	1123	307.938	89.603
AT1G15140.2	1388	1189	0	0
AT1G15140.3	1342	1143	0	0
AT3G07170.1	1088	889	133	48.8864
AT3G07170.2	724	525	0	0
AT5G35110.1	885	686	0	0
AT3G12587.1	594	395	33	27.2995
AT5G40870.1	1951	1752	80	14.9209
AT4G27650.2	1645	1446	17.773	4.01635
AT4G27650.1	1620	1421	72.227	16.609
AT4G27650.3	1789	1590	0	0
AT2G15580.3	1662	1463	60.463	13.5047
AT2G15580.2	1066	867	53.1871	20.0459
AT2G15580.1	1291	1092	3.34986	1.0024
AT5G15970.1	750	551	492.997	292.369
AT4G38030.1	2137	1938	0	0
AT4G10850.1	1214	1015	0	0
AT3G03050.1	4290	4091	330.208	26.3752
AT3G17450.2	3241	3042	46.8477	5.03231
AT3G17450.1	3242	3043	46.1523	4.95598
AT2G06908.1	414	215	0	0
AT1G61210.1	4188	3989	158.166	12.9565
AT1G61210.3	4038	3839	49.5834	4.22043
AT1G61210.2	4440	4241	61.2508	4.71935
AT4G24090.1	1194	995	88	28.9
AT1G57980.1	1538	1339	23.2655	5.67768
AT4G06643.1	786	587	0	0
AT2G37370.4	2365	2166	0	0
AT2G37370.3	2377	2178	0	0
AT2G37370.2	2301	2102	1	0.155455
AT2G37370.1	2426	2227	0	0
AT1G11420.1	2019	1820	12	2.15451
AT5G60230.1	1234	1035	0	0
AT5G60230.2	1505	1306	9	2.25184
AT5G16850.2	3114	2915	3	0.336295
AT5G16850.1	3630	3431	0	0
AT5G33300.1	1648	1449	34	7.66741
AT5G13600.1	1776	1577	1	0.207208
AT1G80730.1	1064	865	7	2.64436
AT3G06740.1	998	799	63	25.7651
AT1G16370.1	1815	1616	14	2.8309
AT3G43890.1	2316	2117	3	0.463062
AT5G29210.1	480	281	0	0
AT5G19690.1	3110	2911	491	55.116
AT5G19690.2	3267	3068	0	0
AT5G45520.2	3629	3430	13	1.23848
AT5G45520.1	3683	3484	2.11778e-07	1.98628e-08
AT5G36520.1	357	158	0	0
AT1G09550.1	1397	1198	0	0
AT1G08700.1	1761	1562	126	26.3589
AT4G24620.1	2383	2184	583.223	87.2611
AT4G24620.2	2273	2074	152.777	24.0706
AT1G66590.2	680	481	24.8621	16.8901
AT1G66590.1	1041	842	0	0
AT3G19780.3	3193	2994	15.5457	1.69667
AT3G19780.1	3418	3219	0	0
AT3G19780.2	3458	3259	49.684	4.98162
AT3G19780.4	3613	3414	21.627	2.07
AT3G14330.1	2863	2664	88	10.7941
AT4G01516.1	96	4.14046	0	0
AT5G06755.1	360	161	0	0
AT2G34870.1	717	518	0	0
AT3G01085.3	2312	2113	0	0
AT3G01085.1	2186	1987	0	0
AT3G01085.2	2468	2269	0	0
AT3G53120.1	900	701	38	17.7135
AT3G52930.1	2042	1843	4024	713.462
AT3G08870.1	2227	2028	9	1.45015
AT3G08870.2	2485	2286	0	0
AT2G24030.1	1544	1345	6	1.4577
AT2G24030.2	1766	1567	0	0
AT2G21890.1	1159	960	1.32143	0.44979
AT1G16730.1	952	753	57	24.7354
AT4G31800.1	1740	1541	0	0
AT4G31800.2	1217	1018	10.1093	3.24499
AT4G31800.3	1383	1184	12.8907	3.55764
AT2G27535.1	590	391	0	0
AT5G26840.1	264	65.044	0	0
AT4G35480.1	1064	865	7	2.64436
AT2G33000.2	1916	1717	0	0
AT2G33000.1	1802	1603	0	0
AT1G26815.1	432	233	0	0
AT3G54730.4	897	698	0	0
AT3G54730.1	1384	1185	0	0
AT3G54730.2	1107	908	0	0
AT3G54730.3	1084	885	0	0
AT4G34870.1	1110	911	1643	589.329
AT5G51105.1	545	346	0	0
AT5G15570.1	1753	1554	61	12.8268
AT5G28190.1	2520	2321	0	0
AT3G23640.2	3749	3550	40.1784	3.69831
AT3G23640.3	3729	3530	0	0
AT3G23640.1	3407	3208	280.822	28.6045
AT1G01260.1	2709	2510	37.9154	4.93606
AT1G01260.2	2378	2179	59.0846	8.86044
AT1G01260.3	2679	2480	0	0
AT4G09300.2	1235	1036	0	0
AT4G09300.3	1097	898	0	0
AT4G09300.1	1131	932	0	0
AT4G09300.5	1030	831	0	0
AT4G09300.4	1063	864	0	0
AT1G28815.1	616	417	3	2.35084
AT3G27425.1	396	197	0	0
AT4G04955.1	1881	1682	42.8535	8.32528
AT4G04955.2	1724	1525	35.1465	7.53096
AT2G27380.1	2364	2165	0	0
AT4G20860.1	1846	1647	279	55.354
AT3G47580.1	3360	3161	10.0625	1.04021
AT5G27310.1	1113	914	0	0
AT5G55750.1	565	366	0	0
AT5G36410.1	357	158	0	0
AT5G49250.1	603	404	0	0
AT4G22110.2	1414	1215	0.155332	0.0417757
AT4G22110.1	1410	1211	6.84467	1.84691
AT4G22110.3	1548	1349	0	0
AT4G20810.1	1251	1052	0	0
AT2G39010.1	1509	1310	977.451	243.816
AT2G39010.2	2148	1949	39.549	6.63075
AT5G38900.1	1072	873	14	5.24025
AT5G38900.2	870	671	0	0
AT3G07440.1	1319	1120	31.9999	9.33617
AT3G07440.2	1223	1024	0.000100269	3.19968e-05
AT4G29970.1	852	653	0	0
AT5G41850.1	927	728	18.8507	8.46126
AT1G32970.1	2276	2077	0	0
AT4G29770.1	1134	935	0	0
AT4G29770.2	1168	969	0	0
AT5G48150.1	2048	1849	133.234	23.5459
AT5G48150.4	2135	1936	76.7661	12.9569
AT5G48150.2	2128	1929	0	0
AT5G48150.3	2117	1918	1.30779e-07	2.22806e-08
AT5G15350.1	1007	808	428	173.09
AT2G40720.1	2583	2384	14	1.91893
AT1G78420.1	2117	1918	121.02	20.6181
AT1G78420.2	2012	1813	0	0
AT1G08465.1	1217	1018	57	18.2964
AT1G06280.1	643	444	0	0
AT1G49590.1	1267	1068	42.9224	13.1326
AT1G49590.3	878	679	7.2573	3.49256
AT1G49590.2	1317	1118	12.8203	3.7471
AT5G27860.2	727	528	25.0744	15.518
AT5G27860.1	942	743	44.9256	19.758
AT5G59270.3	2230	2031	0	0
AT5G59270.2	2360	2161	0	0
AT5G59270.1	2157	1958	1	0.166888
AT1G47690.1	755	556	0.112385	0.0660499
AT4G02870.1	933	734	0	0
AT3G20810.4	1799	1600	0	0
AT3G20810.2	1665	1466	0	0
AT3G20810.3	1443	1244	3	0.788024
AT3G20810.1	1702	1503	0	0
AT3G20810.5	1957	1758	0	0
AT1G52827.1	575	376	36	31.2862
AT1G12460.2	2930	2731	78.278	9.36605
AT1G12460.1	3448	3249	62.722	6.30825
AT4G09770.4	1148	949	0	0
AT4G09770.5	874	675	0	0
AT4G09770.2	1109	910	9	3.23176
AT4G09770.3	1223	1024	0	0
AT4G09770.1	1131	932	0	0
AT5G23600.1	1234	1035	0	0
AT1G06250.2	1094	895	2.37468	0.867002
AT1G06250.1	1481	1282	6.62532	1.68872
AT1G08540.1	2049	1850	377	66.5898
AT3G23380.1	1277	1078	0	0
AT3G23380.2	802	603	0	0
AT3G23380.3	602	403	0	0
AT5G48460.1	2309	2110	97	15.022
AT3G17380.1	1091	892	20	7.32662
AT2G36750.1	1689	1490	11.1251	2.43982
AT2G01990.1	907	708	24.0504	11.1001
AT2G01990.2	1145	946	7.94958	2.74594
ATMG00660.1	450	251	4	5.20744
AT3G53030.1	1998	1799	58	10.535
AT3G52350.1	543	344	0	0
AT1G53090.5	2253	2054	0	0
AT1G53090.4	2782	2583	118.923	15.0446
AT1G53090.3	2938	2739	1.14859e-06	1.37028e-07
AT1G53090.1	3047	2848	0	0
AT1G53090.2	3016	2817	24.0769	2.79288
AT4G05180.2	1075	876	3596.79	1341.68
AT4G05180.1	1155	956	35.2069	12.034
AT3G19070.1	1041	842	0	0
AT2G04622.1	246	47.5399	0	0
AT5G28000.1	700	501	0	0
AT1G62914.1	1848	1649	7.39416	1.46523
AT3G29050.1	877	678	0	0
AT3G29050.2	858	659	0	0
AT2G03830.1	742	543	4	2.40712
AT3G16670.1	836	637	951	487.842
AT5G25350.1	2929	2730	525	62.8398
AT1G07980.2	1319	1120	5.54624	1.61815
AT1G07980.1	1197	998	37.4538	12.2632
AT1G01740.4	1644	1445	0	0
AT1G01740.2	1911	1712	0	0
AT1G01740.1	1648	1449	18.6578	4.20755
AT1G01740.5	1624	1425	0	0
AT1G01740.3	2045	1846	3.34224	0.591622
AT1G15240.3	3494	3295	1.96093e-07	1.94467e-08
AT1G15240.2	3559	3360	119.184	11.5909
AT1G15240.4	3963	3764	30.8161	2.67527
AT1G15240.5	2925	2726	0	0
AT1G15240.1	4103	3904	0	0
AT3G27210.1	1220	1021	20	6.40092
AT4G21930.1	827	628	2	1.04066
AT1G26520.1	1668	1469	29.9707	6.66673
AT3G43340.1	225	29.9375	0	0
AT1G54090.1	2429	2230	101	14.7998
AT4G28560.1	1353	1154	4	1.13264
AT1G77700.3	998	799	0	0
AT1G77700.1	1230	1031	0	0
AT1G77700.2	1144	945	10	3.45785
AT1G75510.1	1189	990	72	23.7649
AT1G32060.1	1890	1691	4717	911.508
AT2G42475.1	1193	994	0	0
AT3G06540.1	2109	1910	84	14.3709
AT1G55960.2	1648	1449	710.045	160.124
AT1G55960.1	1915	1716	751.955	143.19
AT3G60790.1	1467	1268	0	0
AT3G60570.1	1134	935	0	0
AT3G60570.2	844	645	0	0
AT5G50810.1	701	502	96	62.4893
AT5G52930.1	1563	1364	1	0.239565
AT1G05060.1	1029	830	26	10.2361
AT5G05085.1	1273	1074	0	0
AT2G31082.1	512	313	0	0
AT1G72740.2	1322	1123	46.5528	13.5458
AT1G72740.1	1340	1141	34.4472	9.86522
ATMG00870.1	555	356	0	0
AT2G02630.1	2056	1857	18	3.16737
AT3G44340.1	3869	3670	162.123	14.435
AT3G44340.5	3888	3689	0	0
AT3G44340.4	3899	3700	210.877	18.6237
AT3G44340.2	3885	3686	2.27864e-08	2.02003e-09
AT3G44340.3	3998	3799	0	0
AT2G14000.1	1041	842	0	0
AT5G17950.1	363	164	0	0
AT5G53040.1	771	572	0	0
AT3G50960.2	895	696	0	0
AT3G50960.1	1020	821	27	10.7463
AT3G45190.2	3185	2986	0	0
AT3G45190.1	2955	2756	299	35.4511
AT3G54680.1	1311	1112	72	21.1576
AT1G16420.1	1491	1292	4	1.01166
AT3G20580.1	2615	2416	1	0.135251
AT3G13610.1	1470	1271	521	133.946
AT2G22310.2	1246	1047	0	0
AT2G22310.1	1387	1188	25	6.87641
AT2G22310.3	1407	1208	0	0
AT3G10120.1	820	621	0	0
AT2G32300.2	1084	885	0	0
AT2G32300.1	1046	847	20	7.71587
AT1G07720.1	1846	1647	244.929	48.5942
AT1G07720.2	2098	1899	15.0714	2.59339
AT4G24470.1	1422	1223	62.1837	16.6146
AT4G24470.3	1305	1106	0.00214299	0.000633144
AT4G24470.2	1304	1105	14.8141	4.38079
AT2G21030.1	923	724	0	0
AT5G36940.1	2292	2093	120	18.7349
AT4G35165.1	761	562	0	0
AT1G07790.1	853	654	241	120.414
AT1G66180.1	1719	1520	267	57.3992
AT2G16940.5	1591	1392	43.6423	10.2449
AT2G16940.3	2245	2046	0	0
AT2G16940.2	2278	2079	11.756	1.84776
AT2G16940.4	2568	2369	68.18	9.40438
AT2G16940.1	2187	1988	208.422	34.2582
AT5G39960.1	2346	2147	48	7.30546
AT1G63245.1	687	488	5	3.34802
AT4G30460.1	925	726	121	54.4612
AT3G61090.1	628	429	0	0
AT1G05220.1	717	518	2	1.26165
AT2G23130.1	1034	835	141.875	55.521
AT2G23130.2	1145	946	28.1251	9.71496
AT3G24070.1	1710	1511	46	9.94791
AT4G12500.1	966	767	77.3394	32.9491
AT4G26980.1	1377	1178	38	10.5409
AT3G24890.2	663	464	0	0
AT3G24890.1	886	687	8.24791	3.92306
AT3G24890.4	1014	815	0	0
AT3G24890.3	1361	1162	4.89263	1.37586
AT3G24890.5	701	502	7.85946	5.11596
AT2G22941.1	434	235	0	0
AT2G42130.5	1482	1283	0	0
AT2G42130.3	1179	980	24.1831	8.0635
AT2G42130.2	1098	899	98.7673	35.8998
AT2G42130.4	1438	1239	31.0795	8.19674
AT2G42130.1	885	686	16.9702	8.08352
AT3G53990.1	1016	817	179.223	71.682
AT3G53990.2	977	778	8.77708	3.68646
AT3G13210.1	2144	1945	4	0.672015
AT3G11470.2	870	671	0	0
AT3G11470.8	1126	927	0.337639	0.119018
AT3G11470.6	1310	1111	0	0
AT3G11470.9	1063	864	4.17617	1.57944
AT3G11470.3	1150	951	14.88	5.11281
AT3G11470.1	1424	1225	0	0
AT3G11470.5	1392	1193	0	0
AT3G11470.4	1511	1312	0	0
AT3G11470.7	1237	1038	0	0
AT5G19600.1	2359	2160	65	9.83327
AT3G63052.1	398	199	0	0
AT3G29633.2	944	745	1	0.438614
AT3G29633.1	989	790	0	0
AT1G14048.1	306	107	0	0
AT3G51370.2	1671	1472	0	0
AT3G51370.1	2086	1887	131.546	22.7794
AT3G51370.3	1670	1471	205.454	45.6395
AT2G28725.1	339	140	0	0
AT3G26616.1	426	227	1	1.4395
AT1G28520.3	2118	1919	0.00237315	0.000404099
AT1G28520.4	2102	1903	0.0310592	0.00533323
AT1G28520.1	2196	1997	146.941	24.0438
AT1G28520.2	2566	2367	27.4345	3.78737
AT1G28520.5	1934	1735	25.5909	4.81975
AT2G14945.1	399	200	0	0
AT5G43860.1	1177	978	1.8079	0.60405
AT3G18050.1	1624	1425	177	40.5879
AT5G46440.1	520	321	1	1.01797
AT5G60810.1	442	243	1	1.34472
AT5G60810.2	575	376	0	0
AT1G21650.2	3263	3064	0	0
AT1G21650.1	3494	3295	74.4176	7.38004
AT1G21650.3	5532	5333	28.0043	1.7159
AT3G02470.4	1834	1635	2022.65	404.243
AT3G02470.1	1953	1754	1079.16	201.046
AT3G02470.3	1799	1600	7271.99	1485.15
AT1G45243.1	792	593	0	0
AT3G18170.2	2162	1963	21.0071	3.49691
AT3G18170.1	1321	1122	23.9929	6.98759
AT2G14820.2	2729	2530	10.6526	1.37586
AT2G14820.1	2254	2055	8.34737	1.32732
AT3G04420.1	1395	1196	15	4.09825
AT3G04420.2	1054	855	0	0
AT5G05700.2	2363	2164	0	0
AT5G05700.1	2271	2072	82	12.9319
AT5G66740.1	1500	1301	36	9.04198
AT2G02220.1	3605	3406	127	12.1842
ATMG00960.1	612	413	0	0
AT5G30520.1	363	164	0	0
AT3G19490.1	2149	1950	156	26.1414
AT2G19260.2	2648	2449	0	0
AT2G19260.1	2514	2315	27	3.81111
AT5G46920.1	2602	2403	52	7.07112
AT4G32070.2	2428	2229	3.95762	0.58018
AT4G32070.1	3102	2903	211.042	23.7553
AT1G04410.1	1613	1414	3247	750.363
AT3G12080.2	2205	2006	64.0582	10.4348
AT3G12080.1	2258	2059	170.942	27.1288
AT1G34000.1	824	625	453	236.841
AT3G26290.2	2048	1849	26.0423	4.60235
AT3G26290.1	1622	1423	85.9577	19.7387
AT3G44300.1	1535	1336	119.212	29.1577
AT1G55680.1	1960	1761	346.064	64.2148
AT3G23810.1	1932	1733	2999	565.479
AT5G57720.1	1221	1022	0	0
AT5G49100.1	1932	1733	110	20.7411
AT3G49190.1	1727	1528	12	2.56623
AT1G18200.1	991	792	5.02353	2.07263
AT5G23395.1	1101	902	55	19.9248
AT1G30360.1	2783	2584	1009	127.596
AT5G66030.1	2937	2738	216	25.7786
AT5G66030.3	2975	2776	0	0
AT5G66030.2	2510	2311	0	0
AT5G66030.4	2940	2741	0	0
AT1G75280.1	1668	1469	419.707	93.3604
AT1G77200.1	1119	920	22	7.814
AT1G30330.1	3932	3733	160.576	14.0559
AT1G30330.3	4063	3864	1.99859e-05	1.69015e-06
AT1G30330.2	3827	3628	104.424	9.40531
AT1G22140.2	503	304	1.264	1.35867
AT1G22140.1	667	468	36.2783	25.3302
AT1G22140.3	859	660	26.4577	13.0993
AT1G75210.2	2738	2539	0	0
AT1G75210.3	2499	2300	23.5301	3.34298
AT1G75210.1	2413	2214	188.47	27.8165
AT2G43880.2	1558	1359	0	0
AT2G43880.1	1522	1323	28	6.91571
AT1G23985.1	532	333	0	0
AT4G24890.1	2020	1821	3	0.538331
AT4G28760.2	3397	3198	161.922	16.545
AT4G28760.1	3318	3119	81.0777	8.49423
AT5G57780.1	1064	865	36	13.5996
AT5G58190.1	1931	1732	17.8557	3.36873
AT5G58190.2	1834	1635	33.1443	6.62415
AT2G16400.1	2224	2025	82	13.2321
AT3G10330.1	1458	1259	58	15.0536
AT1G58848.1	4062	3863	223.556	18.9104
AT1G58848.2	3852	3653	2.22933	0.199417
AT5G07760.2	2968	2769	0	0
AT5G07760.1	2761	2562	2	0.255088
AT1G56680.2	1094	895	0	0
AT1G56680.1	1032	833	15	5.88416
AT4G13610.1	4215	4016	0	0
AT4G05380.1	1681	1482	0	0
AT5G41670.1	2289	2090	57.4659	8.98467
AT5G41670.4	2137	1938	585.85	98.7804
AT5G41670.3	1848	1649	0	0
AT5G41670.2	1804	1605	502.852	102.377
AT4G33280.2	1909	1710	0	0
AT4G33280.1	1239	1040	2	0.628398
AT4G33280.3	1500	1301	0	0
AT5G65800.1	1877	1678	1	0.194736
AT1G64820.1	1509	1310	1	0.249441
AT1G68700.1	531	332	0	0
AT3G57760.2	1433	1234	0	0
AT3G57760.3	1399	1200	13	3.53998
AT3G57760.1	1677	1478	0	0
AT3G57760.4	1416	1217	1.26017e-06	3.38359e-07
AT1G74420.2	1777	1578	4	0.828307
AT1G74420.4	1732	1533	0	0
AT1G74420.1	1896	1697	0	0
AT1G74420.3	1744	1545	0	0
AT2G18880.1	2108	1909	1.01742	0.174154
AT5G20730.3	4321	4122	0	0
AT5G20730.2	4429	4230	192.265	14.8525
AT5G20730.1	4341	4142	84.735	6.68484
AT1G02220.1	1590	1391	46	10.8061
AT5G05120.1	606	407	0	0
AT3G05270.3	2838	2639	8.45912	1.04743
AT3G05270.2	2526	2327	167.885	23.5751
AT3G05270.1	2480	2281	0.655702	0.0939332
AT5G66631.1	2096	1897	4	0.689019
AT3G62770.1	1659	1460	96	21.4861
AT3G62770.3	1771	1572	0	0
AT2G31670.1	1311	1112	356	104.612
AT5G07690.1	1731	1532	156	33.2739
AT5G56760.1	1339	1140	195	55.8944
AT3G49570.1	744	545	18	10.7923
AT5G22460.2	1221	1022	5.32374	1.70218
AT5G22460.3	1485	1286	0	0
AT5G22460.1	1499	1300	4.67626	1.17542
AT3G51150.5	2966	2767	56.6505	6.6901
AT3G51150.2	4002	3803	0.170279	0.014631
AT3G51150.1	3779	3580	47.4355	4.32971
AT3G51150.4	3664	3465	1.04165e-06	9.82329e-08
AT3G51150.3	3838	3639	40.7438	3.65862
AT3G46620.1	1959	1760	74	13.7391
AT4G18920.1	968	769	0	0
AT3G03080.1	1312	1113	0	0
AT2G16535.1	563	364	0	0
AT5G18410.2	4607	4408	139.494	10.3407
AT5G18410.3	3294	3095	0	0
AT5G18410.1	4133	3934	130.506	10.8402
AT2G35020.1	2033	1834	93	16.57
AT4G14455.1	1002	803	56	22.7882
AT5G37570.1	2415	2216	0	0
AT5G37570.2	2327	2128	8	1.22845
AT2G27570.1	822	623	0	0
AT1G03790.1	1855	1656	0	0
ATCG00470.1	399	200	51	83.3256
AT1G78820.1	1836	1637	124.497	24.8513
AT3G14550.3	1321	1122	14.5729	4.24417
AT3G14550.1	2426	2227	0	0
AT3G14550.2	2523	2324	4.65591	0.654646
AT2G34650.1	2098	1899	47	8.08744
AT3G33293.1	438	239	0	0
AT2G38130.2	1027	828	11.669	4.60513
AT2G38130.1	1084	885	55.331	20.4298
AT5G09970.1	2159	1960	13	2.16733
AT5G20410.1	1911	1712	54	10.3069
AT1G07540.1	2394	2195	0	0
AT2G36740.1	1714	1515	36	7.76476
AT2G36740.2	1822	1623	0	0
AT3G05020.1	721	522	159	99.5325
AT2G24410.1	249	50.3754	0	0
AT3G02920.1	1400	1201	13.5897	3.69748
AT3G02920.3	1755	1556	8.7662	1.84094
AT3G02920.2	1105	906	5.64407	2.03565
AT1G19086.1	544	345	0	0
AT5G40950.1	950	751	1304	567.383
AT1G05870.4	1284	1085	1.02522	0.308765
AT1G05870.12	1424	1225	0.0518057	0.0138191
AT1G05870.8	1431	1232	1.70702	0.452758
AT1G05870.1	1787	1588	1.81442	0.373357
AT1G05870.7	1620	1421	24.2501	5.57645
AT1G05870.2	1485	1286	56.3122	14.3087
AT1G05870.10	1575	1376	18.9672	4.50426
AT1G05870.5	1710	1511	8.9417	1.93372
AT1G05870.9	1652	1453	3.16693	0.712215
AT1G05870.3	1117	918	47.0606	16.7515
AT1G05870.6	1653	1454	0.947801	0.213006
AT1G05870.11	1518	1319	1.65745	0.410615
AT5G12236.1	135	5.87326	0	0
AT1G57660.1	860	661	803.498	397.212
AT3G60860.1	6214	6015	329	17.873
AT5G41590.1	917	718	6	2.73064
AT2G27775.1	792	593	36	19.8375
AT2G27775.2	568	369	0	0
AT2G35780.1	1707	1508	165	35.7537
AT2G31020.1	2867	2668	43.2599	5.29832
AT1G12450.1	1689	1490	16	3.50891
AT5G57785.1	1312	1113	31.7637	9.32555
AT5G57785.2	436	237	35.2363	48.5826
AT1G28306.1	844	645	0	0
AT1G35375.1	423	224	0	0
AT1G70350.1	713	514	30	19.072
AT4G26810.2	543	344	0	0
AT4G26810.1	723	524	12	7.48322
AT3G55750.1	911	712	625.369	287.009
AT5G46530.1	817	618	12	6.34499
AT4G39390.3	1646	1447	3.9985	0.902958
AT4G39390.1	1717	1518	64.0015	13.7771
AT4G39390.2	1695	1496	1.17537e-07	2.56733e-08
AT3G15530.1	1684	1485	59.7414	13.1458
AT3G15530.2	1510	1311	38.2586	9.53597
AT5G39645.1	186	12.4336	0	0
AT5G65980.2	1870	1671	0	0
AT5G65980.1	1832	1633	19	3.80194
AT2G20450.1	804	605	315	170.135
AT4G19590.1	1083	884	0	0
AT4G19590.3	1182	983	0	0
AT4G19590.2	1521	1322	4	0.988705
AT3G17060.1	1356	1157	0	0
AT5G48595.1	297	98.0001	0	0
AT1G79420.1	1628	1429	29	6.63138
AT2G24800.2	1222	1023	4	1.27768
AT2G24800.1	1257	1058	0	0
AT3G22430.1	2265	2066	26	4.11227
AT2G36160.1	860	661	768	379.663
AT4G33120.1	1383	1184	6.64235	1.83319
AT4G27170.1	688	489	0	0
AT2G37660.1	1328	1129	1149	332.556
AT5G53905.1	507	308	8.76897	9.30328
ATCG01020.1	159	7.91627	0	0
AT2G15760.1	1395	1196	16	4.37147
AT2G07701.1	321	122	0	0
AT5G07130.2	2162	1963	25.4935	4.24373
AT5G07130.1	1854	1655	5.50649	1.08722
AT5G07130.3	1901	1702	0	0
AT1G48970.1	2441	2242	82	11.9513
AT1G48970.2	2170	1971	0	0
AT5G53070.1	1061	862	60	22.7448
AT3G59980.1	1177	978	205.56	68.6813
AT3G26934.1	1401	1202	0	0
AT4G26400.2	1622	1423	39.6793	9.11166
AT4G26400.1	1683	1484	15.3207	3.37351
AT4G23510.2	2371	2172	12	1.80534
AT4G23510.3	2203	2004	0	0
AT4G23510.1	1925	1726	0	0
AT2G03937.1	180	11.1077	0	0
AT2G03937.2	366	167	0	0
AT3G24516.1	189	13.1915	0	0
AT4G04601.1	159	7.91627	0	0
AT4G38570.2	1050	851	0	0
AT4G38570.4	1033	834	0	0
AT4G38570.1	1130	931	31	10.8805
AT4G38570.3	1186	987	0	0
AT3G24310.1	1288	1089	2	0.600123
AT4G04490.1	2268	2069	6	0.947609
AT3G20898.1	919	720	13	5.89996
AT4G20550.1	1094	895	0	0
AT4G16260.1	1445	1246	71	18.62
AT4G16260.2	1373	1174	2.00042e-06	5.56791e-07
AT5G27944.1	675	476	0	0
AT5G64840.1	2874	2675	1814	221.591
AT5G57650.1	321	122	0	0
AT5G16300.2	3332	3133	0.122137	0.0127387
AT5G16300.4	3297	3098	0.0409209	0.00431621
AT5G16300.1	3677	3478	272.837	25.6337
AT5G16300.3	3168	2969	0	0
AT3G54700.2	1646	1447	0	0
AT3G54700.1	2002	1803	0	0
AT1G55020.1	3049	2850	186	21.3259
AT3G08960.2	4139	3940	23.9514	1.98643
AT3G08960.1	3810	3611	148.049	13.3972
AT3G08960.3	3904	3705	0	0
AT4G26950.1	1108	909	14.9016	5.35684
AT4G26950.2	986	787	8.09836	3.36249
AT1G04280.2	2510	2311	0	0
AT1G04280.1	2362	2163	113	17.0711
AT4G05440.1	1423	1224	34.4789	9.20471
AT4G05440.2	1139	940	3.52113	1.22403
AT3G50050.1	2441	2242	26	3.78945
AT4G38060.3	1941	1742	29.9951	5.62654
AT4G38060.1	2201	2002	7.16957	1.17022
AT4G38060.2	1316	1117	38.8353	11.3609
AT4G38060.4	932	733	0	0
AT3G01880.1	1779	1580	0	0
AT1G76830.1	1262	1063	0	0
AT5G36310.1	348	149	0	0
AT2G03500.1	2100	1901	34	5.84434
AT4G37040.1	1400	1201	185.941	50.5906
AT5G17240.2	1644	1445	18.2862	4.13517
AT5G17240.1	1565	1366	1.71382	0.40997
AT3G13710.1	2294	2095	0	0
AT2G12935.1	444	245	0	0
AT5G64880.1	1049	850	32	12.3018
AT3G21510.1	1437	1238	127	33.5213
AT2G01290.1	1667	1468	263.852	58.7317
AT5G65230.1	1355	1156	7	1.97869
AT5G18100.1	708	509	46	29.531
AT5G18100.2	476	277	0	0
AT5G19260.1	1332	1133	30	8.65226
AT3G27720.1	1482	1283	0	0
AT1G67780.2	1956	1757	14	2.60372
AT1G67780.1	1721	1522	4.51633e-06	9.69637e-07
AT4G33250.1	1287	1088	413	124.039
AT5G60960.1	1944	1745	295	55.2414
AT3G42180.5	2368	2169	1.39396	0.210005
AT3G42180.3	812	613	6.94017	3.69954
AT3G42180.4	1531	1332	3.933	0.964847
AT3G42180.1	1471	1272	16.7329	4.29855
AT5G64490.1	1084	885	0	0
AT1G08230.4	2993	2794	0	0
AT1G08230.2	1696	1497	32.7699	7.15307
AT1G08230.6	1786	1587	0	0
AT1G08230.3	1674	1475	0.0122704	0.00271836
AT1G08230.5	2900	2701	29.2178	3.53477
AT1G67510.1	2500	2301	52	7.38457
AT2G21280.1	1335	1136	251.977	72.4804
AT2G21280.2	1507	1308	38.0233	9.49904
AT1G23160.1	1904	1705	3	0.574957
AT5G56990.1	1011	812	6	2.41454
AT5G56990.2	1030	831	0	0
AT4G09600.1	640	441	0	0
AT1G45015.1	766	567	0	0
AT1G45015.2	616	417	0	0
AT2G24700.1	1956	1757	22	4.09156
AT5G60940.2	1979	1780	7.50371	1.37751
AT5G60940.1	1887	1688	46.4963	9.00086
AT1G52830.1	857	658	2	0.993213
AT1G70230.1	1789	1590	116	23.8396
AT1G54250.1	901	702	64.1422	29.8569
AT1G55170.1	1219	1020	31	9.93116
AT4G01320.1	1795	1596	240.705	49.2823
AT4G01320.3	1893	1694	12.2947	2.37161
AT4G01320.2	2029	1830	0	0
AT4G15310.1	1592	1393	3	0.703734
AT1G19010.1	1390	1191	16.3236	4.4786
AT1G19010.2	1514	1315	6.67642	1.65904
AT2G21490.1	862	663	0	0
AT2G28880.1	3177	2978	75	8.22953
AT4G18910.1	1383	1184	52	14.3513
AT4G18910.2	874	675	0	0
AT1G56110.1	1899	1700	765	147.045
AT1G14510.1	1697	1498	200.262	43.6842
AT2G14395.1	720	521	0	0
AT1G63370.1	1443	1244	0	0
AT1G63370.2	1253	1054	4.19172	1.29954
AT2G24340.1	969	770	0	0
AT3G23590.1	4328	4129	211	16.6984
AT1G58242.1	407	208	0	0
AT1G36370.1	2158	1959	262	43.7024
AT5G42180.1	1231	1032	35	11.0822
AT5G43610.1	1768	1569	0	0
AT3G25540.1	1678	1479	116.544	25.7491
AT3G25540.3	1682	1483	5.24703	1.15614
AT3G25540.2	1763	1564	9.20867	1.92397
AT2G26820.4	1647	1448	9.1204	2.05818
AT2G26820.3	1727	1528	13.1817	2.81894
AT2G26820.1	1392	1193	4.69792	1.28678
AT2G26820.2	2024	1825	0	0
AT2G37010.2	3706	3507	0	0
AT2G37010.1	3706	3507	0	0
AT3G09520.1	2372	2173	10	1.50376
AT2G30750.1	1494	1295	48	12.1118
AT4G11393.1	533	334	1	0.978345
AT1G66960.3	2650	2451	12	1.59984
AT1G66960.1	2713	2514	0	0
AT1G66960.4	2680	2481	1.03223e-05	1.35953e-06
AT1G66960.2	2943	2744	0	0
AT4G16580.1	2155	1956	110	18.3765
AT2G05810.1	2334	2135	31.9583	4.8913
AT2G05810.2	2031	1832	59.0417	10.531
AT5G07540.2	930	731	0	0
AT5G07540.1	1090	891	0	0
AT5G50560.1	607	408	18.5	14.8166
AT3G51960.1	993	794	2.83846	1.16816
AT3G51960.3	1386	1187	0	0
AT3G51960.2	1253	1054	12.1615	3.77039
AT2G29040.1	2656	2457	0	0
AT5G13295.1	354	155	0	0
AT3G48195.1	3322	3123	84	8.78913
AT1G71140.1	1822	1623	10	2.01335
AT5G43600.1	1875	1676	110	21.4465
AT5G33355.1	585	386	5.58304	4.72631
AT5G58390.1	1396	1197	66	18.0172
AT5G37320.1	1623	1424	0	0
AT4G34150.1	1427	1228	229	60.9362
AT3G09020.1	1315	1116	10	2.92802
AT1G48240.2	1605	1406	0	0
AT1G48240.1	1483	1284	92	23.4132
AT5G43840.1	1056	857	0	0
AT2G32910.1	2406	2207	148	21.9128
AT2G34160.1	836	637	53	27.1878
AT3G43880.1	264	65.044	0	0
AT1G28510.1	1107	908	104	37.4271
AT5G36925.1	879	680	11	5.28594
AT5G22310.1	2093	1894	18	3.1055
AT2G03932.1	273	74.0093	0	0
AT1G71050.1	1030	831	17	6.68477
AT1G63160.1	1379	1180	27	7.47687
AT5G24560.1	808	609	0	0
AT4G24230.2	1697	1498	0	0
AT4G24230.5	1263	1064	9.89567e-07	3.03908e-07
AT4G24230.1	1698	1499	46.9979	10.2451
AT4G24230.3	1372	1173	0	0
AT4G24230.6	1288	1089	0.00206087	0.000618387
AT4G24230.4	1293	1094	1.01684e-05	3.03721e-06
AT1G57860.1	786	587	395.502	220.165
AT4G04640.1	1528	1329	3262	802.042
AT3G43860.2	2146	1947	0	0
AT3G43860.1	2241	2042	0	0
AT1G49110.1	888	689	0	0
AT5G49070.1	1395	1196	3	0.81965
AT5G49070.2	1291	1092	0	0
AT4G33870.1	1366	1167	0	0
AT4G10630.1	1116	917	11	3.91978
AT1G69620.1	808	609	1156	620.267
AT1G67850.6	1909	1710	26.7188	5.10574
AT1G67850.7	1781	1582	29.2813	6.04814
AT1G67850.1	1933	1734	0	0
AT1G67850.4	2086	1887	0	0
AT1G67850.3	2229	2030	0	0
AT1G67850.2	2070	1871	0	0
AT1G67850.5	2041	1842	0	0
AT5G08350.1	1675	1476	15.1073	3.34456
AT2G45760.1	892	693	0	0
ATMG01120.1	273	74.0093	0	0
AT3G23260.1	1242	1043	1	0.313295
AT5G43670.1	2944	2745	67	7.97574
AT4G26160.1	958	759	26	11.1936
AT1G15950.2	1331	1132	1.14806e-08	3.31403e-09
AT1G15950.5	953	754	0	0
AT1G15950.4	986	787	0	0
AT1G15950.6	932	733	17.8482	7.95664
AT1G15950.7	1184	985	0	0
AT1G15950.3	1136	937	285.174	99.4507
AT1G15950.1	1458	1259	810.724	210.419
AT5G55970.2	1912	1713	32	6.10423
AT5G55970.1	2150	1951	0	0
AT5G55970.3	2093	1894	0	0
AT5G41240.1	2164	1965	42.2794	7.03079
AT2G37790.1	1284	1085	63	18.9736
AT1G52430.1	3878	3679	0	0
AT1G52430.2	3786	3587	0	0
AT4G35870.1	2870	2671	63	7.70735
AT4G29440.2	3626	3427	82	7.81876
AT4G29440.1	3700	3501	0	0
AT1G77510.1	1888	1689	271	52.4298
AT3G60120.1	2029	1830	0	0
AT5G53010.2	2544	2345	9.26248	1.29069
AT5G53010.1	3458	3259	46.7375	4.68619
AT4G08460.4	1381	1182	83.8891	23.1914
AT4G08460.1	1561	1362	0	0
AT4G08460.2	1148	949	75.6636	26.0531
AT4G08460.3	1626	1427	10.4473	2.39232
AT1G18550.1	2640	2441	37	4.95305
AT5G37475.3	1548	1349	3.21655	0.779141
AT5G37475.2	1662	1463	5.48563	1.22524
AT5G37475.1	1175	976	168.298	56.3465
AT3G27700.1	3912	3713	48.3534	4.2554
AT3G27700.2	3526	3327	67.6734	6.64666
AT4G09490.1	534	335	3	2.92627
AT1G52140.1	1061	862	32	12.1306
AT5G57870.1	2980	2781	1148.49	134.947
AT5G57870.2	2936	2737	1.51089	0.180384
AT4G03180.2	584	385	0	0
AT4G03180.1	1004	805	91	36.9389
AT5G48090.3	2915	2716	0	0
AT5G48090.1	2781	2582	2	0.253112
AT5G48090.2	2956	2757	0	0
ATMG00320.1	384	185	0	0
AT5G01320.1	2095	1896	2	0.344691
AT5G58010.1	1323	1124	25	7.26795
AT4G17190.3	1385	1186	0	0
AT4G17190.1	1352	1153	49.0638	13.905
AT4G17190.2	1305	1106	45.9362	13.5718
AT4G34100.1	3934	3735	256.191	22.4136
AT4G34100.2	3657	3458	209.809	19.8261
AT2G20784.1	260	61.0822	0	0
AT2G03880.1	2192	1993	7	1.1477
AT5G36460.1	357	158	0	0
AT5G11030.4	2445	2246	0	0
AT5G11030.5	2433	2234	0	0
AT5G11030.2	2109	1910	0	0
AT5G11030.8	2212	2013	14.4192	2.34064
AT5G11030.7	2605	2406	0	0
AT5G11030.1	2037	1838	0	0
AT5G11030.6	2040	1841	31.3711	5.56819
AT5G11030.3	1940	1741	6.20973	1.1655
AT5G11030.9	1359	1160	0	0
AT5G11425.1	210	20.9285	0	0
AT1G19200.1	732	533	4.55556	2.79288
AT1G19200.2	1101	902	2.44444	0.885548
AT5G46960.1	669	470	0	0
AT5G66400.2	881	682	4	1.91652
AT5G66400.1	1069	870	0	0
AT5G02320.1	2056	1857	0	0
AT5G02320.3	1736	1537	14.5628	3.09607
AT5G02320.2	2343	2144	3.53213	0.538331
AT4G09840.1	693	494	0	0
AT4G09840.2	846	647	3	1.51515
AT2G07734.1	1388	1189	0	0
AT3G51860.1	1927	1728	17.8803	3.38119
AT3G51860.2	1902	1703	10.1197	1.94174
AT5G65609.1	529	330	2	1.98041
AT3G09940.2	1473	1274	35.5333	9.11391
AT3G09940.1	1593	1394	46.4667	10.8922
ATMG00480.1	477	278	0.5	0.587711
AT4G14250.1	1146	947	0	0
AT4G17050.1	1235	1036	118	37.2186
AT3G03540.1	1695	1496	0	0
AT1G06950.1	3441	3242	1152	116.112
AT2G29790.1	713	514	0	0
AT2G29790.3	483	284	0	0
AT2G29790.2	379	180	0	0
AT5G49900.3	3569	3370	18.7225	1.8154
AT5G49900.2	2570	2371	29.2775	4.03497
AT5G49900.1	3445	3246	1.07089e-08	1.07804e-09
AT3G11150.2	1208	1009	0	0
AT3G11150.1	1352	1153	5	1.41703
AT2G16005.1	819	620	0	0
AT5G08040.1	754	555	106	62.4096
AT4G20340.2	1995	1796	18.1414	3.30068
AT4G20340.3	1399	1200	8.02616	2.18557
AT4G20340.1	1896	1697	23.8324	4.58907
AT4G39340.1	384	185	4	7.06524
AT4G33330.5	2030	1831	0	0
AT4G33330.4	2111	1912	0	0
AT4G33330.3	2186	1987	0	0
AT4G33330.2	1890	1691	8	1.54591
AT4G33330.1	1930	1731	0	0
AT5G57810.1	1210	1011	0	0
AT5G63960.1	3540	3341	79	7.72661
AT5G63960.2	3518	3319	0	0
AT4G36490.1	2126	1927	0	0
AT2G34325.1	1172	973	2	0.671669
AT1G07350.1	1573	1374	88.567	21.0632
AT1G07350.6	1860	1661	62.6372	12.3226
AT1G07350.4	1973	1774	0.484798	0.0892988
AT1G07350.5	1816	1617	0	0
AT1G07350.3	1737	1538	0	0
AT1G07350.2	1590	1391	96.311	22.6249
AT3G04290.1	1575	1376	522	123.963
AT4G10520.1	2338	2139	0	0
AT5G03540.2	2328	2129	48.977	7.51718
AT5G03540.3	2286	2087	0	0
AT5G03540.1	2427	2228	172.023	25.2296
AT1G58220.1	2947	2748	78	9.27505
AT1G58220.2	2739	2540	0	0
AT1G02580.1	2341	2142	0	0
AT1G02580.2	1819	1620	1	0.201708
AT2G45450.1	967	768	47	19.9975
AT2G26695.1	821	622	3	1.57605
AT2G26695.2	937	738	0	0
AT3G56210.2	1522	1323	42.9109	10.5985
AT3G56210.5	1616	1417	34.7887	8.02244
AT3G56210.4	1564	1365	0	0
AT3G56210.1	1763	1564	3.30041	0.689556
AT3G31350.1	501	302	0	0
AT3G11430.1	2000	1801	31	5.62453
AT1G50740.1	819	620	33	17.3924
AT5G58780.1	1095	896	9	3.28226
AT2G05642.1	1889	1690	2	0.386707
AT3G47110.1	3735	3536	9	0.831704
AT5G61570.1	1992	1793	28.8264	5.25349
AT5G61570.2	1681	1482	25.1736	5.55055
AT1G18880.1	1970	1771	134.994	24.9077
AT3G05720.1	1815	1616	2	0.404415
AT3G05720.2	1607	1408	0	0
AT3G05320.3	2139	1940	6.32683	1.06567
AT3G05320.2	2387	2188	0	0
AT3G05320.1	1522	1323	30.6854	7.57896
AT2G21090.1	2207	2008	44	7.16024
AT4G30500.1	973	774	8	3.37744
AT5G48070.1	1406	1207	58	15.7021
AT2G34140.1	1095	896	18	6.56452
AT5G10710.3	1449	1250	0	0
AT5G10710.1	1450	1251	17.2922	4.5168
AT5G10710.2	1579	1380	13.7078	3.24585
AT5G63080.1	1637	1438	37	8.40778
AT1G29370.2	2546	2347	46.7208	6.50482
AT1G29370.1	2887	2688	406.865	49.4606
AT3G33530.1	4259	4060	32.0704	2.58117
AT3G33530.3	4390	4191	0	0
AT3G33530.2	4154	3955	0	0
AT3G33530.4	4253	4054	268.93	21.6767
AT3G33530.5	3823	3624	0	0
ATMG01275.1	387	188	0	0
AT4G03070.1	1222	1023	33	10.5409
AT3G18210.2	1631	1432	14.264	3.25489
AT3G18210.1	1756	1557	74.736	15.6848
AT3G01410.2	1290	1091	0.0153355	0.00459317
AT3G01410.1	1410	1211	38.9847	10.5193
AT1G32480.1	908	709	0	0
AT5G01230.1	2032	1833	9.93514	1.77113
AT5G01230.2	1515	1316	36.0649	8.95502
AT5G13360.1	2211	2012	83.6971	13.5932
AT5G13360.2	2121	1922	22.7006	3.85943
AT5G13360.3	2373	2174	19.2047	2.8866
AT1G04030.2	1519	1320	12.2807	3.04009
AT1G04030.1	1854	1655	8.42462	1.66338
AT5G24530.1	1478	1279	106	27.0816
ATCG00590.1	96	4.14046	0	0
AT3G15115.1	1391	1192	27	7.4016
AT4G09110.1	1308	1109	6	1.7679
AT5G56200.1	1950	1751	4	0.74647
AT5G24830.1	2617	2418	47	6.35155
AT1G66500.1	1582	1383	25.5981	6.04818
AT5G13970.1	1467	1268	43	11.0812
AT1G02050.1	1540	1341	21	5.11716
AT1G34580.1	1972	1773	7	1.29011
AT1G34580.2	2032	1833	0	0
AT2G39320.1	685	486	0	0
AT2G36200.2	3457	3258	0	0
AT2G36200.1	3507	3308	139	13.7305
AT5G08530.1	2067	1868	959	167.757
AT3G61980.1	967	768	24	10.2115
AT4G30930.1	1293	1094	112	33.4533
AT1G16210.1	1264	1065	181	55.5351
AT5G44330.1	1410	1211	0	0
AT3G12970.1	1671	1472	34	7.54761
AT5G52990.1	1467	1268	14	3.60784
AT1G77810.2	1462	1263	20.054	5.18843
AT1G77810.1	1282	1083	10.946	3.30268
AT2G03290.1	912	713	2	0.916598
AT3G61150.1	3145	2946	94	10.4264
AT3G08650.1	2390	2191	156.783	23.3827
AT3G08650.2	2155	1956	118.217	19.7493
AT3G48231.1	439	240	0	0
AT2G28630.2	2162	1963	26.6169	4.43074
AT2G28630.1	1867	1668	19.3831	3.79721
AT5G23950.2	1123	924	4	1.41458
AT5G23950.1	1006	807	0	0
AT5G45110.1	2556	2357	63	8.73412
AT5G45110.2	2622	2423	0	0
AT2G47040.1	2258	2059	0	0
AT2G39210.1	2330	2131	132	20.2409
AT1G04820.1	1971	1772	1786.57	329.453
AT1G71866.2	672	473	0	0
AT1G71866.1	1035	836	2	0.78174
AT1G33050.4	2692	2493	52.642	6.89998
AT1G33050.2	2695	2496	0	0
AT1G33050.6	2665	2466	0	0
AT1G33050.5	2677	2478	0.810892	0.10693
AT1G33050.3	2778	2579	0	0
AT1G33050.1	2624	2425	92.5472	12.4707
AT3G42770.1	1599	1400	0	0
AT1G64355.1	1106	907	53.1641	19.1536
AT1G64355.3	1046	847	0	0
AT1G64355.2	1037	838	24.8359	9.68442
AT3G02270.1	2031	1832	0	0
AT5G07380.2	2193	1994	0	0
AT5G07380.4	2017	1818	0	0
AT5G07380.6	1681	1482	0	0
AT5G07380.5	1980	1781	0	0
AT5G07380.3	2153	1954	7	1.17061
AT5G07380.1	2243	2044	0	0
AT5G62320.1	1054	855	0	0
AT1G42525.1	894	695	0	0
AT1G42525.2	873	674	0	0
AT4G15910.1	918	719	170	77.2607
AT3G44718.1	204	18.2087	0	0
AT3G04010.1	2501	2302	23.5705	3.34581
AT5G40280.1	1676	1477	37	8.18577
AT5G40280.2	1723	1524	0	0
AT2G18400.1	643	444	62	45.6296
AT3G42786.1	780	581	0	0
AT3G25655.1	645	446	1	0.732662
AT1G07130.1	958	759	20	8.61046
AT4G08590.4	1864	1665	0	0
AT4G08590.3	1866	1667	0	0
AT4G08590.6	1766	1567	0	0
AT4G08590.2	1615	1416	4.3871	1.0124
AT4G08590.5	1845	1646	0	0
AT4G08590.1	1801	1602	8.6129	1.75681
AT2G44080.1	1287	1088	61	18.3206
AT5G07070.1	2112	1913	18	3.07465
AT1G51240.1	577	378	0	0
AT5G10790.2	2203	2004	24.2906	3.96077
AT5G10790.1	2508	2309	30.282	4.28547
AT3G03180.3	877	678	0	0
AT3G03180.2	884	685	7	3.33923
AT3G03180.1	942	743	0	0
AT2G28350.2	2730	2531	0	0
AT2G28350.1	2801	2602	97	12.1816
AT4G38080.1	969	770	207	87.8452
AT4G08980.5	1084	885	167.427	61.819
AT4G08980.4	1497	1298	35.717	8.99163
AT4G08980.1	1891	1692	12.3461	2.38434
AT4G08980.2	2388	2189	73.468	10.9671
AT4G08980.3	1516	1317	6.04143	1.49897
AT5G20620.2	1344	1145	23.8918	6.81838
AT5G20620.1	1508	1309	185.302	46.2571
AT2G45650.1	1317	1118	0	0
AT1G60080.1	1495	1296	47	11.8504
AT5G17860.2	1882	1683	16	3.10652
AT5G17860.1	2139	1940	0	0
AT2G44030.1	1143	944	0	0
AT5G11660.1	927	728	0	0
AT4G14810.1	261	62.0706	0	0
AT5G19380.2	1881	1682	0	0
AT5G19380.1	1817	1618	40	8.0783
AT1G79670.1	2437	2238	38.3219	5.59533
AT1G79670.2	2145	1946	10.6781	1.79304
AT4G14230.1	2125	1926	49	8.31339
AT3G55580.1	1742	1543	29	6.14144
AT1G68170.1	1079	880	0	0
AT1G68170.2	1719	1520	0	0
AT2G33793.3	1204	1005	0	0
AT2G33793.1	1094	895	19	6.93696
AT2G33793.2	1472	1273	0	0
AT3G49990.1	1925	1726	262	49.602
AT5G18260.1	1427	1228	87	23.1504
AT1G28590.1	1488	1289	1	0.253504
AT5G38450.1	1899	1700	5	0.96108
AT5G38450.2	1348	1149	0	0
AT1G17450.2	6174	5975	55.5862	3.03995
AT1G17450.3	6266	6067	30.4125	1.63801
AT1G17450.1	5262	5063	0.00133577	8.6211e-05
AT1G61630.1	1290	1091	0	0
AT3G60190.1	2398	2199	130	19.3177
AT1G30670.1	933	734	0	0
AT1G22180.2	1331	1132	13.2988	3.83887
AT1G22180.3	1802	1603	0	0
AT1G22180.4	1624	1425	2.93059	0.672014
AT1G22180.1	1101	902	22.7706	8.24911
AT1G36925.1	531	332	0	0
AT3G01080.1	1464	1265	2	0.516628
AT3G01080.2	1801	1602	0	0
AT3G01080.3	1739	1540	0	0
AT5G66820.1	1784	1585	89	18.3484
AT5G08240.1	1521	1322	17	4.202
AT3G12145.1	1482	1283	75	19.1017
AT5G19940.1	1085	886	1174	432.985
AT5G19940.2	987	788	0	0
AT1G01300.1	2062	1863	381	66.8268
AT2G43790.1	1714	1515	246	53.0592
AT1G48050.1	2543	2344	11.5412	1.6089
AT1G48050.2	2374	2175	63.7539	9.57825
AT1G48050.3	2223	2024	1.73058	0.279395
AT4G02860.1	1307	1108	159	46.8917
AT5G41120.1	2328	2129	14.2844	2.19243
AT5G41120.2	2359	2160	8.86371e-07	1.34091e-07
AT5G41120.3	2343	2144	0.00451308	0.000687839
AT2G16880.1	2526	2327	73	10.251
AT5G45190.3	2492	2293	0	0
AT5G45190.2	2150	1951	128.601	21.5391
AT5G45190.1	2692	2493	18.3985	2.41157
AT4G15396.1	1612	1413	0	0
AT4G15396.3	1665	1466	0	0
AT4G15396.2	1534	1335	0	0
AT4G15396.4	1317	1118	7.22559	2.11188
AT1G44830.1	870	671	10	4.86985
AT4G16180.2	3368	3169	201	20.7258
AT4G16180.1	1172	973	0	0
AT3G17030.1	2341	2142	23	3.5087
AT1G36310.2	1672	1473	0	0
AT1G36310.1	1621	1422	170	39.065
AT3G46086.1	117	4.91545	0	0
AT4G22580.1	1711	1512	57	12.3186
AT1G50880.1	840	641	0	0
AT4G14465.1	1815	1616	156	31.5444
AT3G10350.2	1601	1402	7.13362	1.66265
AT3G10350.1	1929	1730	144.207	27.2383
AT1G56320.1	706	507	21	13.5347
AT3G17440.1	1436	1237	114.185	30.1631
AT3G17440.2	1371	1172	31.8154	8.8705
AT1G12430.2	3224	3025	61.7989	6.67565
AT1G12430.1	3408	3209	87.2011	8.87954
AT3G51171.1	1204	1005	1	0.325141
AT1G69280.2	2730	2531	16.0162	2.06778
AT1G69280.3	2743	2544	0	0
AT1G69280.1	2635	2436	0	0
AT1G36950.1	681	482	0	0
AT4G09090.1	522	323	0	0
AT4G33380.1	1620	1421	191	43.9215
AT4G33380.2	1632	1433	0	0
AT3G60100.3	1717	1518	0	0
AT3G60100.2	1769	1570	0	0
AT3G60100.1	1754	1555	0	0
AT4G35100.1	1603	1404	309.543	72.0431
AT4G35100.2	1222	1023	1958.57	625.606
AT1G48870.2	2479	2280	0	0
AT1G48870.3	1843	1644	0	0
AT1G48870.1	2579	2380	8	1.09838
AT3G50840.2	1944	1745	20.2409	3.7903
AT3G50840.3	2247	2048	6.75908	1.07844
AT3G50840.1	2218	2019	0	0
AT4G17895.1	2626	2427	64	8.61685
AT2G01540.1	1215	1016	30	9.64864
AT1G02380.1	1317	1118	6	1.75367
AT2G34770.1	1142	943	178	61.6803
AT2G25055.1	186	12.4336	0	0
AT2G03230.1	459	260	0	0
AT5G05270.1	1333	1134	48.2553	13.905
AT5G05270.2	1145	946	374.745	129.444
AT3G15010.1	2750	2551	103.537	13.2624
AT3G15010.2	3293	3094	111.463	11.772
AT5G17847.1	129	5.5143	0	0
AT2G27930.1	1065	866	0	0
AT2G27930.5	1173	974	4.90854	1.64676
AT2G27930.3	1639	1440	3.09014	0.70122
AT2G27930.4	1180	981	0.00132012	0.000439727
AT2G27930.6	1058	859	0	0
AT2G27930.2	1503	1304	0	0
AT1G70700.3	1329	1130	80.1504	23.1775
AT1G70700.2	1175	976	31.8519	10.6641
AT1G70700.1	1772	1573	11.9977	2.49234
AT4G14680.2	1941	1742	20.2832	3.80475
AT4G14680.1	1917	1718	69.758	13.2681
AT1G01230.1	876	677	63	30.4082
AT5G11480.1	1327	1128	218	63.1518
AT5G14060.3	2311	2112	182.399	28.2206
AT5G14060.1	2393	2194	169.375	25.2262
AT5G14060.2	2380	2181	181.226	27.1521
AT3G61190.1	1183	984	6	1.99248
AT3G61190.2	1213	1014	0	0
AT5G42797.1	246	47.5399	0	0
AT3G01185.1	830	631	0	0
AT4G36250.1	2026	1827	518	92.6466
AT1G73370.3	3301	3102	0	0
AT1G73370.1	3425	3226	17.3441	1.75681
AT1G73370.2	3053	2854	56.6559	6.48679
AT1G43722.1	975	776	0	0
AT5G08020.1	2147	1948	67	11.2389
AT5G64570.3	2144	1945	0	0
AT5G64570.1	2946	2747	411.921	48.9997
AT5G64570.2	3328	3129	7.07888	0.739261
AT5G44000.1	1492	1293	69	17.4377
AT5G04810.1	3166	2967	265	29.1855
AT5G04810.2	3124	2925	4.84723e-05	5.41509e-06
AT5G54750.2	965	766	0	0
AT5G54750.1	929	730	111.947	50.1104
AT5G47180.1	1753	1554	0	0
AT5G47180.2	1516	1317	75	18.6086
AT5G26920.3	2293	2094	0	0
AT5G26920.1	2202	2003	0	0
AT5G26920.2	2149	1950	39	6.53534
AT2G40340.2	2215	2016	0	0
AT2G40340.5	1507	1308	0	0
AT2G40340.1	1661	1462	0	0
AT2G40340.3	1532	1333	0	0
AT2G40340.4	1762	1563	0	0
AT2G40340.6	1479	1280	2	0.510574
AT2G03620.1	1652	1453	43	9.67033
AT2G03620.2	1963	1764	0	0
AT4G37950.2	2291	2092	0	0
AT4G37950.1	2379	2180	0	0
AT5G01370.1	1585	1386	42	9.90203
AT5G03260.1	1937	1738	105	19.7414
AT1G53890.1	1615	1416	3.09903	0.715156
AT1G53890.2	1161	962	0.237424	0.080647
AT1G53890.4	1708	1509	0	0
AT1G53890.5	1554	1355	0	0
AT1G53890.3	863	664	10.3559	5.09635
AT5G27470.1	1740	1541	460	97.5424
AT1G56150.1	812	613	25	13.3266
AT3G24440.2	2398	2199	102.672	15.2568
AT3G24440.1	2542	2343	28.3283	3.95081
AT3G27500.3	2260	2061	0	0
AT3G27500.1	2464	2265	0	0
AT3G27500.2	2350	2151	7	1.0634
AT1G75520.1	1668	1469	17	3.78151
AT1G34170.2	1857	1658	0	0
AT1G34170.1	1935	1736	0	0
AT1G34170.3	1641	1442	0	0
AT3G28330.1	1194	995	0	0
AT2G29970.1	3687	3488	272	25.4818
AT4G10790.1	1763	1564	134	27.9967
AT4G35520.6	3432	3233	0	0
AT4G35520.2	3727	3528	0	0
AT4G35520.7	2910	2711	0	0
AT4G35520.8	2806	2607	0	0
AT4G35520.5	3474	3275	0	0
AT4G35520.3	3646	3447	8	0.75838
AT4G35520.4	3276	3077	0	0
AT4G35520.1	3468	3269	0	0
AT2G24180.1	1830	1631	206	41.2716
AT3G05640.2	1648	1449	30	6.76536
AT3G05640.1	1780	1581	0	0
AT3G05640.3	1621	1422	0	0
AT5G16130.1	989	790	1308.59	541.272
AT4G20555.1	789	590	0	0
AT1G42470.1	4533	4334	106	7.992
AT2G39770.2	1456	1257	559.489	145.444
AT2G39770.3	1567	1368	14.1187	3.37246
AT2G39770.1	1660	1461	266.392	59.5812
AT3G58810.1	2041	1842	64.0192	11.3569
AT3G58810.2	2059	1860	106.981	18.7945
AT1G43140.1	2166	1967	1	0.166125
AT1G77980.1	1489	1290	0	0
AT2G46890.1	1245	1046	54	16.8694
AT3G29100.1	1536	1337	0	0
AT3G29100.2	1323	1124	0	0
AT3G29100.4	1389	1190	6.41509	1.76155
AT3G29100.3	1018	819	4.58491	1.8293
AT3G29100.5	1065	866	0	0
AT5G49240.1	879	680	0	0
AT2G03955.1	373	174	0	0
AT1G25400.1	1727	1528	3.18998	0.682186
AT1G25400.2	1248	1049	13.81	4.30187
AT1G60270.1	1732	1533	129.086	27.5154
AT1G60270.2	1738	1539	40.9011	8.6843
AT5G57350.4	3274	3075	0.012439	0.00132184
AT5G57350.2	3220	3021	272.948	29.5235
AT5G57350.3	3004	2805	7.14875e-08	8.32791e-09
AT5G57350.1	3337	3138	392.04	40.824
AT5G32613.1	1374	1175	0	0
AT2G45110.1	959	760	0	0
AT1G23260.2	1017	818	0	0
AT1G23260.1	984	785	111	46.2053
AT1G09790.2	1665	1466	3	0.668691
AT1G09790.1	1451	1252	0	0
AT3G58710.1	1249	1050	4.13137	1.28571
AT3G58710.2	1247	1048	36.8686	11.4957
AT5G65100.1	1701	1502	1	0.217555
AT4G19410.1	1475	1276	630.554	161.477
AT4G19410.2	1933	1734	35.4265	6.67602
AT4G02790.1	1497	1298	155	39.0207
AT3G46840.1	2217	2018	0	0
AT2G47470.2	1506	1307	245.268	61.3203
AT2G47470.1	1667	1468	262.661	58.4666
AT2G47470.4	1423	1224	0	0
AT2G47470.3	1499	1300	141.071	35.4595
AT2G22120.2	1338	1139	7.5297	2.16019
AT2G22120.1	1540	1341	46.4703	11.3236
AT1G78110.1	1705	1506	34	7.37721
AT1G80080.1	1831	1632	121	24.2272
AT1G17500.2	3953	3754	77.4349	6.74033
AT1G17500.1	4537	4338	96.5651	7.27393
AT1G50780.1	1051	852	0	0
AT1G21150.2	1653	1454	14.4677	3.25141
AT1G21150.3	1251	1052	0.532338	0.165352
AT1G21150.1	1469	1270	0	0
AT3G04990.1	727	528	0	0
AT4G26620.1	2074	1875	103.743	18.0798
AT1G31480.1	3202	3003	71.4891	7.77899
AT4G15880.1	2051	1852	109	19.232
AT4G15880.2	2025	1826	4.88498e-06	8.74179e-07
AT1G32660.1	1341	1142	0	0
AT2G23060.2	1511	1312	0	0
AT2G23060.1	1404	1205	8	2.16941
AT4G25160.1	3101	2902	5	0.563003
AT2G39570.1	1840	1641	134	26.683
AT1G17260.1	2844	2645	12	1.4825
AT1G32120.1	3886	3687	30	2.6588
AT4G30280.1	1263	1064	73.0532	22.4355
AT4G10050.1	1472	1273	37.5779	9.64589
AT4G10050.2	1458	1259	23.4221	6.07909
AT2G02180.1	1599	1400	121	28.242
AT2G42690.1	1389	1190	314	86.2226
AT3G19660.1	1153	954	17	5.82289
AT1G74458.1	864	665	10	4.91379
AT4G01595.1	762	563	13.4197	7.78882
AT3G56390.1	344	145	0	0
AT1G55530.1	1780	1581	138.429	28.6109
AT1G55530.2	1961	1762	0	0
AT1G55530.3	1563	1364	15.5714	3.73037
AT1G47350.1	1587	1388	0	0
AT3G12010.1	2699	2500	209	27.3177
AT1G13300.1	1336	1137	20	5.74788
AT1G78476.1	638	439	3.22036	2.39705
AT1G15310.1	1833	1634	15	2.9997
AT1G04490.9	1608	1409	11.554	2.67953
AT1G04490.5	2031	1832	0	0
AT1G04490.4	2131	1932	0	0
AT1G04490.6	1805	1606	0	0
AT1G04490.3	2191	1992	0	0
AT1G04490.7	1769	1570	0	0
AT1G04490.2	1612	1413	0.446016	0.103145
AT1G04490.1	1663	1464	0	0
AT1G04490.8	1750	1551	0	0
AT5G02810.2	3232	3033	82.8912	8.93047
AT5G02810.1	3096	2897	185.109	20.8794
AT3G10845.1	1272	1073	0	0
AT2G33400.1	1621	1422	50.1836	11.5319
AT1G11360.2	1280	1081	16.3876	4.95368
AT1G11360.1	1615	1416	6.34934	1.46522
AT1G11360.4	1632	1433	0	0
AT1G11360.3	1424	1225	38.263	10.2066
AT2G35960.1	1147	948	166	57.2187
AT1G73960.2	4643	4444	36.3941	2.67606
AT1G73960.3	4700	4501	0	0
AT1G73960.1	4553	4354	135.606	10.1772
AT4G31570.1	8753	8554	0	0
AT4G31570.5	8738	8539	0	0
AT4G31570.2	8867	8668	0.61051	0.0230151
AT4G31570.4	8806	8607	48.8357	1.85406
AT4G31570.7	8511	8312	0	0
AT4G31570.6	8546	8347	11.4958	0.450037
AT4G31570.3	8660	8461	289.058	11.1635
AT1G44000.1	1172	973	559	187.732
AT4G28170.1	694	495	0	0
AT2G35240.1	999	800	103	42.0713
AT5G38120.3	1993	1794	0	0
AT5G38120.1	1901	1702	0	0
AT5G38120.4	1788	1589	2	0.411286
AT5G38120.2	2025	1826	0	0
AT3G16590.1	1125	926	1	0.35288
AT4G15460.3	517	318	0	0
AT4G15460.2	517	318	0	0
AT4G15460.4	407	208	0	0
AT4G15460.1	504	305	0	0
AT1G14420.1	1996	1797	1	0.18184
AT1G01710.1	1701	1502	97	21.1028
AT1G43260.1	885	686	0	0
AT2G01300.1	915	716	4	1.82551
AT1G66465.2	955	756	0	0
AT1G66465.1	1302	1103	1.63334	0.483881
AT4G00530.1	378	179	12	21.9062
AT1G72140.1	1924	1725	25	4.73576
AT2G21140.1	1331	1132	226	65.238
AT4G03565.1	792	593	0	0
AT5G63190.2	2608	2409	0.000222819	3.02241e-05
AT5G63190.1	2607	2408	185	25.1046
ATCG01250.1	1170	971	5	1.68263
AT2G28560.6	1446	1247	0	0
AT2G28560.3	1317	1118	2.38191	0.69618
AT2G28560.5	1525	1326	0	0
AT2G28560.2	1516	1317	6.61809	1.64205
AT2G28560.4	1251	1052	0	0
AT2G28560.1	1176	977	0	0
AT1G48175.6	1119	920	0	0
AT1G48175.1	1033	834	12.3022	4.82008
AT1G48175.2	1568	1369	0	0
AT1G48175.4	1383	1184	0	0
AT1G48175.5	1194	995	8.69782	2.85644
AT1G48175.3	1493	1294	0	0
AT3G18840.3	2077	1878	3	0.521992
AT3G18840.2	2100	1901	2.55968e-06	4.39989e-07
AT2G25330.1	2082	1883	0	0
AT5G32590.1	2286	2087	0	0
AT4G02300.1	1666	1467	0	0
AT3G14400.1	2758	2559	255	32.5618
AT5G65820.1	1914	1715	15	2.85802
AT5G55560.1	1328	1129	15	4.34146
AT5G42957.1	354	155	0	0
AT5G48510.1	731	532	0	0
AT4G20575.1	789	590	0	0
AT4G28365.1	919	720	0	0
AT2G41082.1	235	37.7159	0	0
AT1G52990.1	1045	846	0	0
AT1G52990.2	885	686	0	0
AT4G21320.1	1334	1135	12	3.45481
AT1G37130.1	3205	3006	3594	390.686
AT2G07785.1	902	703	0	0
AT1G44120.2	6871	6672	0	0
AT1G44120.3	6783	6584	0	0
AT1G44120.1	6345	6146	25	1.32919
AT4G01995.1	1082	883	26.2451	9.7124
AT4G01995.3	1069	870	31.6009	11.8691
AT4G01995.2	1185	986	14.154	4.69072
AT5G02190.1	1851	1652	15	2.96701
AT2G16505.1	820	621	0	0
AT5G17210.2	1157	958	0	0
AT5G17210.1	1024	825	27	10.6942
AT1G05900.2	1443	1244	63.6382	16.7161
AT1G05900.1	1548	1349	9.36181	2.2677
AT4G33735.1	21	2.72438	0	0
AT3G18035.2	2766	2567	29.91	3.8074
AT3G18035.1	2311	2112	317.09	49.0599
AT1G14750.1	2298	2099	3	0.467033
AT1G14750.4	1365	1166	0	0
AT1G14750.3	2395	2196	0	0
AT1G14750.2	1402	1203	0	0
AT5G62760.1	2359	2160	2.17696e-05	3.29333e-06
AT5G62760.4	2141	1942	15.7514	2.65039
AT5G62760.2	2302	2103	0	0
AT5G62760.3	2383	2184	27.0744	4.05083
AT5G62760.6	2364	2165	6.17419	0.931881
AT5G62760.5	3304	3105	0	0
AT1G61270.1	1592	1393	0	0
AT3G51880.2	983	784	27.1931	11.3339
AT3G51880.5	917	718	53.2581	24.2382
AT3G51880.1	1025	826	73.1572	28.9411
AT3G51880.4	822	623	0	0
AT3G51880.3	997	798	36.3917	14.9018
AT1G33750.1	2177	1978	36	5.94723
AT3G28680.1	601	402	0	0
AT1G07700.3	1539	1340	9.62552	2.34724
AT1G07700.1	1192	993	92.0595	30.2941
AT1G07700.4	1458	1259	0	0
AT1G07700.2	1123	924	140.315	49.6216
AT4G03190.1	2324	2125	203	31.2159
AT3G56660.1	2078	1879	0	0
AT4G24900.1	1561	1362	41.5972	9.97988
AT4G24900.2	1531	1332	0.402795	0.0988139
AT5G26030.1	2051	1852	281	49.5797
AT5G26030.2	1976	1777	0	0
AT4G00883.1	414	215	9.67642	14.7067
AT1G43560.1	936	737	211	93.5521
AT5G11020.3	1354	1155	0	0
AT5G11020.2	1906	1707	0	0
AT5G11020.4	1217	1018	6.06829	1.94786
AT5G11020.1	1832	1633	15.9317	3.18797
AT1G08380.1	819	620	4223	2225.71
AT5G54062.1	845	646	0	0
AT1G75230.1	2368	2169	32.7731	4.93738
AT1G75230.2	2725	2526	21.2269	2.74594
AT1G29150.2	1868	1669	0	0
AT1G29150.1	1871	1672	504	98.4992
AT1G17140.1	1497	1298	112.689	28.369
AT1G17140.2	1459	1260	64.3112	16.6784
AT4G33360.3	1122	923	24.6348	8.72138
AT4G33360.1	1352	1153	140.365	39.7803
AT4G33360.2	1369	1170	0	0
AT1G74350.1	2392	2193	9	1.34104
AT4G17920.1	1040	841	0	0
AT3G13222.1	2105	1906	101	17.3156
AT1G17270.2	1807	1608	4.43038	0.900312
AT1G17270.1	2044	1845	15.5696	2.75753
AT5G27230.1	3221	3022	8	0.865035
AT3G45390.1	2010	1811	7	1.26304
AT1G53265.1	378	179	0	0
AT4G35640.1	1624	1425	18	4.12758
AT4G00690.1	1690	1491	9	1.97244
AT3G15380.1	2375	2176	110	16.5186
AT2G38660.1	1614	1415	0	0
AT2G38660.3	1629	1430	0	0
AT2G38660.7	1893	1694	0	0
AT2G38660.6	2228	2029	2.68929	0.433106
AT2G38660.4	1187	988	15.2743	5.05175
AT2G38660.5	941	742	0	0
AT2G38660.2	1354	1155	32.0365	9.0636
AT2G38660.8	1878	1679	0	0
AT2G39725.1	811	612	3.98696	2.12877
AT2G39725.2	772	573	15.013	8.56155
AT1G22370.2	2097	1898	6	1.03298
AT1G22370.1	2421	2222	0	0
AT4G32050.1	2166	1967	49	8.14011
AT3G13600.1	2315	2116	25.5453	3.94487
AT3G13600.2	1818	1619	16.4547	3.3211
AT5G59880.2	777	578	38.2418	21.6196
AT5G59880.1	959	760	801.758	344.721
AT4G02482.1	599	400	3	2.45075
AT5G04475.1	249	50.3754	0	0
AT4G20440.2	1712	1513	0	0
AT4G20440.1	1816	1617	23.7794	4.8054
AT4G20440.4	1143	944	197.799	68.4684
AT4G20440.5	1202	1003	0	0
AT4G20440.3	1476	1277	69.4218	17.7641
AT1G50020.1	1009	810	377	152.088
AT1G51410.1	1433	1234	0	0
AT5G27810.1	788	589	0	0
AT5G07040.1	1020	821	1	0.398011
AT1G53510.1	2710	2511	319.58	41.5883
AT3G52750.3	1748	1549	20.3665	4.2964
AT3G52750.2	2014	1815	8.36268	1.50559
AT3G52750.4	1641	1442	4.17287	0.945601
AT3G52750.1	1860	1661	122.098	24.0202
AT1G24062.1	469	270	0	0
AT5G37620.1	1959	1760	2	0.371326
AT3G06150.1	2676	2477	122	16.0943
AT5G19770.1	1964	1765	1148.8	212.685
AT4G25970.1	2330	2131	142	21.7743
AT1G77760.1	3155	2956	943	104.243
AT3G24780.1	2663	2464	7	0.928316
AT4G24026.1	513	314	7.79475	8.11168
AT3G44230.1	615	416	0	0
AT1G15500.1	2180	1981	1356.74	223.795
AT4G03350.1	792	593	0	0
AT5G12430.1	4595	4396	170	12.6366
AT3G54110.1	1355	1156	273	77.1691
AT5G41250.1	1686	1487	0	0
AT1G68500.1	1009	810	7	2.82391
ATMG01300.1	411	212	0	0
AT3G03780.1	2740	2541	63.2699	8.13638
AT3G03780.3	2586	2387	2353.42	322.17
AT3G03780.2	2888	2689	1043.24	126.774
AT3G01030.1	1116	917	0	0
AT2G14880.1	961	762	191	81.9062
AT2G14880.3	1115	916	0	0
AT2G14880.2	1142	943	0	0
AT4G05360.1	2208	2009	0	0
AT3G43810.2	947	748	0	0
AT3G43810.4	1086	887	7.13645	2.62904
AT3G43810.1	1050	851	318.309	122.224
AT3G43810.3	1946	1747	4.55497	0.851982
AT3G19830.1	3324	3125	0	0
AT3G19830.3	3309	3110	53.8995	5.66321
AT3G19830.2	2732	2533	104.101	13.4294
AT3G19830.4	2698	2499	0	0
AT5G09805.1	743	544	2	1.20135
AT3G54060.2	1675	1476	4	0.885548
AT3G54060.1	1725	1526	0	0
AT1G26796.1	530	331	0	0
AT4G21600.1	1405	1206	33	8.94139
AT1G60787.2	1657	1458	0	0
AT1G60787.1	1319	1120	0	0
AT1G60787.4	1468	1269	2	0.514999
AT1G60787.3	1502	1303	0	0
AT5G40730.1	677	478	106	72.463
AT3G62200.1	2811	2612	75	9.38267
AT4G29580.2	1640	1441	0	0
AT4G29580.1	897	698	0	0
AT4G14226.1	168	9.06081	0	0
AT1G24380.1	1516	1317	0	0
AT4G24660.2	820	621	23.9547	12.6049
AT4G24660.1	1284	1085	21.0453	6.33816
AT4G08810.1	2146	1947	173	29.0348
AT3G32980.1	1541	1342	1162	282.938
AT3G25030.3	2393	2194	0	0
AT3G25030.1	1175	976	24.8662	8.32528
AT3G25030.4	1215	1016	0	0
AT3G25030.2	1018	819	15.1338	6.03811
AT4G33220.2	3419	3220	11.9498	1.21267
AT4G33220.1	2113	1914	556.05	94.9315
AT3G28300.1	1672	1473	12	2.66205
AT3G23830.2	1070	871	155.8	58.4506
AT3G23830.1	1082	883	39.1996	14.5064
AT1G08005.1	444	245	0	0
AT1G44740.1	1123	924	7	2.47551
AT3G44735.1	731	532	24.4286	15.0046
AT3G44735.2	535	336	38.5714	37.5115
AT4G03495.1	496	297	0	0
AT2G31740.1	2800	2601	71.2602	8.95251
AT2G31740.2	2727	2528	38.7398	5.00748
AT3G57570.1	3755	3556	42.4597	3.9017
AT3G57570.2	2750	2551	34.5403	4.4244
AT1G17147.1	951	752	4	1.73812
AT4G27670.1	983	784	0	0
AT5G05470.1	1282	1083	81	24.4396
AT1G77120.1	1595	1396	428	100.184
AT1G50590.2	1452	1253	3.35925	0.876051
AT1G50590.1	1079	880	5.71415	2.12181
AT1G50590.3	752	553	1.92661	1.13843
AT5G18130.1	1487	1288	26.2774	6.66661
AT5G18130.2	1920	1721	9.7226	1.84603
AT4G33490.2	1614	1415	18.2189	4.2073
AT4G33490.1	1381	1182	10.7811	2.98047
AT1G12615.1	486	287	0	0
AT5G48430.1	1534	1335	145	35.4916
AT3G18430.1	904	705	38.6252	17.9028
AT3G18430.3	914	715	15.3748	7.02654
AT3G18430.2	1009	810	0	0
AT5G19970.1	2169	1970	34.8673	5.78349
AT5G19970.2	1830	1631	15.1327	3.03181
AT3G02590.1	1124	925	3	1.05979
AT3G02590.2	833	634	0	0
AT2G19560.2	1129	930	17.0142	5.97815
AT2G19560.1	1552	1353	31.9858	7.72499
AT3G44570.1	922	723	0	0
AT2G30460.3	1807	1608	6.32533	1.28539
AT2G30460.4	1765	1566	14.3459	2.99347
AT2G30460.6	1312	1113	0	0
AT2G30460.1	1609	1410	62.3288	14.4447
AT2G30460.2	1774	1575	0	0
AT2G30460.5	1966	1767	0	0
AT1G04640.1	994	795	82	33.7043
AT1G04640.2	1139	940	0	0
AT1G56500.3	3526	3327	46.4501	4.56218
AT1G56500.1	3448	3249	348.55	35.0553
AT1G56500.2	3514	3315	0	0
AT5G27700.1	673	474	570	392.948
AT2G03300.1	612	413	0	0
AT5G45790.2	1711	1512	6.37975	1.37876
AT5G45790.1	1237	1038	6.62025	2.08409
AT2G35610.1	2475	2276	246	35.3184
AT1G66150.1	3360	3161	329	34.0102
AT5G50115.1	1458	1259	0	0
AT2G27035.1	878	679	5	2.40624
AT3G47836.2	397	198	0	0
AT3G47836.1	484	285	62	71.0862
AT1G08630.2	1433	1234	0	0
AT1G08630.5	1391	1192	0	0
AT1G08630.3	1466	1267	11.3125	2.91756
AT1G08630.1	1870	1671	0	0
AT1G08630.7	1354	1155	4.6875	1.32617
AT1G08630.4	1404	1205	0	0
AT1G08630.6	1393	1194	0	0
AT3G22040.1	850	651	0	0
AT3G54920.1	2214	2015	173.675	28.1644
AT5G59010.1	2232	2033	18.2933	2.94031
AT5G59010.2	1936	1737	49.3701	9.28759
AT1G43666.1	663	464	0	0
AT5G60400.3	1250	1051	19.7032	6.12594
AT5G60400.1	1155	956	24.2299	8.28195
AT5G60400.2	515	316	19.0669	19.7165
AT1G80315.1	1035	836	0	0
AT5G44870.2	4028	3829	4.29149	0.366236
AT5G44870.1	4116	3917	86.7085	7.23347
AT1G44130.1	1336	1137	5	1.43697
AT1G67340.1	1545	1346	95	23.0631
AT1G73570.1	1973	1774	15	2.76297
AT2G46330.2	748	549	62.5152	37.2093
AT2G46330.1	944	745	181.485	79.6017
AT1G76850.1	3632	3433	323	30.7445
AT2G35270.1	1471	1272	24	6.16542
AT1G12480.1	1881	1682	15	2.91409
AT1G05760.1	658	459	14.4454	10.2838
AT1G05760.2	682	483	0	0
AT1G30530.1	1908	1709	491	93.881
AT5G04850.2	1133	934	0	0
AT5G04850.1	1143	944	99	34.269
AT2G42240.3	1529	1330	13.2956	3.26658
AT2G42240.4	1036	837	5.46313	2.13282
AT2G42240.1	1213	1014	21.2413	6.84513
AT3G52590.1	927	728	1495	671.04
AT5G47840.2	1242	1043	114.346	35.824
AT5G47840.1	1430	1231	294.654	78.2155
AT1G73300.1	1516	1317	3.3584	0.833267
AT1G73300.2	1474	1275	3.64128	0.933216
AT3G10680.1	1557	1358	8	1.92499
ATMG01350.1	438	239	0	0
AT1G74385.1	246	47.5399	1.06957	7.35172
AT3G08040.1	2281	2082	73	11.4573
AT3G08040.2	2196	1997	0	0
AT1G31400.1	917	718	0	0
AT1G67590.1	1676	1477	36.8522	8.15308
AT1G67590.2	1793	1594	10.1478	2.08027
AT1G69080.2	1109	910	0	0
AT1G69080.1	1140	941	9	3.1253
AT4G33690.1	1114	915	19	6.78533
AT4G23882.1	1081	882	0	0
AT3G54826.1	959	760	68	29.2371
AT5G52790.3	2141	1942	3.74903	0.630825
AT5G52790.2	2203	2004	0	0
AT5G52790.5	1623	1424	1.25097	0.287061
AT5G52790.4	2412	2213	0	0
AT5G52790.1	2350	2151	0	0
AT1G01830.1	2220	2021	0	0
AT1G01830.3	2298	2099	64.1644	9.98895
AT1G01830.2	2517	2318	36.8356	5.1927
AT5G44020.1	1409	1210	859	231.978
AT1G12340.1	668	469	1.99096	1.38716
AT4G33610.1	847	648	64.8835	32.7188
AT5G10430.1	974	775	227.46	95.9053
AT3G10130.1	2160	1961	87	14.4971
AT5G60470.2	1701	1502	0	0
AT5G60470.3	1417	1218	0	0
AT5G60470.1	1372	1173	1	0.278574
AT3G26512.1	321	122	3.26522	8.74562
AT4G34970.1	868	669	12	5.86129
AT4G04370.1	2262	2063	22	3.48467
AT1G04570.2	2038	1839	0.0162828	0.00289325
AT1G04570.1	2163	1964	14.9837	2.49297
AT3G27190.1	1907	1708	127	24.2971
AT1G10522.1	1104	905	74	26.7191
AT1G10522.2	991	792	0	0
AT4G04555.1	371	172	0	0
AT4G38480.1	1802	1603	25	5.09618
AT4G38480.2	1619	1420	0	0
AT4G02930.1	1887	1688	483	93.5003
AT1G70080.1	2051	1852	0	0
AT5G65590.1	1488	1289	10	2.53504
AT1G09210.1	2201	2002	819.816	133.811
AT5G64920.1	1555	1356	98	23.6159
AT3G26810.1	2736	2537	297	38.2538
AT1G08810.3	953	754	2.13834	0.92671
AT1G08810.2	1317	1118	0	0
AT1G08810.1	1206	1007	27.8617	9.04099
AT5G09900.2	1645	1446	346.509	78.3042
AT5G09900.3	1678	1479	90.3794	19.9682
AT5G09900.1	2099	1900	32.4177	5.57529
AT1G63522.1	369	170	0	0
AT1G08040.2	1501	1302	52.1925	13.0989
AT1G08040.4	1643	1444	0	0
AT1G08040.1	1653	1454	28.8075	6.47409
AT1G08040.3	1631	1432	0	0
AT3G47670.1	1096	897	80	29.1431
AT1G33890.1	1275	1076	0	0
AT1G33890.2	1167	968	2	0.675139
AT4G02940.1	2394	2195	440	65.5023
AT2G40360.1	2641	2442	439	58.7431
AT2G40360.2	2590	2391	0	0
AT4G33905.1	1267	1068	3	0.917885
AT1G29260.1	1508	1309	71	17.7238
AT4G09580.1	1374	1175	54	15.0174
AT1G61730.1	1545	1346	211	51.2243
AT2G47400.1	913	714	1248	571.156
AT5G11565.1	258	59.1108	0	0
AT4G15830.1	1128	929	73	25.6771
AT3G01970.1	1359	1160	15	4.22544
AT3G15970.2	2244	2045	0	0
AT3G15970.1	1753	1554	82	17.2425
AT1G34110.2	3756	3557	1.89829e-08	1.74388e-09
AT1G34110.1	3920	3721	114	10.0111
AT1G17240.2	2547	2348	0	0
AT1G17240.1	2343	2144	3	0.45723
AT4G16780.1	1333	1134	22	6.3394
AT2G35320.1	1298	1099	41	12.1906
AT1G53350.1	2999	2800	29.1186	3.39822
AT3G50120.1	1859	1660	3	0.590543
AT5G07160.1	453	254	0	0
AT1G73740.1	2078	1879	67	11.6516
AT3G03341.1	564	365	0	0
AT1G10410.1	2297	2098	199	30.9946
AT3G12050.1	1574	1375	159.884	37.9962
AT3G12050.2	1316	1117	47.1163	13.7834
AT1G35210.1	1094	895	7	2.55572
AT1G35180.1	1010	811	14.8208	5.97157
AT1G30070.2	958	759	18.962	8.16359
AT1G30070.1	1116	917	58.038	20.6815
AT2G19490.1	1732	1533	50.8975	10.8491
AT2G20625.2	573	374	0	0
AT2G20625.1	540	341	0	0
AT2G38010.1	2338	2139	8.05885	1.23112
AT2G38010.2	2750	2551	0	0
AT2G38010.3	2491	2292	44.9412	6.40719
AT1G52080.2	2115	1916	8.96689	1.52927
AT1G52080.1	2417	2218	22.0331	3.24603
AT5G61700.3	3675	3476	0	0
AT5G61700.2	3648	3449	0	0
AT5G61700.1	2754	2555	0	0
AT5G61700.4	3478	3279	0	0
AT1G22900.1	994	795	26	10.6867
AT5G11050.1	1523	1324	0	0
AT1G65820.1	880	681	260	124.757
AT1G65820.2	811	612	0	0
AT1G65820.3	907	708	0	0
AT2G33580.1	2774	2575	20	2.538
AT5G53330.1	933	734	82	36.5053
AT1G47480.1	1222	1023	38	12.138
AT2G36420.1	1814	1615	44	8.90263
AT3G20560.1	1798	1599	65	13.2832
AT4G27140.1	703	504	0	0
AT5G04347.2	836	637	0	0
AT5G04347.1	796	597	0	0
AT4G30410.2	1284	1085	0	0
AT4G30410.1	1084	885	25	9.23071
AT1G61160.1	632	433	0	0
AT3G18905.1	588	389	0	0
AT2G37805.1	854	655	0	0
AT2G46420.3	2614	2415	15.2535	2.06391
AT2G46420.1	2150	1951	133.895	22.4257
AT2G46420.2	1900	1701	205.851	39.5447
AT3G45630.2	3758	3559	23.7754	2.18292
AT3G45630.1	3647	3448	178.225	16.8904
AT3G19960.2	4094	3895	0.0791836	0.00664303
AT3G19960.1	4824	4625	30.6175	2.1632
AT3G19960.4	4768	4569	0	0
AT3G19960.3	4176	3977	65.0132	5.34176
AT3G19960.5	4650	4451	87.2901	6.40834
AT3G14820.1	1056	857	0	0
AT3G28917.1	1106	907	1	0.360272
ATCG00065.1	114	4.78619	0	0
AT1G01760.2	1541	1342	9.65467	2.35084
AT1G01760.4	1263	1064	4.34532	1.3345
AT1G01760.1	1312	1113	0	0
AT1G01760.3	1414	1215	1.48851e-05	4.00326e-06
AT3G03110.1	3713	3514	118.185	10.9901
AT3G10320.1	1958	1759	8	1.48615
AT3G02640.1	918	719	130	59.0817
AT1G74240.2	1312	1113	7.60345	2.23231
AT1G74240.1	1486	1287	7.39655	1.87797
AT5G43420.1	1637	1438	45	10.2257
AT5G59120.1	2487	2288	0	0
AT2G31800.1	1983	1784	79	14.4701
AT1G49430.1	2508	2309	250.456	35.4442
AT1G49430.2	2072	1873	4.54429	0.792805
AT3G59110.1	2496	2297	105	14.9371
AT3G04570.1	1706	1507	60	13.01
AT4G25670.2	1054	855	2.10916e-08	8.06086e-09
AT4G25670.1	1213	1014	174.831	56.3404
AT2G27300.1	1165	966	2	0.676536
AT3G25573.1	558	359	0	0
AT4G11175.1	977	778	155	65.1014
AT4G21350.1	1125	926	33	11.645
AT3G45600.2	703	504	0	0
AT3G45600.1	1173	974	143	47.975
AT1G50310.2	1262	1063	0	0
AT1G50310.1	1922	1723	0	0
AT4G02730.1	1299	1100	16	4.75298
AT2G16190.2	1031	832	0	0
AT2G16190.1	1128	929	0	0
AT3G14880.2	1101	902	0	0
AT3G14880.1	1122	923	0	0
AT5G63910.1	1878	1679	94	18.2943
AT2G20320.2	3550	3351	35.8497	3.49582
AT2G20320.1	3836	3637	38.1503	3.42763
AT3G51780.1	1541	1342	81	19.7229
AT4G05130.1	1899	1700	3	0.576648
AT5G11320.2	1487	1288	0	0
AT5G11320.1	1697	1498	11	2.39949
AT2G34940.1	2109	1910	9	1.53974
AT2G18720.1	1600	1401	0	0
AT2G18720.2	1596	1397	0	0
AT2G18720.3	1166	967	0	0
AT5G37910.1	831	632	0	0
AT4G11790.1	1759	1560	152	31.8388
AT3G62620.8	1575	1376	0	0
AT3G62620.7	1576	1377	0	0
AT3G62620.2	1584	1385	10.0459	2.37016
AT3G62620.10	1328	1129	0	0
AT3G62620.9	1452	1253	12.2618	3.19774
AT3G62620.3	1194	995	0	0
AT3G62620.1	1609	1410	0	0
AT3G62620.4	1732	1533	0	0
AT3G62620.6	1577	1378	5.65302	1.34051
AT3G62620.5	1699	1500	0.03923	0.00854605
AT5G38420.1	935	736	9929.11	4408.3
AT3G53900.2	1284	1085	152.918	46.054
AT3G53900.1	1170	971	8.0819	2.71977
AT3G08970.1	2113	1914	24.6273	4.20449
AT3G08970.2	2120	1921	0.372685	0.0633947
AT1G34640.1	603	404	22	17.7942
AT2G13275.1	407	208	0	0
AT3G03740.1	3489	3290	128	12.7131
AT5G45850.1	1816	1617	14	2.82915
AT3G58010.1	1228	1029	72	22.8642
AT3G58010.2	1515	1316	0	0
AT2G32040.2	1957	1758	97.1646	18.0604
AT2G32040.1	2194	1995	16.8354	2.75753
AT4G38730.1	1610	1411	45	10.4213
AT4G22320.2	1212	1013	9.36385	3.02053
AT4G22320.1	1052	853	27.6848	10.6055
AT1G54420.1	363	164	0	0
AT5G40530.3	1234	1035	0	0
AT5G40530.1	1165	966	31.0678	10.5093
AT5G40530.4	1204	1005	9.93216	3.22936
AT5G40530.2	1268	1069	0	0
AT2G02930.1	1046	847	0	0
AT1G26650.1	1538	1339	85	20.7432
AT5G43066.1	225	29.9375	0	0
AT5G20300.4	3236	3037	0	0
AT5G20300.3	2654	2455	0	0
AT5G20300.1	2770	2571	66.2316	8.41786
AT5G20300.5	2606	2407	84.3882	11.4563
AT5G20300.2	3138	2939	26.3802	2.93304
AT3G01550.1	1574	1375	167.204	39.7359
AT3G01550.2	1525	1326	79.7959	19.6642
AT5G49950.1	1849	1650	68	13.4668
AT2G31265.1	164	8.51793	0	0
AT3G14360.1	1855	1656	17	3.35449
AT1G43100.1	1335	1136	0	0
AT2G23690.1	1070	871	30	11.2549
AT2G40710.1	664	465	2.09748	1.47395
AT2G30925.1	129	5.5143	0	0
AT1G11190.1	1274	1075	21	6.38336
AT2G30730.1	1017	818	0	0
AT2G30730.2	1304	1105	0	0
AT3G23070.1	2977	2778	187	21.9962
AT5G16950.1	669	470	13	9.03824
AT4G14368.2	3498	3299	0	0
AT4G14368.4	3419	3220	4.95148	0.502478
AT4G14368.1	3432	3233	0.0485207	0.0049041
AT4G14368.3	3607	3408	0	0
AT1G14880.1	938	739	7	3.09522
AT4G34350.1	1781	1582	1664	343.704
AT3G50390.1	1672	1473	0	0
AT5G47510.4	1710	1511	3.01597	0.65223
AT5G47510.1	1209	1010	5.98403	1.93602
AT5G47510.3	1776	1577	0	0
AT5G47510.2	1784	1585	0	0
AT3G09700.1	810	611	29	15.5094
AT2G16580.1	934	735	12.6121	5.60709
AT1G27752.1	3083	2884	98	11.1037
AT1G27752.2	3059	2860	0	0
AT5G66760.1	2546	2347	904	125.862
AT5G54225.1	337	138	0	0
AT1G16430.1	755	556	21	12.3419
AT5G60260.1	539	340	0	0
AT5G14740.5	1518	1319	5.08404	1.25951
AT5G14740.9	1317	1118	3051.33	891.836
AT5G14740.3	1627	1428	0	0
AT5G14740.8	1911	1712	0	0
AT5G14740.4	1511	1312	0	0
AT5G14740.7	2443	2244	33.658	4.90121
AT5G14740.2	1519	1320	0	0
AT5G14740.6	2838	2639	26.7241	3.30903
AT5G14740.1	1603	1404	146.128	34.0097
AT3G57440.1	1238	1039	0	0
AT3G57440.2	1333	1134	0	0
AT4G30993.3	1873	1674	0	0
AT4G30993.2	1866	1667	170.184	33.3596
AT4G30993.1	1959	1760	9.21692	1.71124
AT2G22345.1	186	12.4336	0	0
AT2G44440.1	1836	1637	41	8.18415
AT3G22320.1	1005	806	255	103.382
AT5G22820.2	2442	2243	0	0
AT5G22820.3	2241	2042	35.9721	5.75636
AT5G22820.1	2537	2338	10.0279	1.40154
AT5G41490.1	1164	965	0	0
AT5G48780.1	2161	1962	0	0
AT5G48780.2	2071	1872	9	1.571
AT5G60580.4	2376	2177	0	0
AT5G60580.1	2355	2156	1.3622e-08	2.06458e-09
AT5G60580.2	1872	1673	42.43	8.28735
AT5G60580.3	2465	2266	30.57	4.40833
AT5G24790.1	929	730	0	0
AT1G07310.1	1850	1651	127	25.1359
AT1G77230.1	2561	2362	93.9616	12.999
AT1G52400.3	2092	1893	0	0
AT1G52400.1	2134	1935	115.868	19.5669
AT1G52400.2	1967	1768	142.132	26.2692
AT1G55730.1	1933	1734	44.3953	8.36616
AT1G55730.2	2047	1848	32.4211	5.73276
AT3G62900.1	4699	4500	0	0
AT3G62900.3	5622	5423	171.554	10.3371
AT3G62900.2	5638	5439	26.4458	1.58882
AT3G54410.1	1092	893	0	0
ATMG00850.1	324	125	0	0
AT4G12800.2	1049	850	6115.45	2350.97
AT4G12800.1	1075	876	1407.55	525.048
AT2G28520.1	3225	3026	240	25.9168
AT3G54530.1	1226	1027	0	0
AT3G54530.3	1387	1188	0	0
AT3G54530.2	1240	1041	0	0
AT1G54950.1	699	500	2	1.30707
AT3G15548.1	102	4.33389	0	0
AT5G34908.1	249	50.3754	0	0
AT2G14210.1	1096	897	7	2.55002
AT2G14210.2	1120	921	0	0
AT5G59800.1	1424	1225	37	9.8697
AT5G35660.1	1279	1080	0	0
AT2G19870.1	2218	2019	168	27.1901
AT2G46280.3	1391	1192	407.465	111.7
AT2G46280.2	1738	1539	177.726	37.7355
AT2G46280.1	1628	1429	32.4865	7.42864
AT4G34200.1	2227	2028	1189	191.581
AT5G65000.1	1314	1115	49	14.3602
AT5G65000.2	1318	1119	0	0
AT5G45095.1	1690	1491	2	0.438319
AT3G45720.1	1668	1469	1	0.222442
AT4G03635.1	1155	956	7	2.39265
AT2G29080.1	3044	2845	465	53.4083
AT1G13635.2	1671	1472	4.37611	0.971445
AT1G13635.1	1648	1449	4.62389	1.04274
AT4G27415.1	243	44.7603	0	0
AT4G27415.2	287	88.0006	0	0
AT1G65220.1	1660	1461	222	49.6525
AT5G47050.1	1706	1507	95	20.5991
AT1G64110.2	2981	2782	0	0
AT1G64110.4	2686	2487	0.588036	0.0772621
AT1G64110.1	2868	2669	0	0
AT1G64110.5	2680	2481	9.41196	1.23963
AT1G64110.3	2911	2712	0	0
AT2G16710.3	859	660	10.0706	4.98596
AT2G16710.2	843	644	0	0
AT2G16710.1	865	666	27.9294	13.7033
AT4G18380.2	1595	1396	23.3291	5.46074
AT4G18380.1	1753	1554	19.6709	4.13629
AT5G66240.2	1453	1254	117.31	30.5685
AT5G66240.1	1364	1165	19.2719	5.40552
AT5G66240.3	1200	1001	37.4184	12.2149
AT4G19990.6	2925	2726	0.746526	0.0894864
AT4G19990.5	2947	2748	7.33699e-05	8.72448e-06
AT4G19990.3	2807	2608	0	0
AT4G19990.2	2666	2467	27.6997	3.66897
AT4G19990.1	2835	2636	14.5537	1.80412
AT4G19990.4	3029	2830	0	0
AT4G19990.7	2922	2723	0	0
AT1G05670.1	3273	3074	35	3.72051
AT1G05670.2	3256	3057	0	0
AT1G05670.3	3373	3174	0	0
AT2G31865.2	1944	1745	0	0
AT2G31865.3	2013	1814	0	0
AT2G31865.1	1914	1715	31	5.90658
AT3G54630.1	1932	1733	28	5.27956
AT3G01820.1	1386	1187	153	42.1191
AT1G10430.2	1335	1136	2.1375e-07	6.14847e-08
AT1G10430.1	1347	1148	112	31.8797
AT5G58750.2	1323	1124	11.1552	3.24301
AT5G58750.1	1555	1356	5.84483	1.40848
AT3G13010.1	1893	1694	0	0
AT5G61770.1	1345	1146	57.6419	16.4358
AT5G61770.3	1251	1052	24.8728	7.72587
AT5G61770.2	1437	1238	46.4853	12.2697
AT3G58970.1	1951	1752	127	23.6869
AT1G52500.4	989	790	4.40274	1.8211
AT1G52500.1	1815	1616	19.3658	3.91592
AT1G52500.2	1594	1395	28.7168	6.72667
AT1G52500.5	797	598	9.92721e-09	5.42456e-09
AT1G52500.3	988	789	0	0
AT3G36659.1	1382	1183	1	0.276219
AT1G20840.2	2850	2651	0	0
AT1G20840.1	2660	2461	174	23.1034
AT4G33040.1	1266	1067	60	18.3749
AT1G45050.2	844	645	0	0
AT1G45050.1	914	715	40	18.2807
AT3G48343.1	579	380	1	0.859913
AT3G54300.3	1447	1248	0	0
AT3G54300.2	974	775	29.7313	12.5358
AT3G54300.1	1242	1043	62.2687	19.5085
AT5G42470.1	1560	1361	53	12.725
AT5G51380.1	1763	1564	21	4.38754
AT4G28150.2	1285	1086	2.54004	0.764274
AT4G28150.1	1772	1573	6.45996	1.34196
AT4G28150.3	1859	1660	0	0
AT4G34750.2	1104	905	0	0
AT4G34750.1	1273	1074	27	8.21482
AT1G06240.1	1643	1444	83	18.7823
AT5G05050.1	900	701	0	0
AT1G72330.1	2093	1894	18.5953	3.2082
AT1G72330.3	2042	1843	9.2064	1.63231
AT1G72330.2	1958	1759	17.1983	3.19491
AT3G23090.2	1372	1173	0	0
AT3G23090.3	1496	1297	0	0
AT3G23090.5	1325	1126	39.9313	11.5881
AT3G23090.4	1484	1285	9.80916	2.49441
AT3G23090.1	1353	1154	32.2596	9.13464
AT3G08690.2	975	776	30.2593	12.7419
AT3G08690.1	1110	911	33.7407	12.1025
AT2G01830.1	3942	3743	0	0
AT2G01830.4	4451	4252	0	0
AT2G01830.2	3933	3734	4.21041	0.368458
AT2G01830.6	3637	3438	161.184	15.3198
AT2G01830.3	3654	3455	0.000284745	2.69306e-05
AT2G01830.5	3928	3729	19.6056	1.71801
AT3G48540.1	723	524	5	3.11801
AT3G14290.1	1179	980	194	64.6866
AT2G31360.1	1703	1504	8	1.73812
AT2G31360.2	1515	1316	371	92.1205
AT5G10110.1	1488	1289	27	6.84462
AT2G45580.3	1677	1478	0	0
AT2G45580.2	1867	1668	0	0
AT2G45580.1	1949	1750	0	0
AT2G20690.1	1206	1007	147	47.7009
AT4G02510.1	5495	5296	0	0
AT4G02510.4	6349	6150	89.693	4.76565
AT4G02510.3	5218	5019	1264.15	82.3037
AT4G02510.2	5714	5515	0	0
AT3G01840.1	1979	1780	4.87241	0.894462
AT4G37760.1	2196	1997	798	130.576
AT5G37180.2	2386	2187	6.75388	1.00912
AT5G37180.3	2227	2028	0	0
AT5G37180.1	2837	2638	29.2461	3.6227
AT3G21305.1	455	256	0	0
AT3G19120.1	1789	1590	96	19.7293
AT1G53645.1	2159	1960	166	27.6752
AT3G46070.1	513	314	0	0
AT5G27280.1	859	660	26	12.8726
AT1G29880.1	2581	2382	540	74.0782
AT3G01250.1	877	678	0	0
AT4G12000.1	2189	1990	5.19582	0.853178
AT4G12000.2	1503	1304	0	0
AT4G12000.3	1423	1224	35.8042	9.55852
AT3G18010.1	1745	1546	57	12.0477
AT4G18550.1	1374	1175	6.82078	1.89686
AT4G18550.3	1865	1666	10.1792	1.99653
AT4G18550.2	1883	1684	4.46574e-05	8.66542e-06
AT1G55928.1	1273	1074	0	0
AT2G04842.1	2392	2193	0	0
AT2G04842.2	2296	2097	382	59.5255
AT3G63360.1	437	238	1	1.37297
AT3G48680.1	1211	1012	178	57.4748
AT1G78180.1	1375	1176	78	21.6733
AT2G28960.1	3092	2893	70	7.90657
AT2G28960.2	3228	3029	0	0
AT3G25730.1	1495	1296	40	10.0854
AT5G65130.2	1141	942	0	0
AT5G65130.1	947	748	1	0.436854
AT4G08876.1	192	14.0216	0	0
AT1G55650.1	1127	928	0	0
AT1G73603.1	410	211	0	0
AT3G18510.1	789	590	11	6.09227
AT3G12910.1	1155	956	0	0
AT2G05100.2	1122	923	4175.97	1478.41
AT2G05100.1	1406	1207	5350.29	1448.47
AT5G25480.1	1419	1220	13	3.48194
AT3G54900.1	1108	909	388	139.478
AT3G16500.1	2003	1804	45.4602	8.23443
AT3G16500.2	1156	957	73.5398	25.1101
AT3G09920.3	2951	2752	124.085	14.7337
AT3G09920.4	3032	2833	44.9392	5.18343
AT3G09920.2	3088	2889	5.77944e-05	6.53697e-06
AT3G09920.1	3884	3685	12.9754	1.15059
AT5G27607.1	573	374	0	0
AT2G40750.1	1432	1233	26	6.89047
AT1G26700.1	2239	2040	15	2.4027
AT1G26700.2	1733	1534	0	0
AT3G55990.1	2001	1802	27	4.89607
AT3G43940.1	609	410	0	0
AT5G24240.1	2244	2045	7	1.11852
AT5G24240.2	2380	2181	0	0
AT1G22070.1	1991	1792	114	20.7876
AT4G25310.1	1950	1751	42.4541	7.92268
AT4G25310.2	1288	1089	0	0
AT1G26440.5	1772	1573	4.26887e-07	8.86794e-08
AT1G26440.1	1365	1166	0	0
AT1G26440.6	1700	1501	1.02401e-08	2.22927e-09
AT1G26440.7	1900	1701	8.62465	1.65682
AT1G26440.4	1286	1087	11.848	3.56166
AT1G26440.8	1612	1413	8.7495	2.02339
AT1G26440.3	1536	1337	11.1619	2.728
AT1G26440.2	1828	1629	0.616008	0.123567
AT1G51320.1	1128	929	0	0
AT5G21930.2	3041	2842	139.55	16.0452
AT5G21930.3	2880	2681	148.449	18.0934
AT5G21930.4	3310	3111	0	0
AT5G21930.1	3179	2980	0.000507022	5.55966e-05
AT2G40950.1	2654	2455	119	15.8392
AT2G24420.1	2010	1811	328	59.1826
AT2G24420.2	1904	1705	0	0
AT1G30640.2	2636	2437	0	0
AT1G30640.3	1823	1624	5.47544	1.10172
AT1G30640.1	2332	2133	33.5246	5.13583
AT1G11520.1	591	392	0	0
AT3G26240.1	3305	3106	49	5.15505
AT3G04860.1	1714	1515	23	4.96082
AT2G32950.2	2401	2202	137.629	20.4235
AT2G32950.1	2474	2275	153.371	22.0293
AT2G07684.1	111	4.6639	0	0
AT1G72980.1	907	708	0	0
AT5G51840.1	1468	1269	61	15.7075
AT4G17490.1	1338	1139	9	2.58201
AT1G59970.1	1580	1381	45	10.6477
AT3G25060.1	2032	1833	1	0.178269
AT5G50720.1	716	517	16	10.1127
AT2G36060.3	954	755	62.4067	27.0099
AT2G36060.1	1020	821	4.24803	1.69076
AT2G36060.2	960	761	88.6889	38.0823
AT1G26400.1	1584	1385	0	0
AT4G19470.1	1254	1055	0	0
AT4G04360.1	603	404	4	3.23532
AT2G44360.1	643	444	52	38.27
AT3G28210.2	1105	906	0	0
AT3G28210.1	1026	827	15	5.92685
AT3G47675.1	639	440	14.7477	10.9524
AT3G62780.1	1277	1078	5	1.51562
AT3G27460.1	1349	1150	0	0
AT3G27460.2	1338	1139	19.5025	5.59505
AT3G27460.5	1051	852	0	0
AT3G27460.3	1567	1368	0	0
AT3G27460.4	1328	1129	0	0
AT2G38910.1	2432	2233	0	0
AT5G18830.3	2788	2589	0	0
AT5G18830.1	3081	2882	140.585	15.9399
AT5G18830.2	2876	2677	56.4146	6.88623
AT3G52760.1	1180	981	51	16.9879
AT5G52750.2	880	681	3.24269	1.55596
AT5G52750.1	757	558	3.75731	2.20029
AT5G45920.2	1339	1140	5.68404	1.62926
AT5G45920.1	1238	1039	8.4906	2.67031
AT5G45920.4	1162	963	4.03335	1.3686
AT5G45920.3	1263	1064	2.79201	0.85746
AT1G75580.1	934	735	27	12.0037
AT5G23090.5	1069	870	0	0
AT5G23090.3	755	556	11.1396	6.54686
AT5G23090.4	1028	829	11.3012	4.45461
AT5G23090.2	1145	946	0.000132893	4.59038e-05
AT5G23090.1	1186	987	12.559	4.15793
AT4G32660.4	1673	1474	44.4478	9.85352
AT4G32660.1	1788	1589	3.06271e-06	6.29826e-07
AT4G32660.2	1698	1499	3.31004	0.721557
AT4G32660.3	1552	1353	90.2421	21.7946
AT2G39110.1	1748	1549	33	6.96147
AT2G39110.2	1894	1695	0	0
AT5G39510.1	1207	1008	180	58.3513
AT5G58400.1	1224	1025	0	0
AT2G45130.1	916	717	0	0
AT1G68470.1	1753	1554	21	4.41577
AT3G54500.6	2246	2047	0	0
AT3G54500.2	2522	2323	134.496	18.919
AT3G54500.8	2067	1868	0	0
AT3G54500.7	2147	1948	156.132	26.1904
AT3G54500.4	2452	2253	208.663	30.2637
AT3G54500.1	2330	2131	1243.26	190.641
AT3G54500.3	2333	2134	0	0
AT3G54500.5	2283	2084	297.453	46.64
AT1G48690.1	1073	874	7	2.61713
AT4G35620.2	1742	1543	8.21082	1.73884
AT4G35620.1	1673	1474	24.7892	5.49545
AT3G29750.1	1266	1067	0	0
AT1G49570.1	1509	1310	66	16.4631
AT4G23590.1	1563	1364	4	0.958261
AT3G05140.2	2000	1801	6	1.08862
AT3G05140.1	2124	1925	0	0
AT2G41835.1	1438	1239	19	5.01096
AT5G56950.1	1688	1489	294	64.5195
AT3G22380.1	5757	5558	74.5105	4.38064
AT3G22380.2	5487	5288	403.357	24.9251
AT3G22380.3	5673	5474	681.132	40.6598
AT2G19190.1	2700	2501	43	5.61815
AT1G09795.1	1516	1317	251	62.2768
AT1G23645.1	698	499	0	0
AT1G23645.2	415	216	0	0
AT3G08530.1	5722	5523	1498.12	88.6359
AT1G49490.2	2952	2753	0	0
AT1G49490.1	2685	2486	10	1.31443
AT5G48545.3	1712	1513	0	0
AT5G48545.2	2129	1930	45.3644	7.68062
AT5G48545.1	1619	1420	88.6356	20.3966
AT2G47790.1	1398	1199	72	19.6224
AT1G71300.2	2106	1907	1.0134	0.173648
AT1G71300.1	2244	2045	0	0
AT2G15470.1	1215	1016	0	0
AT5G24100.1	2397	2198	13	1.93265
AT4G29330.2	1341	1142	20.3456	5.8216
AT4G29330.1	1470	1271	68.6544	17.6507
AT2G21105.1	12	2.60424	0	0
AT2G46440.1	2569	2370	0	0
AT2G46440.2	2648	2449	47.1264	6.28802
AT2G17630.1	1518	1319	107.398	26.6067
AT5G02340.1	1896	1697	0	0
AT4G32470.2	891	692	0	0
AT4G32470.1	945	746	426	186.599
AT3G11270.2	1360	1161	34.5177	9.71513
AT3G11270.1	1507	1308	14.4823	3.61798
AT5G05950.1	1255	1056	30.2929	9.37379
AT3G48670.2	2353	2154	60.9694	9.24921
AT3G48670.1	2475	2276	0.000361316	5.18745e-05
AT3G48670.3	2450	2251	116.03	16.8436
AT5G63810.1	2608	2409	83	11.2585
AT2G40900.1	1782	1583	236	48.7158
AT2G39140.2	1305	1106	39.2491	11.5961
AT2G39140.1	1594	1395	62.7509	14.6989
AT3G09550.1	2285	2086	0	0
AT3G09550.3	2535	2336	0	0
AT3G09550.2	2096	1897	4	0.689019
AT3G07568.1	528	329	68	67.5385
AT5G44630.1	2191	1992	1	0.16404
AT4G23640.1	2965	2766	185	21.8554
AT4G29940.1	2897	2698	51	6.17684
AT4G29940.2	2841	2642	0	0
ATMG00440.1	459	260	0	0
AT2G23160.1	1275	1076	0	0
AT5G53670.1	735	536	0	0
AT1G80840.1	1325	1126	18	5.22363
AT5G15050.1	1823	1624	87	17.5054
AT3G50370.2	7367	7168	386.51	17.6198
AT3G50370.1	7163	6964	550.49	25.8303
AT5G38000.1	1390	1191	0	0
AT5G38000.2	1286	1087	0	0
AT5G38000.3	1263	1064	6.23878	1.916
AT1G79710.2	1751	1552	0	0
AT1G79710.1	1854	1655	37.6054	7.42489
AT1G79710.3	1458	1259	0.394628	0.102424
AT5G56920.1	938	739	0	0
AT5G25380.3	1563	1364	0	0
AT5G25380.2	1931	1732	0	0
AT5G25380.1	1851	1652	0	0
AT5G25380.4	1332	1133	3	0.865226
AT3G44080.1	1164	965	0	0
AT4G05110.2	2248	2049	0	0
AT4G05110.3	1766	1567	0	0
AT4G05110.1	1677	1478	12.6016	2.78606
AT5G45440.1	1559	1360	4	0.96108
AT1G21610.2	2640	2441	0	0
AT1G21610.3	2531	2332	0.000301273	4.22153e-05
AT1G21610.5	2887	2688	12.5339	1.52368
AT1G21610.4	3012	2813	0	0
AT1G21610.1	2574	2375	61.4658	8.45685
AT1G21610.6	2731	2532	0	0
AT5G05340.1	1304	1105	3	0.887151
AT1G25210.1	1194	995	0	0
AT1G25210.2	1345	1146	0	0
AT2G07719.1	1520	1321	1	0.247363
AT1G18871.1	177	10.528	0	0
AT1G51440.1	1956	1757	39	7.25323
AT3G50670.1	1792	1593	133.456	27.3753
AT3G50670.2	2424	2225	186.544	27.3962
AT1G48953.1	650	451	0	0
AT5G66080.2	1017	818	0	0
AT5G66080.1	1908	1709	17	3.25046
AT2G47730.2	1748	1549	1037.08	218.776
AT2G47730.1	1739	1540	862.918	183.099
AT2G02310.1	1250	1051	4	1.24364
AT4G11020.1	568	369	0	0
AT5G08450.3	3083	2884	226.664	25.6818
AT5G08450.1	3332	3133	7.09049e-05	7.39527e-06
AT5G08450.2	3369	3170	44.3356	4.57016
AT5G14030.2	880	681	313.558	150.456
AT5G14030.5	1738	1539	0	0
AT5G14030.1	1615	1416	121.372	28.0087
AT5G14030.4	885	686	0.0706508	0.0336536
AT5G14030.3	994	795	0	0
AT1G58643.1	1569	1370	0	0
AT1G58643.2	1707	1508	0	0
AT1G27380.1	991	792	1	0.412585
AT1G27380.2	639	440	1	0.742653
AT1G27380.4	907	708	0	0
AT1G27380.3	1122	923	0	0
AT5G08070.2	729	530	4.69115	2.89229
AT5G08070.1	1328	1129	11.3088	3.27313
AT1G17540.1	2819	2620	0	0
AT2G39280.2	2846	2647	0	0
AT2G39280.1	2748	2549	82	10.5119
AT1G08610.1	2143	1944	42	7.05978
AT3G57620.1	1769	1570	0	0
AT2G26330.1	3985	3786	325	28.0505
AT3G52950.1	2292	2093	69.7667	10.8922
AT3G52950.2	2112	1913	64.2333	10.972
AT3G28930.1	1003	804	0	0
AT3G28930.2	1084	885	19.791	7.3074
AT3G28930.3	899	700	25.209	11.7678
AT1G78710.2	1146	947	1.2488	0.430906
AT1G78710.1	1149	950	0	0
AT4G03820.4	1833	1634	0	0
AT4G03820.3	1737	1538	0	0
AT4G03820.1	1704	1505	21.137	4.58928
AT4G03820.2	1794	1595	6.86303	1.40603
AT1G63430.3	2551	2352	25.4	3.52886
AT1G63430.2	2847	2648	0	0
AT1G63430.1	2761	2562	97.6	12.4483
AT3G14510.1	1424	1225	3.55962	0.949524
AT1G80720.1	1070	871	10.3906	3.89818
AT1G80720.2	1134	935	14.6094	5.10574
AT1G69770.1	3066	2867	145	16.5264
AT1G08460.2	2374	2175	22.0246	3.30893
AT1G08460.1	1715	1516	46.9754	10.1253
AT4G28340.1	1122	923	0	0
AT4G12485.1	32	2.85918	0	0
AT4G34800.1	729	530	10	6.16542
AT3G29010.4	1298	1099	0	0
AT3G29010.6	736	537	0	0
AT3G29010.3	1391	1192	0	0
AT3G29010.5	1030	831	0	0
AT3G29010.2	1076	877	0	0
AT3G29010.1	1222	1023	8	2.55536
AT3G10450.4	1685	1486	0	0
AT3G10450.2	1677	1478	0	0
AT3G10450.3	1768	1569	0	0
AT3G10450.1	1594	1395	19	4.45059
AT1G74929.1	102	4.33389	0	0
AT3G26840.1	2306	2107	25	3.87716
AT1G63360.2	2976	2777	111.792	13.1545
AT1G63360.1	3838	3639	17.5781	1.57844
AT1G33330.1	998	799	8.34862	3.41434
AT1G33330.3	1107	908	41.6514	14.9893
AT1G33330.2	1156	957	0	0
AT4G04730.1	423	224	0	0
AT2G33520.1	630	431	0	0
AT1G53625.1	660	461	10	7.08822
AT4G21470.1	1445	1246	104	27.2743
AT4G05220.1	797	598	1.00167	0.547346
AT5G20250.3	2846	2647	0	0
AT5G20250.1	3011	2812	0	0
AT5G20250.4	2753	2554	113	14.4576
AT5G20250.2	2912	2713	0	0
AT2G15710.1	1098	899	0	0
AT3G29580.1	921	722	1	0.452586
AT3G28370.4	764	565	1.68702	0.975688
AT3G28370.1	879	680	0	0
AT3G28370.2	1722	1523	0	0
AT3G28370.3	1288	1089	8.31298	2.49441
AT3G28370.5	1725	1526	0	0
AT3G51100.2	926	727	0	0
AT3G51100.1	1183	984	61.5	20.4229
AT3G51100.3	991	792	12.5	5.15731
AT1G51990.1	1092	893	0	0
AT1G51990.2	1092	893	0	0
AT5G23030.1	1572	1373	2	0.47599
AT4G27370.2	3827	3628	18.8386	1.69676
AT4G27370.1	3442	3243	23.1461	2.33222
AT4G27370.4	3651	3452	0.0152745	0.00144588
AT4G27370.3	3740	3541	0	0
AT2G25250.1	1334	1135	88	25.3352
AT5G42110.1	575	376	67	58.2271
AT1G09960.1	2217	2018	38	6.1532
AT3G26470.1	1620	1421	42	9.65814
AT2G38390.1	1387	1188	396.487	109.056
AT1G43650.1	1382	1183	19.0137	5.25196
AT1G43650.2	1460	1261	17.9863	4.66084
AT5G08760.1	471	272	15	18.0202
AT1G10120.2	1522	1323	20.2432	4.99987
AT1G10120.1	2262	2063	55.7568	8.83154
AT4G27260.1	2357	2158	196	29.6786
AT1G69860.1	1668	1469	0	0
AT1G07030.1	1493	1294	105	26.5151
AT5G61930.1	2511	2312	4.91911	0.695243
AT5G61930.2	1964	1765	11.6821	2.1628
AT1G22670.1	1288	1089	0	0
AT5G15730.3	1941	1742	0	0
AT5G15730.2	1790	1591	45.4571	9.3362
AT5G15730.1	1650	1451	18.5429	4.17588
AT4G27400.1	1306	1107	5	1.47591
AT2G35250.1	1038	839	0	0
AT1G48650.1	4303	4104	546	43.4734
AT1G48650.2	3897	3698	0	0
AT5G26220.2	1152	953	30	10.2865
AT5G26220.1	1131	932	1.2228e-05	4.28726e-06
AT3G54830.2	1758	1559	1.76539e-06	3.70027e-07
AT3G54830.1	1775	1576	80	16.5872
AT3G09190.1	1489	1290	17	4.30623
AT3G05545.1	2138	1939	259	43.6476
AT1G56540.2	3684	3485	0	0
AT1G56540.1	3559	3360	14	1.36153
AT2G37390.2	978	779	28.5299	11.9674
AT2G37390.1	1580	1381	11.4701	2.71401
AT2G06050.2	1510	1311	0	0
AT2G06050.1	1563	1364	72.99	17.4859
AT2G06050.3	1264	1065	16.01	4.91226
AT3G20920.2	1335	1136	4.55142e-05	1.3092e-05
AT3G20920.1	1338	1139	135	38.7301
AT4G28600.1	2927	2728	143	17.1289
AT4G28600.2	3064	2865	0	0
AT4G28600.3	2942	2743	0	0
AT1G80290.1	1904	1705	20.4436	3.91807
AT1G80290.2	1070	871	10.5564	3.96036
AT2G47560.1	1012	813	38	15.2732
AT3G17140.1	339	140	0	0
AT3G24110.2	1048	849	0	0
AT3G24110.1	967	768	6	2.55287
AT1G29890.2	1901	1702	0	0
AT1G29890.1	1906	1707	122.444	23.4391
AT1G29890.3	2440	2241	54.5562	7.955
AT3G05660.1	3191	2992	14	1.52899
AT2G16130.1	1878	1679	0	0
AT5G63820.1	678	479	3	2.04656
AT1G53340.1	2112	1913	12.8084	2.18785
AT1G53340.2	2243	2044	0	0
AT1G53340.3	2149	1950	0	0
ATCG00160.1	711	512	7	4.46752
AT1G69430.1	1660	1461	2	0.44732
AT5G50000.1	1760	1561	236.845	49.5793
AT5G50000.2	1957	1758	12.1547	2.25924
AT2G04031.1	624	425	0	0
AT3G06130.1	2080	1881	120.522	20.937
AT3G06130.2	1643	1444	23.4783	5.31297
AT5G62750.1	896	697	0	0
AT3G63400.2	1535	1336	0	0
AT3G63400.3	2103	1904	54.3383	9.32561
AT3G63400.4	2138	1939	5.80383	0.978081
AT3G63400.1	2084	1885	84.8579	14.7102
AT1G19715.3	1925	1726	1.22491e-07	2.31901e-08
AT1G19715.2	2128	1929	72.4768	12.2774
AT1G19715.1	2130	1931	259.523	43.917
AT1G55580.1	1980	1781	6	1.10084
AT1G53903.1	876	677	0	0
AT3G02740.2	1974	1775	0	0
AT3G02740.1	1742	1543	114	24.1422
AT5G66420.2	2675	2476	206.526	27.256
AT5G66420.1	2749	2550	17.4738	2.23916
AT5G66420.3	1989	1790	0	0
AT4G15562.1	674	475	0	0
AT3G48480.1	1349	1150	10	2.84145
AT3G55660.2	2221	2022	0	0
AT3G55660.1	2155	1956	68	11.36
AT1G33250.1	2419	2220	145	21.3429
AT1G74000.1	1340	1141	12	3.43664
AT5G65470.1	2166	1967	320	53.1599
AT1G31760.1	1434	1235	12	3.17507
AT3G17420.1	2063	1864	97	17.0045
AT3G08780.2	1498	1299	8.45642	2.12724
AT3G08780.1	1363	1164	62.5436	17.5577
AT5G20560.1	1156	957	0	0
AT2G37260.3	1438	1239	0.0013243	0.000349263
AT2G37260.2	1290	1091	6.28886	1.88359
AT2G37260.1	1856	1657	11.7098	2.30922
AT5G54610.1	1669	1470	2	0.444581
AT3G27970.1	1360	1161	8	2.25163
AT4G13550.2	2821	2622	88.5959	11.0413
AT4G13550.3	2917	2718	0	0
AT4G13550.1	2651	2452	14.4041	1.91958
AT1G04850.2	1665	1466	0	0
AT1G04850.1	1669	1470	322	71.5776
AT4G03340.1	2100	1901	9	1.54703
AT4G03340.2	1893	1694	0	0
AT1G12790.1	1527	1328	5	1.2303
AT4G34640.2	1558	1359	85.1017	20.4624
AT4G34640.1	1902	1703	335.898	64.4513
AT4G31690.1	892	693	0	0
AT3G56520.1	528	329	0	0
AT1G24575.1	732	533	12	7.35686
AT4G10925.3	1192	993	17.5338	5.76987
AT4G10925.2	1210	1011	1.9377e-08	6.26289e-09
AT4G10925.4	1325	1126	8.46617	2.4569
AT4G10925.5	1221	1022	0	0
AT4G10925.1	1213	1014	0	0
AT4G31950.1	1650	1451	1.05767	0.238189
AT5G51680.1	1455	1256	20.0182	5.20803
AT1G67260.1	1080	881	0	0
AT1G67260.2	1751	1552	0	0
AT1G67260.3	1685	1486	0	0
AT3G44560.3	1864	1665	0	0
AT3G44560.2	1920	1721	0	0
AT3G44560.1	1755	1556	1	0.210005
AT1G26760.1	1792	1593	21	4.30766
AT1G05250.1	1492	1293	230	58.1256
AT2G22320.1	336	137	0	0
AT3G55380.1	1345	1146	23.0517	6.5729
AT3G55380.2	997	798	42.9483	17.5866
AT2G16953.1	195	14.9308	0	0
AT4G35440.1	2561	2362	52	7.19386
AT4G35440.2	2661	2462	0	0
AT3G52460.1	1366	1167	7	1.96004
AT4G26240.1	1288	1089	37.7846	11.3377
AT5G66440.1	1258	1059	36	11.1082
AT4G02725.2	2898	2699	0	0
AT4G02725.1	2686	2487	259.228	34.06
AT1G14315.1	672	473	0	0
AT1G14315.2	912	713	0	0
AT5G57625.1	935	736	56	24.8627
AT1G47900.2	3385	3186	0.020798	0.00213312
AT1G47900.3	3452	3253	69.6547	6.99688
AT1G47900.1	3757	3558	128.325	11.7853
AT2G27700.1	1440	1241	0	0
AT2G27700.2	1443	1244	0	0
AT1G02010.3	2705	2506	35.2955	4.60231
AT1G02010.2	2161	1962	7.15046	1.19089
AT1G02010.5	2634	2435	16.6125	2.22933
AT1G02010.1	2803	2604	0	0
AT1G02010.6	1961	1762	5.94161	1.10189
AT1G02010.4	2640	2441	0	0
AT5G29054.1	102	4.33389	0	0
AT1G75310.2	4728	4529	87.0182	6.27836
AT1G75310.1	4550	4351	14.9818	1.12516
AT5G67570.1	2471	2272	52	7.47882
AT2G46225.1	1310	1111	132	38.8238
AT2G46225.2	1403	1204	0	0
AT2G46225.3	1232	1033	0	0
AT5G18730.1	2407	2208	6	0.887954
AT1G80870.1	2500	2301	59	8.37864
AT4G23670.1	1121	922	555	196.698
AT4G26560.1	759	560	1	0.583513
AT1G05430.1	1176	977	82	27.4257
AT4G29810.2	1441	1242	115.338	30.3453
AT4G29810.1	1571	1372	31.6615	7.54078
AT4G29810.3	1485	1286	0	0
AT3G02780.2	1297	1098	221.499	65.9184
AT3G02780.1	1890	1691	245.238	47.3895
AT1G75550.1	777	578	6.54681	3.70118
AT1G75550.2	920	721	1.45319	0.658607
AT1G71890.1	1863	1664	7	1.37462
AT5G15420.1	605	406	0	0
AT5G06020.1	456	257	0	0
AT3G15251.1	114	4.78619	0	0
AT2G37678.2	1008	809	0	0
AT2G37678.1	977	778	19	7.98017
AT3G56070.1	1102	903	160.106	57.9374
AT3G56070.2	961	762	104.894	44.9813
AT1G08080.1	924	725	0	0
AT1G04310.1	2572	2373	13.8984	1.91383
AT1G04310.2	2464	2265	36.1016	5.20831
AT4G23200.2	2334	2135	28	4.28547
AT4G23200.1	2432	2233	0	0
AT1G69460.1	1107	908	193	69.456
AT1G57800.1	2107	1908	0	0
AT1G57800.2	2119	1920	0	0
AT1G52200.2	1366	1167	94.9893	26.5976
AT1G52200.1	1425	1226	34.0107	9.06491
AT1G26670.1	1219	1020	112	35.8803
AT1G34855.1	576	377	0	0
AT4G31660.1	1173	974	0	0
AT3G49770.1	904	705	0	0
AT2G15080.1	3639	3440	7.17639	0.681688
AT2G15080.2	3309	3110	20.8236	2.18793
AT1G73360.1	3506	3307	32	3.16194
AT1G16360.2	1297	1098	0	0
AT1G16360.3	1459	1260	0	0
AT1G16360.5	1338	1139	0	0
AT1G16360.4	1368	1169	0	0
AT1G16360.1	1203	1004	1	0.325465
AT1G10225.1	535	336	0	0
AT3G57080.1	1427	1228	51	13.5709
AT3G13820.1	1396	1197	0	0
AT2G24490.1	1473	1274	81.5403	20.9142
AT2G24490.2	1897	1698	7.45966	1.43556
AT1G62895.1	261	62.0706	0	0
AT1G79700.4	868	669	4.52159	2.20853
AT1G79700.1	1082	883	10.2307	3.78602
AT1G79700.3	1241	1042	4.24771	1.33206
AT1G79700.2	1154	955	0	0
AT2G46620.1	2081	1882	80	13.8902
AT3G46920.2	3633	3434	0	0
AT3G46920.1	3477	3278	36	3.58866
AT2G43750.1	1664	1465	52.6347	11.7401
AT2G43750.2	1497	1298	981.569	247.107
AT2G16970.5	1319	1120	0	0
AT2G16970.2	1640	1441	0	0
AT2G16970.4	1556	1357	0	0
AT2G16970.7	1682	1483	0	0
AT2G16970.3	1569	1370	4	0.954064
AT2G16970.6	1282	1083	0	0
AT2G16970.8	1236	1037	2.72715e-06	8.59348e-07
AT2G16970.1	1520	1321	0	0
AT1G15250.2	626	427	56	42.8547
AT1G15250.1	642	443	0	0
AT3G63470.1	1872	1673	35	6.83613
AT1G56233.1	335	136	0	0
AT1G15210.1	4849	4650	401	28.1793
AT3G09680.1	661	462	4.18976	2.96337
AT4G29180.3	3117	2918	0.448391	0.0502123
AT4G29180.1	2939	2740	0	0
AT4G29180.2	3108	2909	15.5516	1.74691
AT5G27680.6	3178	2979	29.8859	3.27819
AT5G27680.1	3492	3293	0	0
AT5G27680.4	3382	3183	0	0
AT5G27680.5	3205	3006	0	0
AT5G27680.3	3487	3288	7.23276	0.718804
AT5G27680.2	3588	3389	0.88136	0.0849807
AT4G19380.2	2513	2314	0	0
AT4G19380.1	2367	2168	93	14.0172
AT5G61960.7	3607	3408	0.000152707	1.46419e-05
AT5G61960.4	3725	3526	0	0
AT5G61960.8	3530	3331	0	0
AT5G61960.3	3816	3617	0	0
AT5G61960.1	4032	3833	140.579	11.9845
AT5G61960.11	3391	3192	0	0
AT5G61960.6	3632	3433	3.46623e-08	3.2993e-09
AT5G61960.9	3495	3296	0	0
AT5G61960.5	3711	3512	0	0
AT5G61960.10	3410	3211	363.051	36.9458
AT5G61960.2	3723	3524	13.3695	1.23971
AT5G46260.1	4166	3967	16.5216	1.36091
AT2G32710.1	2391	2192	6.78797	1.0119
AT2G32710.2	1482	1283	64.3939	16.4005
AT3G10210.1	1187	988	29.4451	9.73855
AT4G27830.1	1842	1643	65.9562	13.1177
AT4G27830.2	1601	1402	70.5952	16.4538
AT1G71390.1	2453	2254	0	0
AT1G71390.2	2575	2376	0	0
AT3G28960.5	1730	1531	9.97148	2.12825
AT3G28960.2	1891	1692	0	0
AT3G28960.3	1501	1302	0	0
AT3G28960.4	1270	1071	0.0285187	0.0087012
AT3G28960.1	1318	1119	0	0
AT1G65630.1	1761	1562	0	0
AT3G03272.1	781	582	0	0
AT4G27340.1	2220	2021	62	10.0245
AT4G27340.2	1880	1681	0	0
AT4G27340.3	2046	1847	0	0
AT1G76280.1	2889	2690	0.0703146	0.00854145
AT1G76280.3	2472	2273	0	0
AT1G76280.5	2985	2786	65.9719	7.73777
AT1G76280.2	3066	2867	0	0
AT1G76280.4	3218	3019	12.9578	1.40251
AT5G03560.2	2202	2003	0	0
AT5G03560.1	1135	936	26.9786	9.41849
AT5G03560.4	1434	1235	9.95124	2.63299
AT5G03560.3	1847	1648	23.0702	4.57438
AT1G69810.1	1593	1394	68	15.9399
AT1G69810.2	1940	1741	0	0
AT1G72450.1	1604	1405	69.4606	16.1548
AT1G72450.2	1786	1587	6.53942	1.34648
AT1G66852.1	333	134	0	0
AT5G23000.1	1399	1200	5	1.36153
AT2G26900.1	1906	1707	586	112.177
AT4G08039.1	210	20.9285	0	0
AT2G38310.1	1439	1240	483	127.281
AT4G13720.2	1053	854	6.62016	2.53308
AT4G13720.1	924	725	81.3798	36.679
AT5G50110.2	1146	947	0	0
AT5G50110.1	1087	888	36	13.2473
AT3G03305.1	2493	2294	81.3352	11.5857
AT5G66670.1	1890	1691	2	0.386478
AT5G66670.3	1973	1774	0	0
AT5G66670.4	1660	1461	0	0
AT5G66670.2	1632	1433	0	0
AT5G04950.1	1399	1200	563	153.308
AT3G16830.1	3909	3710	360	31.7079
AT5G20470.1	1814	1615	7.89112	1.59663
AT1G56250.1	1276	1077	2	0.60681
AT2G21930.2	1500	1301	0	0
AT2G21930.1	1401	1202	0	0
AT3G53910.1	327	128	0	0
AT4G25090.2	2775	2576	27.8852	3.53726
AT4G25090.1	3019	2820	23.1148	2.67842
AT2G18870.1	720	521	0	0
AT4G32710.1	2794	2595	91	11.4589
AT3G46440.2	1735	1536	58.7424	12.4968
AT3G46440.1	1646	1447	85.2576	19.2532
AT3G48330.1	1024	825	20.2681	8.02782
AT3G48330.4	871	672	14.7326	7.1639
AT3G48330.3	1038	839	2.99926	1.16813
AT3G48330.2	788	589	3.76829e-07	2.09059e-07
AT5G35715.1	1522	1323	0	0
AT5G41908.1	471	272	0	0
AT2G21390.1	4284	4085	1068.47	85.4693
AT1G45223.1	580	381	0	0
AT4G16955.1	902	703	12.1315	5.63896
AT3G25717.1	570	371	42	36.9925
AT5G62260.2	1922	1723	0	0
AT5G62260.1	1839	1640	42.9988	8.56743
AT5G62260.3	1854	1655	0.00124191	0.000245207
AT4G26490.1	1032	833	16	6.27644
AT5G46240.1	3021	2822	75	8.68446
AT3G51870.1	1547	1348	91	22.0592
AT4G29950.2	3102	2903	56.7899	6.39238
AT4G29950.1	3200	3001	108.927	11.8606
AT4G29950.3	3071	2872	42.2835	4.81088
AT3G18310.1	2870	2671	33	4.03718
AT5G07360.2	2311	2112	1.51101e-07	2.33783e-08
AT5G07360.1	2480	2281	22.3627	3.2036
AT5G07360.3	2378	2179	64.6373	9.69313
AT4G08535.2	1414	1215	0	0
AT4G08535.3	1132	933	0	0
AT4G08535.1	1518	1319	0	0
AT5G15008.1	165	8.64817	0	0
AT5G41480.1	1856	1657	35	6.90214
AT1G71695.1	1480	1281	194	49.487
AT1G58983.1	1223	1024	1572	501.638
AT1G12980.1	1248	1049	4	1.24601
AT3G07950.1	1392	1193	113	30.9511
AT4G03450.1	2249	2050	0	0
AT4G03450.2	2088	1889	1	0.172984
AT1G78930.1	2266	2067	12	1.89705
AT3G18710.1	1965	1766	52	9.62168
AT4G25880.3	2949	2750	0	0
AT4G25880.1	3211	3012	6.97334e-07	7.56526e-08
AT4G25880.5	2890	2691	121.602	14.766
AT4G25880.2	3012	2813	61.5295	7.14747
AT4G25880.4	2907	2708	19.8689	2.39753
AT1G30814.3	1153	954	0	0
AT1G30814.2	1589	1390	0	0
AT1G30814.4	1466	1267	0	0
AT1G30814.1	1511	1312	0	0
AT2G43120.1	1355	1156	0	0
AT2G43120.2	1338	1139	86	24.6725
AT5G16970.1	1441	1242	225.795	59.4062
AT4G32100.1	369	170	0	0
